50
181
428
126
611
712
254
249
164
790
275
204
974
922
580
203
346
165
467
603
498
779
646
924
318
95
658
92
87
710
468
662
891
127
317
617
192
183
593
835
512
680
690
85
826
896
167
28
763
541
7
337
561
569
460
351
579
16
868
661
614
350
396
202
872
238
975
481
685
406
992
36
543
895
293
459
767
644
697
224
630
590
747
284
669
173
755
207
281
251
262
546
958
912
837
26
231
639
366
746
449
937
833
466
489
920
718
964
606
863
940
201
930
53
424
51
4
259
768
544
485
367
731
830
107
919
336
559
188
501
144
506
985
640
996
641
383
245
358
413
35
906
378
399
532
345
106
233
374
311
422
264
184
151
304
376
300
615
548
321
654
370
149
947
892
356
315
717
792
108
986
788
574
429
927
998
530
79
253
195
496
865
542
363
421
339
187
509
261
283
848
290
3
702
472
807
132
277
324
882
307
174
811
959
455
54
567
236
533
771
687
949
817
330
901
210
385
521
83
280
289
452
578
657
426
870
309
945
888
252
282
67
471
335
966
342
479
64
602
905
656
470
440
237
113
267
319
60
534
361
448
647
651
437
979
721
995
96
232
213
596
706
961
77
57
72
993
135
15
1
695
734
565
508
514
515
74
389
982
94
154
393
727
484
483
365
90
887
33
296
23
756
457
312
610
193
475
18
416
627
619
191
487
491
551
123
618
105
748
601
333
758
766
987
445
463
128
703
291
631
150
228
69
725
226
27
589
377
550
628
294
635
177
599
8
427
139
93
751
933
634
795
114
348
762
711
861
881
722
538
482
409
140
608
823
110
991
827
819
314
430
205
885
878
49
577
886
20
672
952
971
716
160
671
908
225
824
843
642
352
443
728
597
462
340
941
244
453
147
803
757
536
777
250
994
180
659
395
715
571
14
736
476
929
677
890
780
302
844
825
665
576
693
616
943
215
474
554
705
206
402
523
197
248
911
570
490
967
785
12
740
607
368
134
329
194
450
655
354
388
91
392
141
808
214
789
730
972
407
120
921
794
511
116
417
326
555
793
800
121
806
934
545
556
48
594
928
822
575
632
400
59
478
558
829
931
676
405
587
760
219
539
951
524
831
451
783
846
465
2
898
34
549
720
562
171
115
55
131
303
645
754
442
913
719
61
932
708
104
531
382
256
153
856
157
976
682
866
862
764
5
667
968
500
297
791
670
109
864
86
526
372
540
802
441
247
563
510
24
216
557
564
353
168
82
956
480
431
737
818
97
156
694
518
782
10
477
984
775
909
136
997
391
903
418
660
812
781
772
66
172
525
821
387
845
9
700
410
668
415
889
623
581
414
810
162
804
360
46
32
486
80
738
499
915
978
89
638
63
152
629
347
904
528
884
295
461
568
6
42
765
65
163
119
583
13
739
373
776
148
962
257
850
744
652
298
185
707
625
620
341
56
179
11
624
805
841
585
411
186
464
230
404
726
469
17
272
684
588
691
797
84
386
813
935
626
456
473
957
516
989
99
493
88
343
316
394
529
745
334
243
432
76
138
223
263
814
869
158
364
242
609
444
859
990
255
122
142
73
166
852
125
774
519
118
879
502
397
944
983
29
211
681
286
613
858
227
809
799
547
939
270
893
954
398
21
40
724
209
332
189
436
70
271
301
260
258
784
714
439
133
704
39
306
877
420
999
390
854
769
78
43
801
143
741
664
988
222
31
81
723
381
604
447
673
874
537
265
636
320
948
586
692
553
98
815
970
980
310
847
58
19
458
925
492
752
41
208
124
696
229
591
522
832
68
787
433
633
117
75
572
535
675
917
274
38
786
505
894
834
292
435
840
842
130
709
313
595
899
305
182
796
344
323
288
159
666
218
900
678
963
268
732
605
102
503
965
145
371
770
357
408
170
1000
25
637
598
688
327
328
955
434
735
750
566
111
217
973
379
331
359
239
425
299
836
960
729
221
552
507
855
155
375
560
689
946
423
851
234
612
273
592
820
497
100
175
649
438
643
276
713
37
520
235
349
880
176
266
876
849
517
923
860
838
759
875
902
938
584
220
287
44
686
936
52
338
674
698
622
308
816
527
355
278
907
749
178
112
369
246
839
648
22
950
857
969
953
325
867
981
873
916
871
241
926
169
621
240
380
828
494
742
47
45
101
269
488
362
753
495
200
419
663
701
454
285
743
733
403
412
137
146
883
384
513
699
190
196
910
573
761
582
198
161
942
212
30
853
679
322
446
977
103
798
918
897
683
71
62
129
650
279
600
778
914
504
401
199
773
653