27.0 17.0 103.0 22.0 106.0 47.0 30.0 45.0 text 0
107.0 20.0 159.0 26.0 159.0 48.0 109.0 47.0 text 0
161.0 26.0 198.0 27.0 199.0 51.0 163.0 51.0 text 0
201.0 28.0 251.0 31.0 251.0 48.0 201.0 46.0 text 0
35.0 52.0 97.0 51.0 100.0 76.0 39.0 79.0 text 0
101.0 55.0 140.0 53.0 143.0 80.0 103.0 81.0 text 0
141.0 55.0 181.0 53.0 183.0 77.0 144.0 79.0 text 0
182.0 51.0 205.0 52.0 205.0 76.0 185.0 77.0 text 0
41.0 83.0 148.0 77.0 151.0 103.0 45.0 113.0 text 0
152.0 82.0 198.0 80.0 199.0 99.0 153.0 101.0 text 0
