790.0 302.0 903.0 304.0 902.0 335.0 790.0 335.0 text 0
822.0 288.0 872.0 286.0 871.0 298.0 823.0 300.0 text 0
641.0 138.0 657.0 139.0 657.0 151.0 641.0 151.0 text 0
669.0 139.0 693.0 140.0 693.0 154.0 669.0 153.0 text 0
700.0 141.0 723.0 142.0 723.0 155.0 701.0 154.0 text 0
637.0 101.0 721.0 106.0 722.0 115.0 637.0 110.0 text 0
668.0 157.0 693.0 158.0 693.0 170.0 668.0 170.0 text 0
636.0 155.0 661.0 156.0 662.0 169.0 636.0 168.0 text 0
660.0 82.0 700.0 85.0 700.0 99.0 660.0 96.0 text 0
925.0 252.0 973.0 254.0 973.0 262.0 925.0 262.0 text 0
789.0 284.0 818.0 284.0 818.0 297.0 789.0 297.0 text 0
875.0 286.0 902.0 289.0 903.0 298.0 875.0 298.0 text 0
791.0 337.0 863.0 337.0 863.0 364.0 791.0 364.0 text 0
794.0 445.0 818.0 445.0 818.0 473.0 794.0 473.0 text 0
922.0 440.0 962.0 442.0 963.0 462.0 922.0 463.0 text 0
924.0 476.0 967.0 476.0 968.0 489.0 924.0 491.0 text 0
924.0 505.0 962.0 506.0 965.0 518.0 923.0 519.0 text 0
847.0 524.0 887.0 524.0 887.0 555.0 847.0 555.0 text 0
791.0 474.0 822.0 474.0 822.0 500.0 791.0 500.0 text 0
780.0 582.0 910.0 576.0 909.0 583.0 780.0 588.0 text 0
854.0 456.0 902.0 455.0 902.0 465.0 854.0 467.0 text 0
854.0 467.0 903.0 467.0 903.0 480.0 854.0 480.0 text 0
