0 0.314844 0.126389 0.338281 0.122222 0.339062 0.138889 0.315625 0.141667
0 0.340625 0.120833 0.356250 0.120833 0.356250 0.136111 0.340625 0.136111
0 0.371094 0.116667 0.382812 0.115278 0.384375 0.127778 0.371875 0.127778
0 0.384375 0.112500 0.412500 0.106944 0.413281 0.123611 0.385937 0.127778
0 0.528125 0.084722 0.559375 0.079167 0.559375 0.093056 0.528125 0.098611
0 0.557813 0.076389 0.586719 0.072222 0.586719 0.086111 0.557813 0.090278
0 0.586719 0.073611 0.611719 0.069444 0.611719 0.083333 0.586719 0.087500
0 0.612500 0.066667 0.635938 0.063889 0.635156 0.076389 0.611719 0.077778
0 0.168750 0.315278 0.207031 0.305556 0.210156 0.320833 0.171875 0.330556
0 0.175000 0.331944 0.207031 0.326389 0.209375 0.340278 0.176563 0.345833
0 0.644531 0.061111 0.725000 0.044444 0.725000 0.056944 0.644531 0.075000
0 0.784375 0.168056 0.814844 0.163889 0.814844 0.208333 0.784375 0.213889
0 0.783594 0.213889 0.815625 0.208333 0.815625 0.223611 0.783594 0.230556
0 0.776563 0.406944 0.798438 0.402778 0.799219 0.443056 0.776563 0.448611
