0 0.908594 0.422222 0.929688 0.420833 0.930469 0.436111 0.910156 0.437500
0 0.900000 0.543056 0.913281 0.538889 0.917188 0.556944 0.907813 0.559722
0 0.853906 0.426389 0.873437 0.425000 0.876563 0.443056 0.854688 0.445833
0 0.889062 0.523611 0.900000 0.518056 0.900000 0.540278 0.889844 0.537500
0 0.915625 0.540278 0.937500 0.537500 0.944531 0.554167 0.917188 0.559722
0 0.928125 0.563889 0.960938 0.556944 0.962500 0.583333 0.926562 0.587500
0 0.863281 0.498611 0.882031 0.497222 0.882812 0.511111 0.864062 0.512500
0 0.852344 0.404167 0.870313 0.402778 0.871875 0.416667 0.853906 0.418056
0 0.875000 0.400000 0.890625 0.400000 0.891406 0.416667 0.875781 0.416667
0 0.891406 0.400000 0.917188 0.400000 0.917969 0.416667 0.892188 0.416667
0 0.910156 0.284722 0.943750 0.283333 0.947656 0.313889 0.914062 0.315278
0 0.946875 0.281944 0.995313 0.279167 0.996875 0.320833 0.953125 0.325000
0 0.843750 0.352778 0.910156 0.347222 0.916406 0.388889 0.849219 0.394444
0 0.857031 0.450000 0.877344 0.448611 0.879687 0.463889 0.859375 0.465278
0 0.880469 0.450000 0.900781 0.450000 0.901563 0.462500 0.881250 0.462500
0 0.860156 0.473611 0.878906 0.473611 0.880469 0.487500 0.862500 0.488889
0 0.877344 0.425000 0.908594 0.422222 0.909375 0.438889 0.878125 0.440278
0 0.928906 0.419444 0.935156 0.419444 0.937500 0.437500 0.930469 0.437500
0 0.935937 0.420833 0.957812 0.419444 0.958594 0.436111 0.936719 0.437500
0 0.882031 0.472222 0.905469 0.472222 0.906250 0.487500 0.882812 0.487500
0 0.905469 0.470833 0.927344 0.469444 0.928125 0.484722 0.906250 0.484722
0 0.927344 0.468056 0.948438 0.466667 0.949219 0.481944 0.928125 0.483333
0 0.949219 0.465278 0.986719 0.462500 0.987500 0.481944 0.950000 0.483333
0 0.886719 0.495833 0.914844 0.494444 0.915625 0.511111 0.887500 0.512500
0 0.914844 0.493056 0.932813 0.493056 0.932813 0.509722 0.915625 0.509722
0 0.900781 0.518056 0.943750 0.513889 0.944531 0.531944 0.901563 0.536111
