0 0.021094 0.023611 0.080469 0.030556 0.082812 0.065278 0.023438 0.062500
0 0.083594 0.027778 0.124219 0.036111 0.124219 0.066667 0.085156 0.065278
0 0.125781 0.036111 0.154688 0.037500 0.155469 0.070833 0.127344 0.070833
0 0.157031 0.038889 0.196094 0.043056 0.196094 0.066667 0.157031 0.063889
0 0.027344 0.072222 0.075781 0.070833 0.078125 0.105556 0.030469 0.109722
0 0.078906 0.076389 0.109375 0.073611 0.111719 0.111111 0.080469 0.112500
0 0.110156 0.076389 0.141406 0.073611 0.142969 0.106944 0.112500 0.109722
0 0.142187 0.070833 0.160156 0.072222 0.160156 0.105556 0.144531 0.106944
0 0.032031 0.115278 0.115625 0.106944 0.117969 0.143056 0.035156 0.156944
0 0.118750 0.113889 0.154688 0.111111 0.155469 0.137500 0.119531 0.140278
