0 0.095312 0.594444 0.127344 0.590278 0.125000 0.613889 0.092969 0.618056
0 0.895312 0.145833 0.953125 0.127778 0.968750 0.187500 0.910937 0.205556
0 0.074219 0.309722 0.104688 0.305556 0.103125 0.329167 0.072656 0.333333
0 0.032813 0.344444 0.060156 0.333333 0.062500 0.384722 0.035156 0.395833
0 0.063281 0.337500 0.132031 0.330556 0.125000 0.384722 0.062500 0.379167
0 0.053906 0.250000 0.110937 0.240278 0.108594 0.300000 0.051562 0.309722
0 0.051562 0.312500 0.075781 0.305556 0.075000 0.337500 0.050781 0.344444
0 0.062500 0.568056 0.083594 0.569444 0.084375 0.590278 0.063281 0.588889
0 0.259375 0.202778 0.317969 0.194444 0.318750 0.218056 0.260156 0.226389
0 0.052344 0.604167 0.065625 0.604167 0.067969 0.618056 0.053906 0.619444
0 0.068750 0.595833 0.091406 0.595833 0.091406 0.618056 0.067969 0.618056
0 0.020313 0.434722 0.046094 0.437500 0.044531 0.458333 0.018750 0.456944
0 0.060156 0.458333 0.095312 0.458333 0.095312 0.483333 0.060156 0.483333
0 0.114062 0.423611 0.138281 0.425000 0.140625 0.451389 0.117188 0.450000
0 0.115625 0.500000 0.139063 0.501389 0.139844 0.527778 0.117188 0.526389
0 0.022656 0.498611 0.046094 0.500000 0.049219 0.525000 0.025781 0.523611
