0 0.002344 0.220833 0.010937 0.220833 0.011719 0.238889 0.000781 0.243056
0 0.226562 0.079167 0.260156 0.059722 0.262500 0.070833 0.228125 0.093056
0 0.628906 0.323611 0.821875 0.244444 0.829688 0.293056 0.636719 0.372222
0 0.870313 0.129167 0.900781 0.113889 0.904687 0.133333 0.874219 0.148611
0 0.027344 0.387500 0.053906 0.370833 0.053125 0.401389 0.027344 0.416667
0 0.286719 0.283333 0.319531 0.266667 0.320312 0.284722 0.287500 0.301389
0 0.724219 0.201389 0.850000 0.143056 0.859375 0.166667 0.721094 0.227778
0 0.256250 0.266667 0.292969 0.245833 0.295312 0.273611 0.258594 0.293056
0 0.221875 0.040278 0.287500 0.001389 0.292969 0.012500 0.225781 0.052778
0 0.223438 0.061111 0.284375 0.026389 0.285938 0.036111 0.223438 0.073611
0 0.228125 0.098611 0.244531 0.090278 0.249219 0.100000 0.228906 0.112500
0 0.010937 0.244444 0.029687 0.227778 0.034375 0.247222 0.012500 0.266667
0 0.014063 0.255556 0.045312 0.236111 0.053906 0.261111 0.015625 0.288889
0 0.010156 0.215278 0.043750 0.194444 0.046875 0.216667 0.011719 0.234722
0 0.228906 0.131944 0.291406 0.090278 0.296094 0.131944 0.231250 0.166667
0 0.292969 0.361111 0.395313 0.319444 0.396094 0.347222 0.296094 0.393056
0 0.321875 0.387500 0.371094 0.359722 0.371094 0.388889 0.327344 0.404167
0 0.828125 0.238889 0.932813 0.186111 0.946875 0.251389 0.837500 0.301389
0 0.872656 0.147222 0.908594 0.130556 0.913281 0.147222 0.868750 0.166667
0 0.486719 0.036111 0.521094 0.033333 0.522656 0.052778 0.488281 0.054167
