0 0.897656 0.193056 0.996094 0.177778 0.995313 0.211111 0.896875 0.225000
0 0.905469 0.229167 0.986719 0.225000 0.988281 0.261111 0.907031 0.263889
0 0.284375 0.059722 0.310937 0.045833 0.315625 0.062500 0.289062 0.076389
0 0.310937 0.044444 0.339062 0.030556 0.343750 0.045833 0.315625 0.061111
0 0.340625 0.029167 0.364844 0.015278 0.368750 0.031944 0.345313 0.045833
0 0.367969 0.015278 0.392188 0.001389 0.396875 0.018056 0.372656 0.033333
0 0.144531 0.134722 0.198437 0.105556 0.202344 0.116667 0.148438 0.145833
0 0.204687 0.105556 0.210156 0.100000 0.212500 0.108333 0.207813 0.115278
0 0.217188 0.098611 0.221094 0.093056 0.225000 0.104167 0.220312 0.109722
0 0.228125 0.090278 0.233594 0.086111 0.238281 0.098611 0.232813 0.102778
0 0.242188 0.083333 0.246875 0.080556 0.250781 0.094444 0.245312 0.097222
0 0.254688 0.076389 0.260156 0.073611 0.264062 0.084722 0.258594 0.087500
0 0.267188 0.072222 0.275000 0.063889 0.279687 0.079167 0.271875 0.086111
0 0.337500 0.604167 0.344531 0.602778 0.345313 0.620833 0.338281 0.623611
0 0.158594 0.308333 0.175000 0.304167 0.177344 0.329167 0.160938 0.331944
0 0.163281 0.331944 0.178125 0.330556 0.180469 0.351389 0.165625 0.354167
0 0.167187 0.359722 0.184375 0.358333 0.185156 0.373611 0.167969 0.375000
0 0.158594 0.354167 0.166406 0.354167 0.167187 0.365278 0.160156 0.365278
0 0.050000 0.179167 0.062500 0.173611 0.069531 0.188889 0.057031 0.194444
