0 0.399219 0.633333 0.521094 0.627778 0.521094 0.672222 0.399219 0.677778
0 0.526563 0.629167 0.620313 0.626389 0.621094 0.675000 0.527344 0.677778
0 0.813281 0.258333 0.874219 0.262500 0.873437 0.312500 0.812500 0.308333
0 0.810937 0.311111 0.849219 0.312500 0.848437 0.348611 0.810937 0.345833
0 0.851562 0.312500 0.867188 0.313889 0.867188 0.347222 0.851562 0.345833
0 0.210938 0.559722 0.246094 0.559722 0.244531 0.609722 0.209375 0.608333
0 0.884375 0.261111 0.951562 0.258333 0.935156 0.316667 0.881250 0.309722
0 0.869531 0.315278 0.929688 0.316667 0.929688 0.350000 0.869531 0.348611
0 0.508594 0.363889 0.522656 0.363889 0.522656 0.379167 0.508594 0.377778
0 0.495312 0.377778 0.537500 0.379167 0.538281 0.394444 0.496094 0.394444
0 0.494531 0.398611 0.538281 0.398611 0.538281 0.412500 0.494531 0.412500
0 0.561719 0.366667 0.573438 0.366667 0.574219 0.377778 0.561719 0.377778
0 0.574219 0.365278 0.601562 0.365278 0.601562 0.380556 0.574219 0.380556
0 0.557031 0.380556 0.568750 0.379167 0.568750 0.394444 0.557031 0.394444
0 0.567969 0.380556 0.604688 0.379167 0.605469 0.394444 0.569531 0.394444
0 0.560937 0.398611 0.600781 0.397222 0.600781 0.413889 0.560937 0.415278
0 0.619531 0.366667 0.630469 0.365278 0.630469 0.377778 0.619531 0.377778
0 0.630469 0.365278 0.671094 0.366667 0.671094 0.380556 0.630469 0.379167
0 0.623437 0.380556 0.664844 0.381944 0.664844 0.398611 0.623437 0.397222
0 0.622656 0.400000 0.667969 0.400000 0.667969 0.418056 0.622656 0.416667
0 0.802344 0.598611 0.823438 0.598611 0.825000 0.622222 0.803906 0.620833
0 0.825000 0.601389 0.833594 0.604167 0.833594 0.620833 0.825000 0.619444
0 0.835938 0.601389 0.849219 0.601389 0.850000 0.619444 0.836719 0.619444
