0 0.523438 0.368056 0.532813 0.363889 0.535156 0.400000 0.525781 0.404167
0 0.418750 0.327778 0.447656 0.316667 0.450781 0.350000 0.421875 0.361111
0 0.377344 0.288889 0.392188 0.284722 0.402344 0.422222 0.387500 0.427778
0 0.401562 0.388889 0.415625 0.388889 0.421875 0.473611 0.408594 0.473611
0 0.392969 0.279167 0.405469 0.276389 0.414844 0.383333 0.402344 0.387500
0 0.389062 0.430556 0.402344 0.427778 0.406250 0.477778 0.392969 0.480556
0 0.950000 0.212500 0.976562 0.204167 0.978906 0.222222 0.952344 0.230556
0 0.376563 0.263889 0.392188 0.483333 0.378906 0.486111 0.363281 0.266667
0 0.979688 0.204167 0.994531 0.198611 0.997656 0.216667 0.982812 0.222222
0 0.956250 0.229167 0.991406 0.220833 0.992969 0.240278 0.957812 0.248611
0 0.429688 0.386111 0.461719 0.377778 0.463281 0.400000 0.431250 0.408333
0 0.425000 0.355556 0.460938 0.348611 0.463281 0.377778 0.427344 0.384722
0 0.519531 0.308333 0.528906 0.309722 0.532813 0.366667 0.523438 0.366667
0 0.517188 0.270833 0.526563 0.270833 0.528125 0.309722 0.518750 0.309722
0 0.526563 0.295833 0.535937 0.295833 0.540625 0.359722 0.532031 0.359722
0 0.569531 0.297222 0.587500 0.287500 0.592969 0.362500 0.574219 0.370833
0 0.597656 0.302778 0.610156 0.297222 0.616406 0.350000 0.603125 0.355556
0 0.614844 0.290278 0.625000 0.288889 0.628906 0.343056 0.619531 0.344444
0 0.279687 0.359722 0.332031 0.347222 0.331250 0.375000 0.278906 0.386111
0 0.532031 0.362500 0.539844 0.359722 0.542188 0.394444 0.534375 0.397222
0 0.952344 0.184722 0.991406 0.172222 0.992188 0.194444 0.953125 0.206944
0 0.941406 0.254167 0.996094 0.241667 0.999219 0.261111 0.944531 0.273611
