0 0.685937 0.680556 0.697656 0.683333 0.704688 0.770833 0.696094 0.769444
0 0.475781 0.841667 0.557031 0.845833 0.555469 0.866667 0.474219 0.862500
0 0.616406 0.576389 0.637500 0.579167 0.638281 0.655556 0.617188 0.654167
0 0.575781 0.458333 0.595313 0.456944 0.595313 0.493056 0.575781 0.493056
0 0.575781 0.437500 0.595313 0.437500 0.594531 0.456944 0.575781 0.455556
0 0.236719 0.704167 0.311719 0.713889 0.324219 0.795833 0.249219 0.786111
0 0.597656 0.469444 0.617969 0.469444 0.618750 0.491667 0.597656 0.491667
0 0.596875 0.427778 0.617969 0.429167 0.618750 0.465278 0.596875 0.463889
0 0.317188 0.902778 0.355469 0.905556 0.353125 0.920833 0.314844 0.919444
0 0.177344 0.688889 0.228125 0.687500 0.253125 0.786111 0.202344 0.787500
0 0.601562 0.852778 0.639844 0.854167 0.640625 0.875000 0.602344 0.873611
0 0.639844 0.854167 0.664844 0.854167 0.664844 0.875000 0.640625 0.875000
0 0.588281 0.904167 0.650781 0.905556 0.650000 0.922222 0.588281 0.920833
0 0.650000 0.895833 0.695312 0.898611 0.696094 0.919444 0.650781 0.918056
0 0.659375 0.952778 0.687500 0.954167 0.687500 0.979167 0.658594 0.977778
0 0.637500 0.952778 0.656250 0.954167 0.657031 0.976389 0.638281 0.975000
0 0.315625 0.323611 0.362500 0.279167 0.370312 0.320833 0.328125 0.376389
0 0.293750 0.622222 0.314844 0.531944 0.330469 0.533333 0.310156 0.623611
0 0.242969 0.619444 0.265625 0.531944 0.288281 0.533333 0.265625 0.622222
0 0.244531 0.552778 0.261719 0.554167 0.247656 0.602778 0.231250 0.600000
0 0.503906 0.487500 0.525000 0.487500 0.521094 0.565278 0.500000 0.565278
0 0.575781 0.573611 0.591406 0.575000 0.590625 0.613889 0.575781 0.613889
0 0.489063 0.501389 0.507031 0.501389 0.504687 0.547222 0.487500 0.545833
0 0.589844 0.573611 0.605469 0.575000 0.604688 0.665278 0.589844 0.663889
0 0.440625 0.470833 0.457031 0.463889 0.467969 0.543056 0.451562 0.548611
0 0.526563 0.429167 0.544531 0.429167 0.542969 0.488889 0.525781 0.488889
0 0.536719 0.368056 0.550781 0.369444 0.549219 0.430556 0.535156 0.430556
0 0.396875 0.486111 0.417187 0.479167 0.426563 0.562500 0.406250 0.569444
0 0.549219 0.486111 0.568750 0.484722 0.564844 0.544444 0.545312 0.545833
0 0.603906 0.886111 0.634375 0.887500 0.634375 0.905556 0.603906 0.904167
0 0.534375 0.487500 0.547656 0.487500 0.545312 0.562500 0.532031 0.562500
0 0.204687 0.827778 0.297656 0.836111 0.286719 0.856944 0.193750 0.848611
0 0.388281 0.897222 0.404687 0.897222 0.398438 0.938889 0.382031 0.938889
0 0.192969 0.861111 0.252344 0.870833 0.248438 0.893056 0.189844 0.881944
0 0.253125 0.873611 0.289062 0.876389 0.282813 0.895833 0.246094 0.893056
0 0.159375 0.940278 0.223438 0.954167 0.210938 0.976389 0.146875 0.962500
0 0.335938 0.831944 0.396875 0.837500 0.389844 0.850000 0.328906 0.844444
0 0.332031 0.858333 0.391406 0.861111 0.383594 0.879167 0.324219 0.876389
0 0.264062 0.486111 0.289844 0.483333 0.279687 0.526389 0.253906 0.529167
0 0.498437 0.316667 0.521875 0.320833 0.517188 0.381944 0.493750 0.377778
0 0.465625 0.666667 0.477344 0.666667 0.475781 0.806944 0.464062 0.806944
0 0.473438 0.877778 0.558594 0.879167 0.557813 0.904167 0.472656 0.902778
0 0.299219 0.945833 0.310156 0.950000 0.301563 0.997222 0.290625 0.993056
0 0.217188 0.908333 0.243750 0.915278 0.232813 0.937500 0.206250 0.930556
0 0.589844 0.951389 0.639062 0.954167 0.638281 0.973611 0.585938 0.968056
0 0.703906 0.668056 0.717187 0.669444 0.728125 0.768056 0.714844 0.766667
0 0.668750 0.681944 0.676562 0.683333 0.682031 0.723611 0.674219 0.722222
0 0.623437 0.675000 0.633594 0.675000 0.638281 0.705556 0.628906 0.705556
0 0.607812 0.675000 0.618750 0.675000 0.620313 0.704167 0.609375 0.704167
0 0.590625 0.677778 0.600000 0.676389 0.603125 0.702778 0.593750 0.704167
0 0.610156 0.704167 0.621875 0.704167 0.626563 0.755556 0.614062 0.755556
0 0.591406 0.705556 0.606250 0.705556 0.608594 0.755556 0.593750 0.755556
0 0.632812 0.768056 0.646094 0.768056 0.649219 0.820833 0.635938 0.820833
0 0.614844 0.769444 0.626563 0.762500 0.629687 0.818056 0.617969 0.825000
0 0.597656 0.769444 0.608594 0.766667 0.612500 0.822222 0.601562 0.825000
0 0.549219 0.750000 0.566406 0.747222 0.571875 0.812500 0.554688 0.815278
0 0.531250 0.759722 0.542969 0.761111 0.544531 0.811111 0.532813 0.809722
0 0.579688 0.770833 0.592969 0.772222 0.595313 0.813889 0.582031 0.812500
0 0.439844 0.676389 0.457031 0.680556 0.450781 0.755556 0.432812 0.751389
0 0.416406 0.718056 0.425781 0.716667 0.417187 0.811111 0.407813 0.812500
0 0.392969 0.737500 0.400781 0.737500 0.393750 0.804167 0.385937 0.804167
0 0.380469 0.733333 0.390625 0.733333 0.382031 0.805556 0.371094 0.805556
0 0.367188 0.706944 0.378125 0.705556 0.367969 0.768056 0.357812 0.769444
0 0.352344 0.761111 0.337500 0.756944 0.347656 0.701389 0.361719 0.706944
0 0.419531 0.569444 0.450781 0.569444 0.442188 0.643056 0.410938 0.643056
0 0.363281 0.548611 0.390625 0.552778 0.377344 0.641667 0.350000 0.637500
0 0.684375 0.480556 0.700781 0.481944 0.718750 0.630556 0.703125 0.629167
0 0.496094 0.377778 0.513281 0.377778 0.510938 0.429167 0.493750 0.429167
0 0.679688 0.380556 0.693750 0.451389 0.684375 0.454167 0.671094 0.383333
0 0.582031 0.311111 0.608594 0.312500 0.610156 0.372222 0.583594 0.370833
0 0.484375 0.708333 0.498437 0.702778 0.500781 0.800000 0.485938 0.805556
0 0.507812 0.705556 0.519531 0.704167 0.522656 0.806944 0.510938 0.808333
0 0.433594 0.245833 0.467969 0.238889 0.465625 0.251389 0.431250 0.258333
0 0.427344 0.270833 0.464062 0.263889 0.465625 0.284722 0.428906 0.291667
0 0.551562 0.377778 0.564844 0.376389 0.558594 0.418056 0.545312 0.419444
0 0.629687 0.379167 0.652344 0.375000 0.653125 0.416667 0.630469 0.420833
0 0.210938 0.295833 0.226562 0.298611 0.212500 0.336111 0.196875 0.333333
0 0.656250 0.425000 0.667969 0.426389 0.669531 0.490278 0.657813 0.488889
0 0.002344 0.761111 0.024219 0.705556 0.038281 0.705556 0.016406 0.761111
0 0.096875 0.841667 0.125000 0.755556 0.141406 0.761111 0.113281 0.847222
0 0.074219 0.861111 0.093750 0.805556 0.107031 0.806944 0.087500 0.862500
0 0.025000 0.991667 0.050781 0.911111 0.064844 0.915278 0.038281 0.995833
0 0.472656 0.293056 0.489844 0.294444 0.485156 0.348611 0.467969 0.347222
0 0.606250 0.266667 0.621875 0.265278 0.617188 0.308333 0.601562 0.309722
0 0.336719 0.430556 0.375000 0.383333 0.378906 0.404167 0.340625 0.452778
0 0.526563 0.658333 0.541406 0.658333 0.542188 0.745833 0.527344 0.745833
0 0.463281 0.915278 0.581250 0.926389 0.576562 0.951389 0.458594 0.940278
0 0.459375 0.950000 0.577344 0.955556 0.576562 0.979167 0.458594 0.973611
0 0.396094 0.837500 0.429688 0.840278 0.423438 0.854167 0.389844 0.851389
0 0.389844 0.869444 0.429688 0.869444 0.421875 0.884722 0.382031 0.884722
