0 0.510156 0.245833 0.576562 0.238889 0.575781 0.266667 0.509375 0.273611
0 0.578125 0.238889 0.604688 0.236111 0.605469 0.262500 0.578906 0.266667
0 0.535937 0.270833 0.582031 0.265278 0.582812 0.294444 0.536719 0.300000
0 0.593750 0.347222 0.625000 0.336111 0.625781 0.369444 0.596875 0.380556
0 0.621875 0.323611 0.651563 0.319444 0.655469 0.359722 0.625781 0.363889
0 0.529687 0.298611 0.542188 0.298611 0.543750 0.319444 0.531250 0.319444
0 0.544531 0.298611 0.558594 0.298611 0.559375 0.316667 0.545312 0.316667
0 0.559375 0.298611 0.590625 0.298611 0.590625 0.309722 0.559375 0.311111
0 0.589844 0.293056 0.607031 0.294444 0.606250 0.309722 0.589844 0.309722
0 0.605469 0.400000 0.641406 0.383333 0.643750 0.429167 0.607031 0.437500
0 0.772656 0.415278 0.864062 0.405556 0.867969 0.441667 0.777344 0.450000
0 0.784375 0.361111 0.856250 0.355556 0.857031 0.377778 0.785156 0.384722
