0 0.416406 0.095833 0.520312 0.083333 0.517188 0.129167 0.413281 0.141667
0 0.526563 0.066667 0.614844 0.056944 0.608594 0.125000 0.520312 0.134722
0 0.733594 0.194444 0.746094 0.194444 0.746875 0.208333 0.733594 0.208333
0 0.746875 0.191667 0.760938 0.191667 0.760938 0.205556 0.746875 0.205556
0 0.760156 0.187500 0.788281 0.186111 0.789062 0.200000 0.761719 0.202778
0 0.877344 0.125000 0.912500 0.122222 0.914062 0.136111 0.878906 0.138889
0 0.741406 0.208333 0.778125 0.202778 0.778906 0.219444 0.742188 0.225000
0 0.823438 0.247222 0.888281 0.247222 0.889062 0.258333 0.824219 0.258333
0 0.822656 0.255556 0.877344 0.258333 0.877344 0.266667 0.822656 0.263889
0 0.822656 0.288889 0.871094 0.283333 0.871094 0.293056 0.822656 0.297222
0 0.825781 0.300000 0.864844 0.295833 0.866406 0.305556 0.826562 0.308333
0 0.824219 0.306944 0.867969 0.305556 0.867969 0.313889 0.824219 0.313889
0 0.823438 0.316667 0.871094 0.313889 0.871094 0.319444 0.823438 0.323611
0 0.823438 0.333333 0.896094 0.327778 0.896875 0.336111 0.824219 0.341667
0 0.825781 0.343056 0.868750 0.341667 0.868750 0.348611 0.825781 0.350000
0 0.826562 0.350000 0.916406 0.343056 0.916406 0.352778 0.826562 0.359722
0 0.826562 0.358333 0.863281 0.355556 0.863281 0.365278 0.826562 0.368056
0 0.825781 0.365278 0.911719 0.363889 0.911719 0.372222 0.825781 0.375000
0 0.826562 0.377778 0.861719 0.376389 0.863281 0.384722 0.827344 0.386111
0 0.827344 0.384722 0.850781 0.383333 0.850781 0.391667 0.827344 0.393056
0 0.827344 0.394444 0.849219 0.394444 0.849219 0.401389 0.827344 0.401389
0 0.825781 0.405556 0.869531 0.400000 0.871094 0.408333 0.827344 0.413889
0 0.828906 0.413889 0.868750 0.412500 0.868750 0.416667 0.828906 0.419444
0 0.828906 0.423611 0.914844 0.419444 0.914844 0.425000 0.828906 0.427778
0 0.838281 0.429167 0.900000 0.427778 0.900000 0.431944 0.838281 0.434722
0 0.085156 0.261111 0.126562 0.255556 0.126562 0.269444 0.085938 0.275000
0 0.085938 0.276389 0.127344 0.266667 0.127344 0.279167 0.085938 0.287500
0 0.039062 0.337500 0.111719 0.323611 0.111719 0.337500 0.039062 0.350000
0 0.039062 0.348611 0.091406 0.340278 0.090625 0.350000 0.038281 0.358333
0 0.038281 0.356944 0.113281 0.344444 0.114062 0.355556 0.039062 0.366667
0 0.039062 0.368056 0.077344 0.361111 0.077344 0.372222 0.039062 0.380556
