0 0.707812 0.477778 0.800000 0.490278 0.798438 0.531944 0.705469 0.519444
0 0.585156 0.111111 0.613281 0.118056 0.610938 0.154167 0.582812 0.147222
0 0.615625 0.115278 0.655469 0.123611 0.653125 0.161111 0.614062 0.154167
0 0.657813 0.126389 0.691406 0.133333 0.689063 0.166667 0.655469 0.159722
0 0.691406 0.131944 0.709375 0.134722 0.707031 0.169444 0.689063 0.166667
0 0.534375 0.102778 0.575781 0.111111 0.571094 0.187500 0.529687 0.179167
0 0.583594 0.150000 0.610156 0.154167 0.608594 0.193056 0.582031 0.188889
0 0.802344 0.493056 0.865625 0.500000 0.864062 0.533333 0.800781 0.525000
0 0.700781 0.537500 0.864844 0.547222 0.852344 0.609722 0.688281 0.600000
0 0.903906 0.631944 0.923438 0.630556 0.920312 0.652778 0.901563 0.654167
0 0.873437 0.531944 0.999219 0.541667 0.998437 0.616667 0.853125 0.613889
0 0.685937 0.000000 0.767969 0.011111 0.764844 0.055556 0.675781 0.040278
0 0.519531 0.000000 0.576562 0.000000 0.575000 0.012500 0.519531 0.013889
0 0.583594 0.000000 0.627344 0.000000 0.625000 0.023611 0.579688 0.019444
0 0.636719 0.000000 0.676562 0.001389 0.674219 0.033333 0.632031 0.025000
0 0.921875 0.633333 0.925781 0.633333 0.924219 0.651389 0.921094 0.651389
0 0.925781 0.630556 0.990625 0.634722 0.989844 0.654167 0.925000 0.651389
