0 0.149219 0.398611 0.172656 0.402778 0.171875 0.426389 0.148438 0.423611
0 0.742188 0.404167 0.769531 0.408333 0.768750 0.436111 0.740625 0.431944
0 0.771094 0.404167 0.810937 0.405556 0.808594 0.436111 0.768750 0.434722
0 0.750000 0.525000 0.803125 0.547222 0.800781 0.580556 0.746875 0.559722
0 0.775000 0.362500 0.802344 0.365278 0.800781 0.393056 0.773438 0.390278
0 0.739062 0.565278 0.785937 0.588889 0.785937 0.626389 0.739062 0.602778
0 0.748437 0.368056 0.773438 0.368056 0.774219 0.393056 0.750000 0.393056
0 0.791406 0.587500 0.810937 0.598611 0.810156 0.640278 0.790625 0.629167
0 0.946875 0.445833 0.999219 0.451389 0.998437 0.509722 0.946094 0.504167
0 0.940625 0.516667 0.997656 0.531944 0.998437 0.587500 0.941406 0.572222
0 0.946094 0.645833 0.999219 0.672222 0.998437 0.705556 0.945312 0.680556
0 0.146875 0.436111 0.173437 0.434722 0.170313 0.461111 0.144531 0.462500
0 0.137500 0.493056 0.168750 0.486111 0.167969 0.525000 0.136719 0.533333
0 0.175781 0.413889 0.195312 0.412500 0.192969 0.437500 0.174219 0.438889
0 0.174219 0.447222 0.191406 0.444444 0.190625 0.465278 0.173437 0.468056
0 0.175781 0.473611 0.189844 0.473611 0.189062 0.495833 0.175000 0.495833
0 0.001563 0.381944 0.011719 0.381944 0.010156 0.418056 0.000000 0.418056
0 0.317969 0.429167 0.340625 0.433333 0.339062 0.441667 0.317188 0.437500
0 0.282031 0.423611 0.302344 0.427778 0.302344 0.437500 0.282031 0.433333
0 0.943750 0.580556 0.999219 0.597222 0.998437 0.658333 0.943750 0.638889
0 0.001563 0.319444 0.028125 0.330556 0.025781 0.361111 0.000781 0.351389
0 0.000781 0.436111 0.017969 0.436111 0.015625 0.476389 0.000000 0.479167
0 0.259375 0.404167 0.278906 0.402778 0.278906 0.430556 0.257812 0.430556
0 0.284375 0.405556 0.303125 0.404167 0.301563 0.422222 0.284375 0.422222
0 0.485938 0.411111 0.503125 0.411111 0.501563 0.470833 0.485938 0.459722
0 0.502344 0.440278 0.514062 0.445833 0.514062 0.466667 0.502344 0.463889
