0 0.782031 0.175000 0.800781 0.172222 0.801562 0.190278 0.782813 0.191667
0 0.228125 0.261111 0.252344 0.258333 0.252344 0.269444 0.228125 0.272222
0 0.167187 0.194444 0.249219 0.180556 0.250781 0.208333 0.167969 0.223611
0 0.253125 0.186111 0.297656 0.179167 0.297656 0.198611 0.253125 0.205556
0 0.298438 0.176389 0.320312 0.173611 0.320312 0.191667 0.298438 0.194444
0 0.147656 0.211111 0.167187 0.209722 0.167187 0.223611 0.147656 0.225000
0 0.321875 0.172222 0.339062 0.169444 0.338281 0.187500 0.321875 0.190278
0 0.122656 0.215278 0.148438 0.209722 0.147656 0.226389 0.121875 0.231944
0 0.339844 0.169444 0.362500 0.166667 0.361719 0.180556 0.339062 0.184722
0 0.361719 0.159722 0.383594 0.156944 0.384375 0.177778 0.362500 0.180556
0 0.120313 0.355556 0.162500 0.351389 0.161719 0.375000 0.119531 0.379167
0 0.128906 0.487500 0.158594 0.488889 0.157812 0.511111 0.128906 0.509722
0 0.127344 0.619444 0.168750 0.623611 0.168750 0.650000 0.128125 0.647222
0 0.200781 0.265278 0.228125 0.263889 0.228125 0.273611 0.200781 0.275000
0 0.792188 0.156944 0.819531 0.154167 0.818750 0.169444 0.792188 0.172222
0 0.802344 0.172222 0.829688 0.169444 0.829688 0.183333 0.802344 0.187500
0 0.785937 0.190278 0.829688 0.186111 0.829688 0.205556 0.785156 0.208333
0 0.794531 0.208333 0.818750 0.208333 0.818750 0.222222 0.794531 0.222222
0 0.732812 0.227778 0.779687 0.222222 0.782031 0.258333 0.734375 0.263889
0 0.921875 0.109722 0.937500 0.108333 0.937500 0.122222 0.921875 0.123611
0 0.942969 0.106944 0.970313 0.104167 0.969531 0.116667 0.942187 0.120833
0 0.969531 0.101389 0.985156 0.100000 0.985938 0.115278 0.970313 0.116667
0 0.988281 0.098611 0.999219 0.097222 0.999219 0.111111 0.988281 0.112500
0 0.923438 0.133333 0.931250 0.131944 0.931250 0.145833 0.923438 0.147222
0 0.930469 0.125000 0.946875 0.122222 0.947656 0.143056 0.931250 0.145833
0 0.949219 0.126389 0.971875 0.123611 0.971094 0.138889 0.948438 0.143056
0 0.972656 0.120833 0.987500 0.119444 0.987500 0.136111 0.972656 0.137500
0 0.989062 0.116667 0.999219 0.115278 0.999219 0.134722 0.989062 0.134722
