0 0.060156 0.104167 0.076563 0.102778 0.075781 0.144444 0.060156 0.145833
0 0.549219 0.150000 0.609375 0.152778 0.601562 0.184722 0.542188 0.181944
0 0.311719 0.054167 0.339062 0.055556 0.342187 0.145833 0.314063 0.145833
0 0.351562 0.052778 0.365625 0.051389 0.367188 0.143056 0.353906 0.143056
0 0.082031 0.133333 0.110937 0.131944 0.110156 0.148611 0.082031 0.148611
0 0.448437 0.108333 0.470313 0.109722 0.469531 0.144444 0.448437 0.143056
0 0.296875 0.006944 0.342187 0.000000 0.343750 0.025000 0.298438 0.031944
0 0.341406 0.000000 0.376563 0.006944 0.378125 0.029167 0.342969 0.020833
0 0.518750 0.056944 0.527344 0.058333 0.528125 0.083333 0.519531 0.081944
0 0.745313 0.077778 0.757812 0.077778 0.757031 0.106944 0.744531 0.105556
0 0.667969 0.123611 0.691406 0.125000 0.692187 0.134722 0.668750 0.133333
