0 0.725000 0.543056 0.777344 0.547222 0.771094 0.670833 0.718750 0.665278
0 0.700000 0.533333 0.718750 0.538889 0.715625 0.650000 0.696875 0.645833
0 0.291406 0.238889 0.344531 0.240278 0.344531 0.265278 0.291406 0.263889
0 0.190625 0.226389 0.256250 0.230556 0.253906 0.262500 0.189062 0.258333
0 0.135937 0.227778 0.160938 0.229167 0.160938 0.256944 0.135937 0.255556
0 0.653906 0.255556 0.728125 0.254167 0.727344 0.277778 0.652344 0.279167
0 0.724219 0.431944 0.794531 0.441667 0.792969 0.481944 0.722656 0.470833
0 0.437500 0.231944 0.540625 0.233333 0.539844 0.266667 0.435937 0.266667
0 0.721875 0.468056 0.799219 0.481944 0.799219 0.518056 0.722656 0.504167
0 0.774219 0.594444 0.785156 0.595833 0.785156 0.631944 0.774219 0.630556
0 0.582812 0.329167 0.645312 0.316667 0.646094 0.343056 0.583594 0.355556
0 0.482812 0.334722 0.534375 0.306944 0.538281 0.325000 0.485938 0.352778
0 0.410156 0.334722 0.460156 0.308333 0.464062 0.326389 0.414062 0.352778
0 0.486719 0.630556 0.493750 0.622222 0.493750 0.690278 0.486719 0.698611
0 0.515625 0.622222 0.522656 0.616667 0.520312 0.681944 0.513281 0.687500
0 0.012500 0.461111 0.076563 0.461111 0.075781 0.490278 0.012500 0.488889
0 0.125000 0.466667 0.171875 0.466667 0.171875 0.493056 0.124219 0.493056
