0 0.359375 0.166667 0.371875 0.168056 0.371875 0.187500 0.359375 0.187500
0 0.507812 0.297222 0.529687 0.293056 0.526563 0.341667 0.504687 0.345833
0 0.560937 0.283333 0.631250 0.277778 0.629687 0.336111 0.560156 0.341667
0 0.514062 0.697222 0.560156 0.726389 0.560156 0.755556 0.514062 0.725000
0 0.515625 0.720833 0.571875 0.763889 0.570312 0.802778 0.514844 0.759722
0 0.528906 0.295833 0.558594 0.290278 0.558594 0.343056 0.528906 0.348611
0 0.574219 0.768056 0.610156 0.793056 0.606250 0.833333 0.570312 0.808333
0 0.515625 0.545833 0.535937 0.548611 0.535937 0.568056 0.514844 0.565278
0 0.372656 0.169444 0.387500 0.168056 0.387500 0.188889 0.372656 0.188889
0 0.388281 0.166667 0.413281 0.166667 0.413281 0.186111 0.388281 0.186111
0 0.290625 0.347222 0.319531 0.344444 0.319531 0.361111 0.291406 0.363889
0 0.272656 0.277778 0.307812 0.275000 0.307812 0.290278 0.273438 0.293056
0 0.285156 0.291667 0.314063 0.288889 0.314844 0.302778 0.285938 0.304167
0 0.368750 0.384722 0.414062 0.377778 0.414062 0.393056 0.369531 0.400000
