0 0.176563 0.305556 0.209375 0.305556 0.209375 0.325000 0.177344 0.325000
0 0.020313 0.277778 0.048438 0.277778 0.046875 0.309722 0.018750 0.309722
0 0.043750 0.525000 0.060156 0.522222 0.060937 0.536111 0.044531 0.538889
0 0.138281 0.298611 0.150781 0.300000 0.150781 0.322222 0.138281 0.320833
0 0.162500 0.304167 0.177344 0.302778 0.176563 0.323611 0.160938 0.325000
0 0.042188 0.509722 0.060937 0.508333 0.061719 0.523611 0.042969 0.525000
0 0.400781 0.230556 0.428906 0.206944 0.430469 0.248611 0.402344 0.269444
0 0.428906 0.205556 0.453125 0.184722 0.454688 0.231944 0.430469 0.250000
0 0.453125 0.183333 0.487500 0.159722 0.489063 0.205556 0.453906 0.233333
0 0.839844 0.201389 0.895312 0.181944 0.907813 0.358333 0.852344 0.370833
0 0.848437 0.370833 0.900000 0.366667 0.913281 0.577778 0.862500 0.580556
0 0.831250 0.004167 0.878906 0.004167 0.889062 0.180556 0.846094 0.194444
0 0.316406 0.345833 0.344531 0.334722 0.345313 0.370833 0.317188 0.381944
0 0.257812 0.308333 0.278125 0.308333 0.278125 0.316667 0.257812 0.316667
0 0.412500 0.425000 0.482031 0.420833 0.482812 0.498611 0.413281 0.498611
