0 0.438281 0.238889 0.460156 0.238889 0.460938 0.277778 0.438281 0.277778
0 0.296875 0.129167 0.358594 0.134722 0.357812 0.166667 0.296094 0.162500
0 0.127344 0.208333 0.151562 0.205556 0.151562 0.240278 0.126562 0.241667
0 0.150000 0.191667 0.200000 0.202778 0.201563 0.269444 0.151562 0.258333
0 0.128125 0.251389 0.167187 0.248611 0.167969 0.275000 0.129688 0.279167
0 0.358594 0.137500 0.392969 0.138889 0.392969 0.166667 0.358594 0.165278
0 0.128906 0.272222 0.200781 0.265278 0.202344 0.311111 0.130469 0.319444
0 0.296094 0.355556 0.306250 0.356944 0.305469 0.381944 0.295312 0.380556
0 0.569531 0.151389 0.610938 0.154167 0.609375 0.188889 0.568750 0.186111
0 0.496094 0.220833 0.516406 0.219444 0.517188 0.238889 0.496094 0.240278
0 0.103906 0.913889 0.159375 0.883333 0.160938 0.912500 0.105469 0.943056
0 0.361719 0.845833 0.446875 0.791667 0.448437 0.813889 0.362500 0.866667
0 0.612500 0.172222 0.644531 0.172222 0.643750 0.187500 0.611719 0.187500
0 0.784375 0.180556 0.802344 0.181944 0.800781 0.202778 0.782813 0.201389
