875.0 174.0 931.0 171.0 932.0 195.0 875.0 198.0 text 0
865.0 146.0 918.0 144.0 919.0 173.0 866.0 174.0 text 0
203.0 194.0 308.0 189.0 309.0 204.0 203.0 209.0 text 0
534.0 225.0 569.0 223.0 568.0 232.0 533.0 234.0 text 0
816.0 193.0 857.0 190.0 858.0 206.0 817.0 209.0 text 0
647.0 44.0 797.0 43.0 798.0 88.0 648.0 89.0 text 0
871.0 118.0 932.0 115.0 934.0 142.0 873.0 145.0 text 0
10.0 49.0 359.0 42.0 351.0 85.0 1.0 92.0 text 0
920.0 144.0 963.0 143.0 964.0 166.0 922.0 167.0 text 0
1197.0 71.0 1277.0 70.0 1278.0 96.0 1198.0 97.0 text 0
916.0 463.0 964.0 452.0 964.0 470.0 916.0 482.0 text 0
1056.0 446.0 1108.0 435.0 1109.0 451.0 1057.0 461.0 text 0
0.0 180.0 45.0 178.0 45.0 194.0 0.0 195.0 text 0
0.0 196.0 44.0 195.0 44.0 210.0 0.0 211.0 text 0
2.0 207.0 30.0 207.0 27.0 218.0 0.0 218.0 text 0
866.0 108.0 891.0 109.0 891.0 113.0 865.0 112.0 text 0
535.0 188.0 565.0 188.0 566.0 197.0 534.0 198.0 text 0
1026.0 185.0 1046.0 184.0 1046.0 189.0 1026.0 191.0 text 0
1024.0 155.0 1046.0 155.0 1047.0 162.0 1023.0 163.0 text 0
1116.0 97.0 1165.0 95.0 1166.0 107.0 1117.0 111.0 text 0
1.0 171.0 28.0 168.0 27.0 181.0 0.0 184.0 text 0
