0 0.316406 0.448611 0.350781 0.437500 0.353906 0.465278 0.319531 0.476389
0 0.610156 0.193056 0.653906 0.183333 0.656250 0.218056 0.613281 0.227778
0 0.539062 0.208333 0.582812 0.197222 0.584375 0.216667 0.540625 0.227778
0 0.539844 0.226389 0.589063 0.213889 0.590625 0.234722 0.540625 0.247222
0 0.054688 0.202778 0.389062 0.147222 0.420312 0.384722 0.075000 0.491667
0 0.484375 0.219444 0.538281 0.208333 0.540625 0.248611 0.487500 0.259722
0 0.354687 0.437500 0.384375 0.427778 0.386719 0.450000 0.357031 0.461111
0 0.369531 0.462500 0.418750 0.445833 0.421094 0.472222 0.371875 0.487500
0 0.311719 0.483333 0.364844 0.461111 0.367969 0.487500 0.314063 0.508333
0 0.204687 0.481944 0.253125 0.472222 0.255469 0.500000 0.207031 0.509722
0 0.148438 0.495833 0.200000 0.480556 0.201563 0.522222 0.150000 0.537500
0 0.199219 0.519444 0.227344 0.508333 0.229687 0.538889 0.201563 0.550000
