0 0.405469 0.255556 0.434375 0.254167 0.435156 0.273611 0.406250 0.275000
0 0.966406 0.033333 0.996875 0.027778 0.997656 0.052778 0.967187 0.059722
0 0.640625 0.613889 0.711719 0.547222 0.716406 0.597222 0.645312 0.663889
0 0.960156 0.323611 0.996094 0.315278 0.996094 0.420833 0.960156 0.427778
0 0.602344 0.326389 0.614844 0.327778 0.615625 0.386111 0.603125 0.384722
0 0.000000 0.816667 0.134375 0.612500 0.150000 0.712500 0.000781 0.997222
0 0.544531 0.862500 0.632031 0.784722 0.646094 0.848611 0.558594 0.925000
0 0.588281 0.619444 0.640625 0.613889 0.639844 0.652778 0.587500 0.658333
0 0.584375 0.045833 0.607812 0.050000 0.607812 0.070833 0.584375 0.065278
0 0.974219 0.062500 0.996875 0.055556 0.997656 0.083333 0.975000 0.090278
0 0.984375 0.227778 0.996875 0.227778 0.997656 0.256944 0.985156 0.256944
0 0.689844 0.250000 0.724219 0.245833 0.724219 0.265278 0.689844 0.268056
0 0.144531 0.595833 0.179688 0.527778 0.185938 0.643056 0.150781 0.711111
0 0.607031 0.051389 0.634375 0.059722 0.633594 0.080556 0.607031 0.070833
0 0.754687 0.102778 0.773438 0.102778 0.774219 0.125000 0.755469 0.125000
0 0.755469 0.138889 0.774219 0.138889 0.775000 0.159722 0.756250 0.159722
0 0.757031 0.173611 0.774219 0.172222 0.775000 0.193056 0.757031 0.193056
0 0.977344 0.001389 0.996875 0.000000 0.996094 0.016667 0.976562 0.020833
0 0.659375 0.522222 0.673438 0.537500 0.663281 0.565278 0.650000 0.550000
0 0.613281 0.131944 0.634375 0.130556 0.635156 0.141667 0.614062 0.143056
0 0.983594 0.181944 0.999219 0.177778 0.999219 0.194444 0.983594 0.197222
0 0.982812 0.194444 0.998437 0.195833 0.999219 0.222222 0.984375 0.220833
0 0.613281 0.327778 0.622656 0.330556 0.624219 0.373611 0.615625 0.372222
0 0.588281 0.173611 0.611719 0.176389 0.612500 0.200000 0.589063 0.195833
