0 0.417969 0.043056 0.460938 0.031944 0.467187 0.091667 0.423438 0.102778
0 0.471094 0.258333 0.493750 0.251389 0.494531 0.279167 0.472656 0.286111
0 0.489063 0.325000 0.501563 0.320833 0.500781 0.338889 0.488281 0.343056
0 0.572656 0.251389 0.600000 0.247222 0.600781 0.261111 0.574219 0.265278
0 0.576562 0.269444 0.613281 0.256944 0.613281 0.269444 0.576562 0.281944
0 0.576562 0.280556 0.614844 0.269444 0.615625 0.281944 0.577344 0.293056
0 0.593750 0.284722 0.614844 0.279167 0.616406 0.293056 0.595313 0.298611
0 0.305469 0.113889 0.332031 0.104167 0.332813 0.126389 0.306250 0.134722
0 0.330469 0.102778 0.360938 0.094444 0.363281 0.119444 0.332813 0.127778
0 0.314844 0.150000 0.358594 0.140278 0.360938 0.163889 0.317969 0.175000
0 0.301563 0.197222 0.328125 0.186111 0.329688 0.209722 0.303125 0.219444
0 0.328125 0.186111 0.372656 0.173611 0.373437 0.200000 0.328906 0.212500
0 0.819531 0.066667 0.859375 0.018056 0.860938 0.051389 0.821094 0.101389
0 0.214844 0.180556 0.256250 0.170833 0.259375 0.216667 0.217969 0.226389
0 0.296094 0.701389 0.334375 0.691667 0.335156 0.716667 0.296875 0.726389
0 0.264844 0.945833 0.314844 0.927778 0.317969 0.945833 0.267188 0.962500
0 0.819531 0.091667 0.903906 0.008333 0.908594 0.041667 0.825000 0.125000
0 0.036719 0.825000 0.058594 0.812500 0.058594 0.826389 0.036719 0.838889
0 0.408594 0.270833 0.452344 0.262500 0.453125 0.273611 0.409375 0.281944
0 0.413281 0.290278 0.450781 0.281944 0.451562 0.294444 0.414062 0.302778
0 0.412500 0.305556 0.453906 0.297222 0.454688 0.311111 0.414062 0.319444
0 0.414844 0.327778 0.454688 0.319444 0.455469 0.329167 0.415625 0.337500
