0 0.377344 0.283333 0.414062 0.283333 0.414844 0.302778 0.378906 0.302778
0 0.630469 0.383333 0.679688 0.381944 0.680469 0.401389 0.631250 0.402778
0 0.240625 0.200000 0.254688 0.208333 0.250781 0.237500 0.236719 0.229167
0 0.703125 0.066667 0.744531 0.061111 0.746875 0.098611 0.704688 0.104167
0 0.670312 0.288889 0.684375 0.288889 0.683594 0.316667 0.669531 0.316667
0 0.193750 0.168056 0.239844 0.198611 0.238281 0.229167 0.192188 0.200000
0 0.169531 0.147222 0.196875 0.165278 0.191406 0.202778 0.164062 0.186111
0 0.593750 0.386111 0.632812 0.387500 0.630469 0.406944 0.591406 0.404167
0 0.704688 0.287500 0.725000 0.287500 0.725000 0.300000 0.704688 0.300000
0 0.021875 0.002778 0.146094 0.001389 0.152344 0.026389 0.013281 0.072222
0 0.344531 0.872222 0.374219 0.919444 0.366406 0.952778 0.337500 0.906944
0 0.600000 0.279167 0.614062 0.277778 0.614844 0.301389 0.600781 0.301389
0 0.593750 0.637500 0.627344 0.644444 0.621094 0.684722 0.587500 0.677778
0 0.373437 0.350000 0.417187 0.347222 0.418750 0.375000 0.374219 0.376389
0 0.373437 0.384722 0.417187 0.381944 0.419531 0.441667 0.375000 0.444444
