0 0.699219 0.143056 0.757031 0.147222 0.758594 0.180556 0.700781 0.176389
0 0.911719 0.118056 0.947656 0.119444 0.947656 0.136111 0.911719 0.133333
0 0.676562 0.062500 0.775000 0.068056 0.775000 0.108333 0.676562 0.102778
0 0.790625 0.070833 0.871094 0.076389 0.872656 0.111111 0.792969 0.105556
0 0.896875 0.075000 0.929688 0.077778 0.929688 0.112500 0.896875 0.109722
0 0.857812 0.038889 0.875781 0.040278 0.876563 0.070833 0.859375 0.069444
0 0.931250 0.076389 0.962500 0.081944 0.962500 0.115278 0.931250 0.109722
0 0.789062 0.031944 0.853125 0.040278 0.851562 0.070833 0.786719 0.062500
0 0.785156 0.626389 0.833594 0.663889 0.832812 0.700000 0.783594 0.663889
0 0.869531 0.679167 0.908594 0.709722 0.907813 0.756944 0.868750 0.726389
0 0.801562 0.680556 0.881250 0.743056 0.881250 0.783333 0.801562 0.720833
0 0.833594 0.659722 0.868750 0.681944 0.867969 0.723611 0.832812 0.701389
0 0.925781 0.622222 0.989062 0.652778 0.986719 0.713889 0.923438 0.681944
0 0.267969 0.151389 0.305469 0.151389 0.305469 0.181944 0.267969 0.181944
0 0.282813 0.212500 0.348438 0.212500 0.348438 0.233333 0.282813 0.233333
0 0.709375 0.105556 0.747656 0.109722 0.746875 0.125000 0.708594 0.122222
0 0.675781 0.119444 0.775000 0.122222 0.775781 0.137500 0.676562 0.136111
0 0.705469 0.133333 0.750781 0.131944 0.750781 0.147222 0.705469 0.150000
0 0.801562 0.111111 0.864844 0.116667 0.865625 0.130556 0.802344 0.125000
0 0.810937 0.125000 0.856250 0.125000 0.857031 0.140278 0.812500 0.140278
0 0.900000 0.130556 0.960938 0.133333 0.961719 0.151389 0.900781 0.147222
0 0.782813 0.138889 0.886719 0.143056 0.890625 0.184722 0.786719 0.179167
0 0.908594 0.152778 0.950781 0.158333 0.957031 0.187500 0.914844 0.181944
0 0.319531 0.233333 0.344531 0.236111 0.344531 0.247222 0.319531 0.244444
0 0.396094 0.172222 0.408594 0.172222 0.410156 0.184722 0.397656 0.184722
0 0.398438 0.193056 0.408594 0.193056 0.408594 0.206944 0.398438 0.206944
0 0.398438 0.213889 0.418750 0.213889 0.418750 0.226389 0.398438 0.226389
0 0.393750 0.229167 0.408594 0.229167 0.412500 0.247222 0.397656 0.247222
0 0.392969 0.156944 0.522656 0.161111 0.524219 0.169444 0.394531 0.165278
0 0.420312 0.234722 0.461719 0.237500 0.461719 0.250000 0.420312 0.247222
0 0.417969 0.215278 0.463281 0.215278 0.463281 0.225000 0.417969 0.225000
0 0.420312 0.190278 0.458594 0.194444 0.460156 0.211111 0.422656 0.206944
0 0.421094 0.173611 0.457813 0.177778 0.458594 0.190278 0.421875 0.186111
0 0.463281 0.170833 0.525781 0.173611 0.527344 0.188889 0.464844 0.186111
0 0.469531 0.191667 0.526563 0.197222 0.530469 0.209722 0.473438 0.204167
0 0.622656 0.637500 0.676562 0.659722 0.678125 0.693056 0.624219 0.669444
0 0.630469 0.565278 0.672656 0.573611 0.674219 0.590278 0.632031 0.580556
0 0.628125 0.544444 0.671875 0.551389 0.671875 0.565278 0.628125 0.558333
0 0.621875 0.352778 0.660156 0.350000 0.663281 0.377778 0.625781 0.380556
0 0.626563 0.308333 0.667188 0.308333 0.671875 0.338889 0.631250 0.338889
