0 0.166406 0.213889 0.281250 0.172222 0.287500 0.230556 0.173437 0.272222
0 0.273438 0.887500 0.301563 0.879167 0.304688 0.908333 0.275781 0.916667
0 0.278125 0.923611 0.292969 0.920833 0.296875 0.952778 0.282031 0.956944
0 0.296875 0.915278 0.349219 0.888889 0.352344 0.923611 0.299219 0.950000
0 0.351562 0.893056 0.388281 0.851389 0.392969 0.883333 0.356250 0.925000
0 0.296875 0.959722 0.321875 0.948611 0.326562 0.976389 0.301563 0.987500
0 0.326562 0.951389 0.389062 0.890278 0.394531 0.915278 0.332031 0.976389
0 0.586719 0.161111 0.623437 0.145833 0.629687 0.177778 0.592187 0.193056
0 0.260156 0.418056 0.278125 0.411111 0.282813 0.441667 0.265625 0.448611
0 0.589063 0.183333 0.631250 0.175000 0.634375 0.198611 0.591406 0.205556
