0 0.771875 0.098611 0.873437 0.016667 0.880469 0.113889 0.778906 0.195833
0 0.110156 0.225000 0.157031 0.225000 0.157812 0.258333 0.110937 0.258333
0 0.515625 0.215278 0.522656 0.215278 0.523438 0.279167 0.516406 0.279167
0 0.516406 0.284722 0.525000 0.283333 0.525781 0.354167 0.517188 0.355556
0 0.514844 0.362500 0.525781 0.365278 0.527344 0.405556 0.515625 0.402778
0 0.564063 0.187500 0.692187 0.130556 0.692969 0.161111 0.564844 0.218056
0 0.089844 0.329167 0.142969 0.329167 0.141406 0.340278 0.087500 0.340278
0 0.085938 0.344444 0.142969 0.341667 0.142969 0.354167 0.085938 0.356944
0 0.801562 0.134722 0.869531 0.112500 0.869531 0.143056 0.801562 0.166667
0 0.446875 0.229167 0.477344 0.218056 0.478125 0.243056 0.447656 0.254167
0 0.488281 0.213889 0.510938 0.200000 0.511719 0.227778 0.489063 0.241667
0 0.935156 0.122222 0.998437 0.111111 0.999219 0.140278 0.935937 0.152778
0 0.925781 0.070833 0.998437 0.043056 0.997656 0.097222 0.925000 0.125000
0 0.275000 0.051389 0.300000 0.052778 0.300000 0.093056 0.275000 0.091667
