0 0.460938 0.397222 0.471094 0.395833 0.472656 0.419444 0.462500 0.420833
0 0.407031 0.243056 0.421875 0.236111 0.422656 0.256944 0.407813 0.265278
0 0.501563 0.377778 0.519531 0.375000 0.519531 0.397222 0.501563 0.400000
0 0.627344 0.395833 0.650000 0.390278 0.652344 0.418056 0.629687 0.423611
0 0.650000 0.390278 0.660156 0.387500 0.660937 0.401389 0.650781 0.404167
0 0.692187 0.380556 0.700000 0.377778 0.700781 0.400000 0.692969 0.401389
0 0.475000 0.386111 0.493750 0.381944 0.496094 0.431944 0.476562 0.436111
0 0.773438 0.379167 0.778125 0.376389 0.778906 0.391667 0.773438 0.393056
0 0.732031 0.380556 0.739062 0.379167 0.739844 0.395833 0.732812 0.397222
0 0.460938 0.781944 0.473438 0.781944 0.472656 0.804167 0.460156 0.804167
0 0.522656 0.783333 0.532031 0.781944 0.531250 0.800000 0.521875 0.801389
0 0.408594 0.777778 0.416406 0.777778 0.416406 0.797222 0.408594 0.797222
0 0.700781 0.376389 0.709375 0.376389 0.709375 0.388889 0.700781 0.388889
0 0.739844 0.376389 0.747656 0.376389 0.746875 0.386111 0.739844 0.386111
0 0.453125 0.334722 0.489844 0.326389 0.491406 0.350000 0.454688 0.358333
0 0.621094 0.359722 0.642969 0.354167 0.643750 0.369444 0.621875 0.376389
0 0.678906 0.355556 0.697656 0.354167 0.697656 0.365278 0.679688 0.366667
0 0.427344 0.369444 0.450781 0.363889 0.450781 0.370833 0.427344 0.376389
0 0.427344 0.380556 0.436719 0.379167 0.436719 0.387500 0.427344 0.388889
0 0.428125 0.393056 0.442969 0.391667 0.442969 0.400000 0.428906 0.401389
0 0.130469 0.391667 0.137500 0.390278 0.138281 0.408333 0.131250 0.409722
0 0.624219 0.398611 0.630469 0.398611 0.630469 0.412500 0.625000 0.412500
