0 0.746875 0.941667 0.762500 0.929167 0.762500 0.965278 0.746875 0.976389
0 0.757812 0.230556 0.773438 0.229167 0.774219 0.240278 0.757812 0.241667
0 0.543750 0.265278 0.592187 0.255556 0.590625 0.277778 0.541406 0.286111
0 0.806250 0.280556 0.818750 0.279167 0.818750 0.315278 0.806250 0.316667
0 0.828125 0.265278 0.851562 0.261111 0.850000 0.350000 0.826562 0.352778
0 0.856250 0.261111 0.875000 0.258333 0.875781 0.294444 0.857031 0.297222
0 0.301563 0.350000 0.317969 0.348611 0.317969 0.388889 0.301563 0.391667
0 0.317969 0.347222 0.335156 0.347222 0.335938 0.368056 0.318750 0.368056
0 0.428125 0.343056 0.443750 0.340278 0.445312 0.379167 0.428906 0.381944
0 0.441406 0.341667 0.456250 0.337500 0.457031 0.355556 0.442188 0.359722
0 0.527344 0.201389 0.600781 0.187500 0.603125 0.213889 0.529687 0.227778
0 0.758594 0.204167 0.781250 0.205556 0.781250 0.216667 0.757812 0.215278
0 0.548438 0.231944 0.583594 0.223611 0.582031 0.245833 0.550000 0.252778
0 0.773438 0.230556 0.794531 0.230556 0.795312 0.241667 0.774219 0.241667
0 0.760156 0.276389 0.774219 0.276389 0.774219 0.291667 0.760156 0.293056
0 0.089844 0.320833 0.107031 0.320833 0.107813 0.344444 0.089844 0.344444
0 0.001563 0.247222 0.071875 0.247222 0.071094 0.301389 0.000781 0.301389
0 0.732812 0.951389 0.746094 0.950000 0.746094 0.997222 0.732812 0.998611
0 0.756250 0.254167 0.785937 0.254167 0.786719 0.265278 0.757031 0.266667
0 0.806250 0.916667 0.833594 0.918056 0.832031 0.941667 0.804688 0.940278
0 0.801562 0.941667 0.835938 0.941667 0.835938 0.972222 0.801562 0.972222
0 0.796094 0.155556 0.842187 0.159722 0.842187 0.194444 0.796094 0.188889
0 0.794531 0.187500 0.843750 0.193056 0.843750 0.202778 0.794531 0.198611
0 0.392188 0.305556 0.461719 0.300000 0.461719 0.313889 0.392188 0.319444
0 0.257812 0.304167 0.341406 0.302778 0.341406 0.318056 0.257812 0.319444
0 0.664844 0.169444 0.676562 0.168056 0.676562 0.187500 0.664844 0.188889
0 0.685937 0.172222 0.696094 0.170833 0.696875 0.188889 0.685937 0.188889
0 0.776563 0.547222 0.789844 0.544444 0.789844 0.558333 0.776563 0.562500
0 0.721875 0.555556 0.736719 0.551389 0.736719 0.565278 0.721875 0.570833
0 0.880469 0.490278 0.901563 0.483333 0.902344 0.500000 0.881250 0.506944
0 0.664062 0.754167 0.688281 0.730556 0.689844 0.751389 0.664844 0.773611
0 0.525000 0.934722 0.540625 0.943056 0.545312 0.988889 0.521094 0.963889
0 0.688281 0.568056 0.706250 0.555556 0.706250 0.572222 0.690625 0.586111
0 0.705469 0.733333 0.717969 0.713889 0.719531 0.723611 0.709375 0.743056
0 0.732031 0.704167 0.747656 0.690278 0.748437 0.701389 0.733594 0.716667
0 0.775000 0.688889 0.789844 0.673611 0.790625 0.687500 0.778125 0.701389
