143.0 208.0 151.0 206.0 152.0 226.0 145.0 228.0 text 0
222.0 165.0 235.0 163.0 236.0 181.0 223.0 183.0 text 0
200.0 260.0 259.0 250.0 260.0 261.0 203.0 272.0 text 0
268.0 248.0 308.0 241.0 308.0 255.0 270.0 260.0 text 0
638.0 247.0 699.0 230.0 700.0 246.0 639.0 264.0 text 0
866.0 1.0 895.0 0.0 898.0 41.0 868.0 45.0 text 0
845.0 5.0 856.0 2.0 858.0 23.0 847.0 26.0 text 0
456.0 97.0 465.0 94.0 467.0 110.0 458.0 113.0 text 0
465.0 93.0 486.0 88.0 490.0 105.0 470.0 110.0 text 0
449.0 125.0 459.0 122.0 461.0 137.0 451.0 141.0 text 0
456.0 116.0 473.0 111.0 479.0 144.0 461.0 150.0 text 0
351.0 224.0 381.0 222.0 381.0 231.0 351.0 233.0 text 0
382.0 222.0 430.0 217.0 430.0 227.0 382.0 232.0 text 0
427.0 171.0 477.0 166.0 477.0 193.0 427.0 197.0 text 0
355.0 238.0 408.0 234.0 408.0 245.0 355.0 250.0 text 0
349.0 181.0 421.0 173.0 426.0 197.0 353.0 205.0 text 0
51.0 258.0 68.0 256.0 73.0 296.0 57.0 298.0 text 0
66.0 260.0 80.0 256.0 82.0 275.0 68.0 278.0 text 0
48.0 263.0 55.0 263.0 57.0 282.0 50.0 282.0 text 0
422.0 45.0 466.0 32.0 468.0 46.0 425.0 60.0 text 0
433.0 61.0 446.0 55.0 448.0 67.0 436.0 73.0 text 0
445.0 54.0 481.0 44.0 485.0 60.0 448.0 70.0 text 0
607.0 88.0 735.0 72.0 737.0 88.0 609.0 105.0 text 0
153.0 65.0 223.0 63.0 225.0 81.0 155.0 83.0 text 0
242.0 63.0 276.0 64.0 275.0 77.0 241.0 76.0 text 0
137.0 1.0 285.0 3.0 285.0 28.0 138.0 21.0 text 0
38.0 142.0 61.0 136.0 66.0 179.0 43.0 186.0 text 0
626.0 180.0 670.0 177.0 668.0 197.0 625.0 200.0 text 0
685.0 175.0 723.0 170.0 725.0 187.0 686.0 192.0 text 0
632.0 100.0 707.0 88.0 711.0 104.0 636.0 115.0 text 0
20.0 156.0 41.0 155.0 44.0 181.0 23.0 182.0 text 0
58.0 76.0 104.0 74.0 108.0 99.0 62.0 101.0 text 0
219.0 216.0 227.0 217.0 226.0 228.0 219.0 228.0 text 0
642.0 404.0 658.0 399.0 658.0 409.0 642.0 417.0 text 0
903.0 0.0 937.0 0.0 937.0 7.0 905.0 15.0 text 0
259.0 250.0 269.0 247.0 269.0 260.0 258.0 263.0 text 0
355.0 250.0 393.0 246.0 393.0 259.0 354.0 263.0 text 0
