0 0.210156 0.008333 0.299219 0.006944 0.301563 0.061111 0.211719 0.062500
0 0.298438 0.015278 0.400781 0.005556 0.400781 0.050000 0.298438 0.059722
0 0.210938 0.072222 0.264062 0.065278 0.259375 0.129167 0.207031 0.134722
0 0.264844 0.062500 0.418750 0.059722 0.415625 0.125000 0.262500 0.127778
0 0.755469 0.166667 0.766406 0.162500 0.765625 0.186111 0.754687 0.188889
0 0.904687 0.351389 0.958594 0.352778 0.957812 0.375000 0.903906 0.372222
0 0.496094 0.450000 0.507031 0.452778 0.504687 0.611111 0.493750 0.609722
0 0.501563 0.258333 0.511719 0.261111 0.507031 0.434722 0.496875 0.431944
0 0.502344 0.523611 0.514062 0.520833 0.512500 0.601389 0.500781 0.604167
0 0.508594 0.233333 0.518750 0.240278 0.514844 0.494444 0.503906 0.488889
0 0.207813 0.161111 0.343750 0.156944 0.338281 0.411111 0.198437 0.400000
0 0.082031 0.556944 0.137500 0.565278 0.137500 0.577778 0.082031 0.570833
0 0.550781 0.283333 0.558594 0.295833 0.553906 0.541667 0.547656 0.541667
0 0.563281 0.331944 0.587500 0.334722 0.587500 0.347222 0.563281 0.347222
0 0.796094 0.159722 0.867188 0.158333 0.871875 0.244444 0.796094 0.243056
