0 0.477344 0.176389 0.536719 0.163889 0.540625 0.212500 0.482031 0.225000
0 0.536719 0.161111 0.599219 0.141667 0.603125 0.186111 0.540625 0.205556
0 0.809375 0.112500 0.832031 0.102778 0.832031 0.118056 0.809375 0.127778
0 0.829688 0.100000 0.860938 0.094444 0.861719 0.111111 0.829688 0.118056
0 0.860938 0.097222 0.882031 0.090278 0.882812 0.106944 0.861719 0.113889
0 0.882031 0.090278 0.915625 0.079167 0.915625 0.094444 0.881250 0.105556
0 0.917188 0.079167 0.939844 0.073611 0.939063 0.093056 0.916406 0.097222
0 0.822656 0.120833 0.910937 0.100000 0.911719 0.119444 0.824219 0.141667
0 0.910156 0.100000 0.939063 0.091667 0.939844 0.111111 0.911719 0.119444
0 0.904687 0.159722 0.924219 0.155556 0.925781 0.181944 0.906250 0.187500
0 0.907813 0.188889 0.926562 0.181944 0.927344 0.206944 0.908594 0.213889
0 0.764844 0.180556 0.785937 0.172222 0.787500 0.188889 0.765625 0.197222
