0 0.788281 0.430556 0.799219 0.431944 0.797656 0.454167 0.786719 0.452778
0 0.765625 0.437500 0.787500 0.433333 0.787500 0.454167 0.765625 0.459722
0 0.500000 0.131944 0.517188 0.112500 0.517188 0.145833 0.500000 0.166667
0 0.519531 0.104167 0.540625 0.090278 0.540625 0.129167 0.519531 0.143056
0 0.780469 0.259722 0.819531 0.245833 0.820312 0.277778 0.781250 0.291667
0 0.778906 0.294444 0.830469 0.279167 0.830469 0.323611 0.778906 0.338889
0 0.763281 0.376389 0.860156 0.366667 0.860938 0.391667 0.764062 0.400000
0 0.775781 0.398611 0.837500 0.400000 0.839844 0.426389 0.778125 0.425000
0 0.453906 0.240278 0.521094 0.216667 0.522656 0.287500 0.455469 0.311111
0 0.398438 0.266667 0.452344 0.247222 0.457813 0.316667 0.403906 0.336111
0 0.797656 0.434722 0.835938 0.431944 0.835938 0.455556 0.797656 0.459722
0 0.833594 0.427778 0.875000 0.427778 0.875781 0.455556 0.834375 0.455556
0 0.889062 0.312500 0.918750 0.305556 0.918750 0.318056 0.889844 0.326389
0 0.720313 0.348611 0.742969 0.345833 0.742969 0.359722 0.720313 0.363889
0 0.439063 0.365278 0.480469 0.362500 0.480469 0.376389 0.439063 0.379167
0 0.422656 0.448611 0.450000 0.447222 0.450781 0.461111 0.423438 0.462500
0 0.637500 0.422222 0.669531 0.420833 0.670312 0.436111 0.638281 0.437500
0 0.687500 0.418056 0.705469 0.418056 0.704688 0.436111 0.685937 0.436111
