0 0.177344 0.058333 0.214844 0.055556 0.216406 0.087500 0.178906 0.090278
0 0.216406 0.055556 0.254688 0.051389 0.252344 0.083333 0.214844 0.086111
0 0.183594 0.087500 0.250000 0.084722 0.250000 0.125000 0.183594 0.127778
0 0.024219 0.112500 0.080469 0.104167 0.080469 0.131944 0.024219 0.140278
0 0.017969 0.079167 0.048438 0.073611 0.048438 0.100000 0.017969 0.105556
0 0.052344 0.073611 0.087500 0.075000 0.085938 0.104167 0.050781 0.102778
0 0.022656 0.205556 0.089844 0.205556 0.083594 0.329167 0.016406 0.329167
0 0.089844 0.191667 0.139063 0.195833 0.137500 0.302778 0.087500 0.300000
0 0.167969 0.802778 0.212500 0.743056 0.215625 0.779167 0.170313 0.838889
0 0.054688 0.852778 0.119531 0.787500 0.119531 0.811111 0.054688 0.877778
