0 0.633594 0.202778 0.680469 0.195833 0.676562 0.230556 0.629687 0.238889
0 0.290625 0.251389 0.322656 0.245833 0.322656 0.279167 0.290625 0.283333
0 0.387500 0.240278 0.480469 0.226389 0.478125 0.255556 0.385156 0.269444
0 0.478906 0.226389 0.571094 0.212500 0.569531 0.241667 0.477344 0.255556
0 0.578125 0.205556 0.632812 0.201389 0.629687 0.233333 0.575000 0.238889
0 0.325000 0.245833 0.386719 0.238889 0.382812 0.266667 0.321094 0.273611
0 0.560156 0.155556 0.625000 0.147222 0.622656 0.201389 0.557031 0.209722
0 0.160938 0.218056 0.193750 0.218056 0.193750 0.304167 0.160938 0.304167
0 0.232813 0.216667 0.264844 0.216667 0.264844 0.291667 0.232813 0.291667
0 0.296875 0.191667 0.551562 0.154167 0.550781 0.220833 0.296094 0.258333
0 0.628906 0.129167 0.671094 0.123611 0.670312 0.201389 0.628125 0.205556
