0 0.647656 0.156944 0.707031 0.097222 0.710938 0.143056 0.652344 0.202778
0 0.707031 0.090278 0.779687 0.022222 0.783594 0.073611 0.710938 0.141667
0 0.320312 0.156944 0.349219 0.148611 0.347656 0.187500 0.318750 0.195833
0 0.353125 0.156944 0.407031 0.159722 0.407031 0.194444 0.353125 0.190278
0 0.442188 0.172222 0.485938 0.175000 0.484375 0.200000 0.439844 0.197222
0 0.319531 0.190278 0.365625 0.190278 0.364844 0.213889 0.318750 0.213889
0 0.363281 0.195833 0.379688 0.195833 0.379688 0.213889 0.363281 0.213889
0 0.331250 0.222222 0.349219 0.222222 0.349219 0.236111 0.331250 0.236111
0 0.350000 0.222222 0.366406 0.222222 0.367188 0.234722 0.350000 0.234722
0 0.367969 0.222222 0.403906 0.222222 0.403906 0.234722 0.367969 0.234722
0 0.405469 0.220833 0.425000 0.222222 0.425000 0.236111 0.405469 0.234722
0 0.339062 0.243056 0.353125 0.240278 0.353906 0.254167 0.339844 0.256944
0 0.353906 0.240278 0.381250 0.237500 0.381250 0.251389 0.353906 0.252778
0 0.444531 0.233333 0.491406 0.236111 0.491406 0.251389 0.444531 0.247222
