0 0.650781 0.198611 0.750000 0.145833 0.757812 0.216667 0.658594 0.269444
0 0.853906 0.418056 0.864844 0.413889 0.864844 0.441667 0.853906 0.445833
0 0.778906 0.162500 0.865625 0.150000 0.865625 0.181944 0.778906 0.194444
0 0.869531 0.145833 0.928125 0.143056 0.928906 0.173611 0.871094 0.176389
0 0.795312 0.386111 0.844531 0.383333 0.844531 0.402778 0.795312 0.405556
0 0.845313 0.390278 0.885156 0.381944 0.885156 0.398611 0.845313 0.406944
0 0.821094 0.243056 0.883594 0.236111 0.887500 0.322222 0.825000 0.329167
0 0.820312 0.416667 0.853125 0.411111 0.853906 0.440278 0.821094 0.445833
0 0.793750 0.418056 0.821094 0.413889 0.821094 0.440278 0.793750 0.444444
0 0.864062 0.406944 0.896094 0.405556 0.896875 0.448611 0.864844 0.450000
0 0.650000 0.065278 0.710156 0.000000 0.710156 0.050000 0.650000 0.116667
0 0.548438 0.177778 0.610938 0.111111 0.610938 0.169444 0.548438 0.237500
0 0.514062 0.226389 0.549219 0.188889 0.550000 0.237500 0.515625 0.273611
0 0.017188 0.061111 0.126562 0.170833 0.123438 0.220833 0.014063 0.111111
0 0.257812 0.309722 0.346094 0.311111 0.350000 0.340278 0.261719 0.337500
0 0.458594 0.300000 0.486719 0.273611 0.487500 0.309722 0.459375 0.336111
0 0.935937 0.191667 0.976562 0.188889 0.976562 0.213889 0.935937 0.216667
0 0.711719 0.001389 0.745313 0.000000 0.746094 0.006944 0.713281 0.041667
0 0.887500 0.384722 0.912500 0.381944 0.912500 0.398611 0.885938 0.400000
