0 0.888281 0.286111 0.998437 0.263889 0.998437 0.308333 0.888281 0.330556
0 0.881250 0.263889 0.899219 0.256944 0.904687 0.288889 0.886719 0.295833
0 0.921875 0.255556 0.937500 0.252778 0.936719 0.275000 0.921094 0.279167
0 0.936719 0.256944 0.965625 0.244444 0.966406 0.266667 0.937500 0.279167
0 0.968750 0.247222 0.983594 0.240278 0.982031 0.261111 0.967187 0.269444
0 0.983594 0.230556 0.992188 0.226389 0.993750 0.259722 0.985156 0.265278
0 0.899219 0.263889 0.917969 0.256944 0.917969 0.279167 0.899219 0.284722
0 0.624219 0.119444 0.703906 0.051389 0.707812 0.108333 0.627344 0.176389
0 0.702344 0.041667 0.723437 0.029167 0.728906 0.093056 0.708594 0.105556
0 0.709375 0.047222 0.761719 0.000000 0.778906 0.041667 0.726562 0.088889
0 0.202344 0.280556 0.298438 0.279167 0.296875 0.305556 0.200781 0.306944
0 0.320312 0.284722 0.354687 0.284722 0.354687 0.306944 0.320312 0.306944
