0 0.024219 0.519444 0.210938 0.487500 0.216406 0.555556 0.029687 0.587500
0 0.068750 0.583333 0.170313 0.563889 0.168750 0.600000 0.067187 0.618056
0 0.563281 0.113889 0.610156 0.070833 0.614062 0.125000 0.567187 0.168056
0 0.289844 0.144444 0.343750 0.143056 0.342969 0.173611 0.289062 0.175000
0 0.345313 0.144444 0.367969 0.144444 0.368750 0.169444 0.346094 0.169444
0 0.371094 0.148611 0.408594 0.143056 0.407813 0.166667 0.369531 0.170833
0 0.436719 0.145833 0.475000 0.140278 0.475781 0.158333 0.438281 0.163889
0 0.309375 0.176389 0.317969 0.175000 0.317969 0.188889 0.309375 0.191667
0 0.317969 0.179167 0.346094 0.173611 0.346875 0.184722 0.318750 0.188889
0 0.346094 0.172222 0.378906 0.170833 0.378125 0.184722 0.345313 0.186111
0 0.378125 0.169444 0.387500 0.168056 0.387500 0.181944 0.378125 0.183333
0 0.604688 0.248611 0.625000 0.247222 0.625781 0.259722 0.605469 0.261111
