0 0.578906 0.045833 0.656250 0.001389 0.664844 0.045833 0.587500 0.090278
0 0.580469 0.133333 0.599219 0.122222 0.601562 0.158333 0.583594 0.169444
0 0.595313 0.126389 0.616406 0.115278 0.621875 0.147222 0.600781 0.158333
0 0.582031 0.115278 0.720313 0.108333 0.724219 0.388889 0.585156 0.394444
0 0.660156 0.231944 0.691406 0.222222 0.693750 0.288889 0.662500 0.300000
0 0.589844 0.356944 0.728125 0.400000 0.728906 0.555556 0.590625 0.511111
0 0.623437 0.561111 0.641406 0.569444 0.637500 0.630556 0.618750 0.622222
0 0.638281 0.563889 0.657031 0.573611 0.655469 0.615278 0.636719 0.605556
0 0.732812 0.108333 0.765625 0.091667 0.767188 0.126389 0.734375 0.143056
0 0.767969 0.087500 0.787500 0.075000 0.789062 0.113889 0.770312 0.126389
0 0.792969 0.075000 0.842969 0.043056 0.842187 0.087500 0.791406 0.119444
0 0.736719 0.152778 0.789844 0.127778 0.789062 0.169444 0.735938 0.194444
0 0.790625 0.122222 0.866406 0.090278 0.866406 0.133333 0.790625 0.166667
0 0.734375 0.256944 0.769531 0.251389 0.767969 0.283333 0.733594 0.288889
0 0.775000 0.243056 0.839844 0.230556 0.837500 0.270833 0.773438 0.283333
0 0.842969 0.233333 0.878906 0.225000 0.877344 0.261111 0.842187 0.270833
0 0.732031 0.308333 0.792969 0.297222 0.793750 0.329167 0.732812 0.340278
0 0.794531 0.287500 0.864062 0.283333 0.865625 0.326389 0.796094 0.330556
0 0.867969 0.268056 0.996875 0.258333 0.997656 0.323611 0.868750 0.333333
0 0.740625 0.411111 0.773438 0.408333 0.773438 0.440278 0.740625 0.444444
0 0.778906 0.397222 0.845313 0.406944 0.844531 0.451389 0.778125 0.441667
0 0.843750 0.400000 0.907813 0.412500 0.910156 0.465278 0.845313 0.452778
0 0.910937 0.411111 0.998437 0.426389 0.996875 0.481944 0.908594 0.466667
0 0.739062 0.450000 0.756250 0.454167 0.755469 0.491667 0.738281 0.487500
0 0.757812 0.450000 0.799219 0.461111 0.796875 0.500000 0.755469 0.488889
0 0.798438 0.450000 0.871875 0.473611 0.867969 0.523611 0.795312 0.501389
0 0.750781 0.577778 0.835156 0.619444 0.832812 0.662500 0.748437 0.620833
0 0.839844 0.615278 0.996875 0.695833 0.993750 0.743056 0.836719 0.662500
0 0.621875 0.630556 0.648438 0.644444 0.647656 0.675000 0.620313 0.659722
0 0.651563 0.655556 0.695312 0.683333 0.693750 0.706944 0.650000 0.677778
0 0.609375 0.750000 0.690625 0.840278 0.687500 0.880556 0.607031 0.790278
