641.0 173.0 656.0 168.0 657.0 181.0 643.0 187.0 text 0
653.0 163.0 678.0 153.0 680.0 170.0 655.0 180.0 text 0
53.0 31.0 117.0 37.0 111.0 72.0 48.0 65.0 text 0
122.0 45.0 225.0 51.0 220.0 77.0 118.0 72.0 text 0
7.0 71.0 49.0 71.0 42.0 90.0 0.0 90.0 text 0
48.0 70.0 136.0 74.0 133.0 94.0 46.0 90.0 text 0
139.0 75.0 163.0 75.0 160.0 97.0 136.0 97.0 text 0
559.0 257.0 606.0 256.0 603.0 326.0 557.0 327.0 text 0
561.0 322.0 607.0 327.0 605.0 367.0 559.0 362.0 text 0
302.0 122.0 412.0 128.0 411.0 140.0 301.0 134.0 text 0
322.0 88.0 385.0 91.0 384.0 104.0 321.0 101.0 text 0
1.0 100.0 37.0 100.0 36.0 110.0 0.0 110.0 text 0
305.0 58.0 401.0 65.0 402.0 91.0 306.0 84.0 text 0
803.0 208.0 875.0 210.0 873.0 232.0 802.0 231.0 text 0
41.0 99.0 71.0 100.0 70.0 112.0 40.0 111.0 text 0
74.0 101.0 144.0 103.0 144.0 116.0 74.0 114.0 text 0
144.0 102.0 210.0 106.0 211.0 120.0 145.0 116.0 text 0
215.0 105.0 254.0 109.0 254.0 124.0 216.0 120.0 text 0
8.0 114.0 52.0 118.0 50.0 130.0 6.0 126.0 text 0
54.0 116.0 72.0 117.0 73.0 129.0 54.0 128.0 text 0
76.0 112.0 105.0 117.0 104.0 132.0 75.0 128.0 text 0
106.0 116.0 152.0 118.0 152.0 133.0 106.0 131.0 text 0
157.0 117.0 205.0 120.0 202.0 135.0 154.0 132.0 text 0
2.0 36.0 46.0 37.0 45.0 63.0 1.0 62.0 text 0
106.0 235.0 133.0 236.0 133.0 250.0 106.0 248.0 text 0
1238.0 151.0 1275.0 154.0 1275.0 177.0 1238.0 174.0 text 0
554.0 66.0 602.0 23.0 605.0 52.0 557.0 95.0 text 0
1155.0 226.0 1193.0 227.0 1192.0 238.0 1154.0 237.0 text 0
1236.0 227.0 1272.0 230.0 1270.0 243.0 1234.0 241.0 text 0
1181.0 475.0 1226.0 481.0 1234.0 597.0 1188.0 592.0 text 0
1197.0 597.0 1236.0 600.0 1243.0 690.0 1204.0 687.0 text 0
295.0 101.0 414.0 107.0 414.0 121.0 295.0 114.0 text 0
613.0 164.0 638.0 152.0 639.0 166.0 614.0 178.0 text 0
615.0 186.0 642.0 174.0 642.0 186.0 615.0 198.0 text 0
620.0 206.0 657.0 194.0 655.0 206.0 619.0 218.0 text 0
625.0 218.0 663.0 206.0 663.0 216.0 625.0 228.0 text 0
627.0 244.0 656.0 240.0 655.0 252.0 626.0 256.0 text 0
626.0 256.0 659.0 252.0 659.0 265.0 625.0 269.0 text 0
626.0 285.0 661.0 284.0 662.0 297.0 627.0 298.0 text 0
627.0 300.0 681.0 299.0 681.0 310.0 627.0 311.0 text 0
627.0 328.0 681.0 332.0 681.0 344.0 627.0 340.0 text 0
626.0 340.0 659.0 344.0 660.0 357.0 627.0 354.0 text 0
628.0 374.0 685.0 390.0 685.0 405.0 627.0 389.0 text 0
1236.0 10.0 1271.0 5.0 1270.0 39.0 1235.0 44.0 text 0
