0 0.457031 0.293056 0.480469 0.294444 0.478906 0.313889 0.455469 0.312500
0 0.424219 0.105556 0.446094 0.100000 0.449219 0.122222 0.427344 0.129167
0 0.484375 0.084722 0.515625 0.076389 0.515625 0.101389 0.484375 0.108333
0 0.447656 0.122222 0.483594 0.111111 0.484375 0.134722 0.449219 0.147222
0 0.485156 0.111111 0.551562 0.087500 0.553125 0.113889 0.486719 0.136111
0 0.449219 0.101389 0.482812 0.088889 0.483594 0.108333 0.450000 0.120833
0 0.553125 0.088889 0.596094 0.076389 0.598437 0.100000 0.554688 0.112500
0 0.179688 0.256944 0.249219 0.254167 0.249219 0.279167 0.179688 0.281944
0 0.014063 0.325000 0.042969 0.327778 0.042969 0.354167 0.014063 0.351389
0 0.000781 0.333333 0.015625 0.334722 0.014063 0.351389 0.000000 0.350000
0 0.164844 0.329167 0.191406 0.329167 0.193750 0.347222 0.166406 0.347222
0 0.237500 0.019444 0.285938 0.000000 0.290625 0.016667 0.242188 0.036111
0 0.407031 0.097222 0.442188 0.086111 0.439063 0.098611 0.403906 0.111111
0 0.508594 0.213889 0.550000 0.200000 0.550000 0.243056 0.508594 0.256944
