0 0.505469 0.258333 0.557031 0.251389 0.560156 0.313889 0.507812 0.322222
0 0.514844 0.325000 0.553125 0.320833 0.551562 0.351389 0.513281 0.355556
0 0.509375 0.406944 0.571875 0.420833 0.571094 0.451389 0.508594 0.437500
0 0.505469 0.365278 0.570312 0.370833 0.569531 0.393056 0.504687 0.386111
0 0.429688 0.202778 0.457813 0.186111 0.458594 0.233333 0.430469 0.251389
0 0.459375 0.188889 0.472656 0.180556 0.472656 0.219444 0.459375 0.229167
0 0.469531 0.186111 0.501563 0.170833 0.505469 0.209722 0.473438 0.225000
0 0.439844 0.244444 0.486719 0.223611 0.486719 0.251389 0.439844 0.272222
0 0.444531 0.273611 0.485938 0.256944 0.487500 0.518056 0.447656 0.494444
0 0.913281 0.287500 0.989062 0.275000 0.995313 0.430556 0.918750 0.425000
0 0.524219 0.231944 0.536719 0.230556 0.537500 0.251389 0.525000 0.252778
0 0.917969 0.018056 0.957812 0.001389 0.965625 0.030556 0.918750 0.054167
