0 0.235937 0.090278 0.361719 0.075000 0.365625 0.106944 0.239844 0.122222
0 0.365625 0.076389 0.446094 0.083333 0.444531 0.111111 0.364063 0.104167
0 0.312500 0.313889 0.376563 0.308333 0.375000 0.341667 0.310937 0.348611
0 0.381250 0.309722 0.405469 0.306944 0.403125 0.336111 0.378906 0.338889
0 0.408594 0.312500 0.450000 0.311111 0.449219 0.336111 0.407813 0.337500
0 0.335938 0.340278 0.346094 0.338889 0.345313 0.358333 0.335156 0.361111
0 0.346094 0.340278 0.379688 0.336111 0.378906 0.356944 0.345313 0.362500
0 0.381250 0.341667 0.415625 0.340278 0.414844 0.354167 0.380469 0.355556
0 0.417969 0.338889 0.429688 0.337500 0.428125 0.352778 0.415625 0.354167
0 0.478906 0.319444 0.513281 0.320833 0.513281 0.340278 0.478906 0.338889
0 0.367188 0.361111 0.464062 0.358333 0.463281 0.375000 0.366406 0.377778
0 0.375781 0.375000 0.430469 0.373611 0.431250 0.386111 0.376563 0.387500
0 0.607812 0.333333 0.657031 0.281944 0.659375 0.318056 0.610156 0.369444
0 0.001563 0.413889 0.038281 0.419444 0.036719 0.448611 0.000000 0.443056
