0 0.503125 0.266667 0.531250 0.268056 0.532031 0.284722 0.503125 0.283333
0 0.475000 0.269444 0.501563 0.269444 0.501563 0.283333 0.475000 0.283333
0 0.507812 0.250000 0.546094 0.251389 0.546094 0.265278 0.507812 0.265278
0 0.547656 0.251389 0.568750 0.251389 0.568750 0.265278 0.546875 0.265278
0 0.457031 0.272222 0.475000 0.269444 0.475000 0.286111 0.457031 0.287500
0 0.476562 0.251389 0.507031 0.252778 0.507812 0.266667 0.477344 0.265278
0 0.085938 0.365278 0.189062 0.362500 0.189062 0.395833 0.087500 0.398611
0 0.537500 0.266667 0.566406 0.268056 0.566406 0.283333 0.537500 0.283333
0 0.567187 0.266667 0.585938 0.268056 0.585156 0.283333 0.567187 0.281944
0 0.513281 0.286111 0.532031 0.286111 0.531250 0.302778 0.512500 0.302778
0 0.130469 0.111111 0.150781 0.111111 0.150781 0.126389 0.130469 0.126389
0 0.112500 0.126389 0.157031 0.127778 0.156250 0.143056 0.111719 0.143056
