0 0.254688 0.862500 0.369531 0.794444 0.383594 0.815278 0.268750 0.880556
0 0.067969 0.858333 0.171875 0.848611 0.171875 0.883333 0.067187 0.888889
0 0.062500 0.400000 0.125781 0.411111 0.121094 0.451389 0.060156 0.433333
0 0.057813 0.444444 0.121875 0.451389 0.120313 0.493056 0.058594 0.481944
0 0.055469 0.480556 0.125000 0.486111 0.122656 0.529167 0.055469 0.518056
0 0.070312 0.362500 0.134375 0.375000 0.126562 0.413889 0.063281 0.402778
0 0.845313 0.150000 0.856250 0.152778 0.856250 0.184722 0.848437 0.184722
0 0.854688 0.129167 0.910937 0.122222 0.918750 0.201389 0.860938 0.212500
0 0.291406 0.418056 0.339844 0.416667 0.342187 0.445833 0.292187 0.448611
0 0.316406 0.177778 0.336719 0.186111 0.335938 0.211111 0.315625 0.202778
0 0.310156 0.208333 0.340625 0.215278 0.340625 0.247222 0.310156 0.240278
