0 0.001563 0.380556 0.073438 0.384722 0.072656 0.416667 0.001563 0.415278
0 0.039844 0.501389 0.103125 0.493056 0.103125 0.522222 0.040625 0.527778
0 0.040625 0.420833 0.096875 0.423611 0.096875 0.462500 0.041406 0.463889
0 0.079687 0.381944 0.120313 0.381944 0.119531 0.418056 0.079687 0.416667
0 0.039844 0.331944 0.082031 0.337500 0.082031 0.375000 0.039844 0.373611
0 0.003906 0.502778 0.036719 0.500000 0.036719 0.530556 0.003906 0.530556
0 0.106250 0.495833 0.153125 0.493056 0.153125 0.515278 0.105469 0.520833
0 0.000000 0.534722 0.021094 0.533333 0.021094 0.565278 0.002344 0.566667
0 0.024219 0.531944 0.060937 0.529167 0.060937 0.555556 0.023438 0.558333
0 0.063281 0.527778 0.091406 0.526389 0.091406 0.550000 0.064062 0.554167
0 0.974219 0.404167 0.998437 0.400000 0.999219 0.437500 0.975000 0.440278
0 0.002344 0.326389 0.036719 0.333333 0.036719 0.372222 0.001563 0.365278
0 0.000000 0.426389 0.034375 0.427778 0.036719 0.459722 0.002344 0.461111
0 0.256250 0.001389 0.285156 0.020833 0.282031 0.081944 0.224219 0.016667
0 0.538281 0.338889 0.650000 0.369444 0.660937 0.523611 0.550781 0.573611
0 0.400000 0.430556 0.417187 0.429167 0.417969 0.455556 0.399219 0.459722
0 0.293750 0.383333 0.334375 0.426389 0.329688 0.441667 0.293750 0.409722
0 0.967187 0.370833 0.996875 0.369444 0.997656 0.402778 0.969531 0.402778
0 0.703125 0.301389 0.730469 0.294444 0.732031 0.331944 0.706250 0.336111
0 0.757031 0.347222 0.775000 0.347222 0.776563 0.365278 0.757812 0.365278
0 0.739062 0.840278 0.769531 0.847222 0.768750 0.881944 0.740625 0.877778
0 0.780469 0.672222 0.800781 0.673611 0.803906 0.698611 0.781250 0.697222
0 0.557031 0.605556 0.658594 0.545833 0.667188 0.694444 0.566406 0.848611
