0 0.675781 0.372222 0.889062 0.352778 0.893750 0.438889 0.677344 0.440278
0 0.674219 0.445833 0.892969 0.430556 0.896094 0.522222 0.683594 0.520833
0 0.689844 0.833333 0.914844 0.855556 0.917188 0.938889 0.692969 0.904167
0 0.689844 0.905556 0.914844 0.933333 0.910937 0.997222 0.690625 0.980556
0 0.536719 0.358333 0.552344 0.355556 0.551562 0.390278 0.535937 0.393056
0 0.503125 0.504167 0.552344 0.472222 0.554688 0.495833 0.504687 0.529167
0 0.520312 0.363889 0.532813 0.356944 0.532813 0.390278 0.520312 0.395833
0 0.059375 0.431944 0.090625 0.433333 0.089844 0.450000 0.058594 0.448611
0 0.068750 0.413889 0.083594 0.413889 0.082812 0.431944 0.067969 0.431944
0 0.064062 0.500000 0.085938 0.495833 0.084375 0.515278 0.063281 0.518056
