0 0.354687 0.159722 0.372656 0.159722 0.370312 0.180556 0.357031 0.183333
0 0.371875 0.158333 0.409375 0.155556 0.410156 0.183333 0.370312 0.180556
0 0.437500 0.115278 0.492188 0.118056 0.496875 0.156944 0.439063 0.156944
0 0.370312 0.184722 0.442969 0.177778 0.443750 0.197222 0.371094 0.195833
0 0.408594 0.152778 0.453125 0.159722 0.453125 0.176389 0.410156 0.177778
0 0.402344 0.118056 0.435937 0.115278 0.435937 0.154167 0.403906 0.154167
0 0.318750 0.113889 0.404687 0.111111 0.406250 0.156944 0.320312 0.158333
0 0.515625 0.113889 0.560156 0.113889 0.560156 0.140278 0.516406 0.136111
0 0.730469 0.186111 0.752344 0.187500 0.751563 0.211111 0.729688 0.209722
0 0.513281 0.176389 0.542969 0.176389 0.542969 0.187500 0.513281 0.187500
0 0.380469 0.252778 0.412500 0.252778 0.412500 0.269444 0.380469 0.269444
0 0.377344 0.269444 0.420312 0.270833 0.420312 0.288889 0.377344 0.287500
