1.0 380.0 71.0 371.0 74.0 416.0 4.0 431.0 text 0
74.0 366.0 94.0 360.0 96.0 408.0 75.0 416.0 text 0
4.0 432.0 101.0 405.0 105.0 450.0 6.0 476.0 text 0
3.0 477.0 76.0 456.0 80.0 505.0 4.0 527.0 text 0
76.0 453.0 174.0 424.0 178.0 471.0 78.0 502.0 text 0
750.0 155.0 795.0 151.0 795.0 176.0 750.0 181.0 text 0
794.0 160.0 846.0 156.0 846.0 171.0 794.0 174.0 text 0
876.0 201.0 1016.0 193.0 1016.0 216.0 876.0 224.0 text 0
876.0 223.0 1022.0 224.0 1022.0 248.0 876.0 247.0 text 0
953.0 250.0 1021.0 251.0 1020.0 281.0 952.0 280.0 text 0
