0 0.826562 0.523611 0.893750 0.529167 0.896094 0.572222 0.829688 0.566667
0 0.829688 0.562500 0.900000 0.563889 0.902344 0.608333 0.832031 0.606944
0 0.017969 0.454167 0.085938 0.451389 0.086719 0.480556 0.018750 0.483333
0 0.575000 0.369444 0.610156 0.363889 0.611719 0.383333 0.576562 0.390278
0 0.269531 0.472222 0.334375 0.463889 0.335938 0.505556 0.270313 0.513889
0 0.585938 0.281944 0.615625 0.280556 0.617969 0.309722 0.587500 0.311111
0 0.683594 0.322222 0.740625 0.308333 0.740625 0.330556 0.683594 0.344444
0 0.102344 0.361111 0.315625 0.347222 0.313281 0.451389 0.101562 0.451389
0 0.800000 0.301389 0.867969 0.270833 0.871094 0.313889 0.803125 0.344444
0 0.807031 0.338889 0.871094 0.316667 0.878906 0.404167 0.814844 0.425000
0 0.810937 0.419444 0.878125 0.405556 0.882812 0.440278 0.815625 0.454167
0 0.829688 0.451389 0.885156 0.444444 0.886719 0.493056 0.831250 0.501389
0 0.834375 0.493056 0.891406 0.491667 0.892969 0.529167 0.836719 0.530556
0 0.735156 0.344444 0.782813 0.323611 0.785937 0.361111 0.738281 0.381944
0 0.739062 0.376389 0.755469 0.368056 0.760156 0.437500 0.743750 0.445833
0 0.750000 0.468056 0.789844 0.463889 0.790625 0.505556 0.750781 0.509722
0 0.748437 0.501389 0.804688 0.502778 0.806250 0.536111 0.750781 0.534722
0 0.757812 0.531944 0.807031 0.531944 0.807813 0.569444 0.758594 0.569444
0 0.756250 0.562500 0.813281 0.563889 0.812500 0.600000 0.755469 0.598611
0 0.745313 0.444444 0.764062 0.440278 0.764062 0.473611 0.745313 0.476389
0 0.576562 0.404167 0.591406 0.400000 0.592969 0.419444 0.578125 0.423611
0 0.591406 0.402778 0.617188 0.397222 0.617188 0.415278 0.591406 0.420833
0 0.683594 0.345833 0.720313 0.338889 0.720313 0.359722 0.683594 0.366667
0 0.626563 0.390278 0.655469 0.387500 0.655469 0.401389 0.626563 0.405556
0 0.575781 0.387500 0.611719 0.383333 0.610938 0.397222 0.575781 0.401389
