0 0.349219 0.777778 0.371094 0.770833 0.370312 0.787500 0.348438 0.794444
0 0.696875 0.488889 0.740625 0.522222 0.739062 0.552778 0.696875 0.523611
0 0.711719 0.538889 0.740625 0.558333 0.737500 0.590278 0.710938 0.570833
0 0.743750 0.566667 0.786719 0.605556 0.782031 0.630556 0.742188 0.598611
0 0.784375 0.602778 0.817187 0.629167 0.816406 0.650000 0.784375 0.627778
0 0.742188 0.520833 0.769531 0.543056 0.767969 0.570833 0.740625 0.554167
0 0.248438 0.781944 0.339062 0.754167 0.339062 0.770833 0.248438 0.801389
0 0.245312 0.798611 0.334375 0.769444 0.333594 0.801389 0.239844 0.829167
0 0.969531 0.052778 0.980469 0.052778 0.979688 0.087500 0.968750 0.087500
0 0.309375 0.168056 0.349219 0.170833 0.350000 0.188889 0.310156 0.186111
0 0.247656 0.156944 0.300000 0.161111 0.299219 0.190278 0.246875 0.186111
0 0.191406 0.163889 0.242188 0.168056 0.239063 0.188889 0.189062 0.186111
0 0.346094 0.319444 0.531250 0.288889 0.527344 0.375000 0.342187 0.404167
0 0.543750 0.294444 0.671875 0.283333 0.669531 0.362500 0.542188 0.372222
0 0.299219 0.266667 0.310937 0.266667 0.310937 0.288889 0.299219 0.288889
0 0.168750 0.181944 0.189062 0.631944 0.176563 0.738889 0.146875 0.188889
0 0.258594 0.763889 0.281250 0.758333 0.282031 0.769444 0.259375 0.773611
0 0.283594 0.756944 0.325000 0.745833 0.325781 0.755556 0.284375 0.766667
0 0.327344 0.744444 0.333594 0.743056 0.334375 0.754167 0.328125 0.755556
0 0.335156 0.741667 0.362500 0.733333 0.364844 0.743056 0.335156 0.752778
0 0.336719 0.756944 0.355469 0.745833 0.365625 0.758333 0.350000 0.775000
0 0.459375 0.486111 0.469531 0.484722 0.469531 0.493056 0.459375 0.495833
0 0.614844 0.452778 0.625000 0.454167 0.625000 0.462500 0.614844 0.466667
0 0.303125 0.150000 0.334375 0.152778 0.334375 0.168056 0.303125 0.168056
