0 0.479687 0.220833 0.504687 0.220833 0.503906 0.240278 0.473438 0.244444
0 0.203125 0.076389 0.371094 0.045833 0.376563 0.118056 0.202344 0.137500
0 0.403125 0.169444 0.441406 0.169444 0.443750 0.190278 0.404687 0.195833
0 0.478125 0.154167 0.545312 0.144444 0.548438 0.169444 0.478906 0.177778
0 0.479687 0.176389 0.545312 0.165278 0.545312 0.212500 0.474219 0.222222
0 0.390625 0.045833 0.550781 0.018056 0.550781 0.087500 0.392188 0.109722
0 0.409375 0.202778 0.467187 0.197222 0.469531 0.216667 0.409375 0.220833
0 0.410938 0.226389 0.466406 0.219444 0.467187 0.247222 0.410156 0.248611
0 0.123438 0.451389 0.133594 0.447222 0.133594 0.458333 0.124219 0.461111
0 0.010937 0.475000 0.026562 0.472222 0.025781 0.481944 0.010156 0.484722
0 0.025000 0.472222 0.032813 0.472222 0.034375 0.481944 0.026562 0.481944
0 0.034375 0.468056 0.050000 0.466667 0.051562 0.479167 0.035156 0.481944
0 0.050781 0.466667 0.064062 0.463889 0.063281 0.477778 0.050000 0.480556
0 0.000781 0.476389 0.007812 0.476389 0.007812 0.487500 0.000781 0.487500
