0 0.511719 0.200000 0.544531 0.193056 0.542969 0.219444 0.509375 0.227778
0 0.425781 0.219444 0.446875 0.212500 0.444531 0.244444 0.425781 0.247222
0 0.275781 0.248611 0.286719 0.251389 0.289062 0.281944 0.273438 0.276389
0 0.292187 0.247222 0.341406 0.236111 0.340625 0.269444 0.292969 0.275000
0 0.346875 0.236111 0.402344 0.225000 0.401562 0.259722 0.345313 0.268056
0 0.196875 0.268056 0.269531 0.247222 0.270313 0.287500 0.193750 0.300000
0 0.406250 0.223611 0.423438 0.223611 0.422656 0.247222 0.407031 0.250000
0 0.150000 0.277778 0.192188 0.268056 0.192969 0.298611 0.147656 0.304167
0 0.455469 0.212500 0.507812 0.204167 0.506250 0.229167 0.454688 0.238889
0 0.272656 0.313889 0.338281 0.302778 0.338281 0.358333 0.269531 0.372222
0 0.345313 0.300000 0.407031 0.294444 0.407031 0.343056 0.346094 0.361111
0 0.408594 0.284722 0.442188 0.283333 0.443750 0.333333 0.411719 0.338889
0 0.221094 0.393056 0.388281 0.358333 0.384375 0.405556 0.221094 0.448611
0 0.393750 0.347222 0.497656 0.338889 0.497656 0.376389 0.390625 0.405556
0 0.176563 0.613889 0.257031 0.595833 0.257031 0.620833 0.177344 0.640278
0 0.256250 0.595833 0.315625 0.577778 0.317188 0.605556 0.257031 0.619444
