0 0.451562 0.308333 0.521094 0.334722 0.516406 0.411111 0.450781 0.400000
0 0.353125 0.284722 0.438281 0.312500 0.435937 0.397222 0.353906 0.380556
0 0.110937 0.486111 0.177344 0.483333 0.180469 0.529167 0.110937 0.529167
0 0.120313 0.529167 0.171875 0.533333 0.167969 0.570833 0.120313 0.575000
0 0.100000 0.575000 0.189062 0.569444 0.193750 0.620833 0.102344 0.636111
0 0.261719 0.491667 0.301563 0.493056 0.301563 0.533333 0.260937 0.531944
0 0.312500 0.486111 0.346875 0.495833 0.348438 0.533333 0.312500 0.531944
0 0.518750 0.670833 0.565625 0.661111 0.568750 0.690278 0.521094 0.705556
0 0.253906 0.570833 0.297656 0.565278 0.295312 0.584722 0.252344 0.588889
0 0.238281 0.597222 0.294531 0.587500 0.292969 0.606944 0.236719 0.616667
0 0.225000 0.534722 0.339844 0.526389 0.339844 0.548611 0.223438 0.559722
0 0.433594 0.329167 0.454688 0.333333 0.455469 0.381944 0.433594 0.380556
0 0.467187 0.416667 0.485156 0.412500 0.485938 0.431944 0.467187 0.436111
0 0.670312 0.470833 0.701562 0.470833 0.721875 0.687500 0.680469 0.713889
0 0.002344 0.533333 0.014844 0.534722 0.017188 0.562500 0.001563 0.559722
0 0.300781 0.504167 0.311719 0.504167 0.312500 0.530556 0.300781 0.530556
