0 0.000781 0.527778 0.055469 0.515278 0.057813 0.577778 0.003125 0.598611
0 0.057813 0.508333 0.073438 0.500000 0.075000 0.566667 0.058594 0.577778
0 0.003125 0.600000 0.078906 0.562500 0.082031 0.625000 0.004687 0.661111
0 0.002344 0.662500 0.059375 0.633333 0.062500 0.701389 0.003125 0.731944
0 0.059375 0.629167 0.135937 0.588889 0.139063 0.654167 0.060937 0.697222
0 0.585938 0.215278 0.621094 0.209722 0.621094 0.244444 0.585938 0.251389
0 0.620313 0.222222 0.660937 0.216667 0.660937 0.237500 0.620313 0.241667
0 0.684375 0.279167 0.793750 0.268056 0.793750 0.300000 0.684375 0.311111
0 0.684375 0.309722 0.798438 0.311111 0.798438 0.344444 0.684375 0.343056
0 0.744531 0.347222 0.797656 0.348611 0.796875 0.390278 0.743750 0.388889
