0 0.587500 0.333333 0.626563 0.331944 0.627344 0.361111 0.587500 0.363889
0 0.591406 0.104167 0.626563 0.115278 0.626563 0.136111 0.592187 0.140278
0 0.580469 0.230556 0.622656 0.226389 0.625000 0.261111 0.579688 0.259722
0 0.507812 0.113889 0.533594 0.109722 0.533594 0.136111 0.507812 0.140278
0 0.578125 0.065278 0.610938 0.066667 0.615625 0.098611 0.578906 0.094444
0 0.529687 0.108333 0.564063 0.112500 0.565625 0.137500 0.534375 0.138889
0 0.535156 0.066667 0.576562 0.065278 0.575781 0.088889 0.536719 0.097222
0 0.559375 0.134722 0.597656 0.137500 0.598437 0.158333 0.561719 0.159722
0 0.567187 0.111111 0.593750 0.112500 0.592187 0.134722 0.566406 0.136111
0 0.523438 0.227778 0.578906 0.226389 0.578906 0.269444 0.527344 0.270833
0 0.710156 0.120833 0.753125 0.100000 0.753906 0.140278 0.710938 0.158333
0 0.533594 0.341667 0.574219 0.338889 0.574219 0.370833 0.533594 0.375000
0 0.551562 0.440278 0.621094 0.430556 0.622656 0.454167 0.553125 0.462500
0 0.536719 0.468056 0.632031 0.458333 0.632812 0.479167 0.536719 0.488889
0 0.861719 0.133333 0.908594 0.116667 0.910156 0.152778 0.863281 0.169444
0 0.845313 0.169444 0.898438 0.154167 0.900000 0.194444 0.846875 0.209722
0 0.869531 0.205556 0.903906 0.183333 0.904687 0.215278 0.870313 0.238889
0 0.921875 0.154167 0.971094 0.131944 0.973437 0.166667 0.924219 0.187500
0 0.857812 0.029167 0.949219 0.001389 0.957031 0.038889 0.862500 0.083333
0 0.957812 0.004167 0.982812 0.000000 0.999219 0.016667 0.964063 0.037500
0 0.964844 0.812500 0.999219 0.801389 0.999219 0.830556 0.964844 0.840278
0 0.575781 0.340278 0.584375 0.337500 0.585156 0.362500 0.574219 0.366667
