0 0.187500 0.740278 0.200781 0.726389 0.200781 0.745833 0.188281 0.758333
0 0.176563 0.376389 0.222656 0.377778 0.221094 0.398611 0.175000 0.397222
0 0.322656 0.434722 0.349219 0.418056 0.350000 0.516667 0.325781 0.533333
0 0.363281 0.025000 0.414844 0.106944 0.410156 0.181944 0.364844 0.118056
0 0.187500 0.463889 0.234375 0.452778 0.234375 0.516667 0.189062 0.533333
0 0.097656 0.465278 0.135156 0.472222 0.137500 0.506944 0.101562 0.515278
0 0.176563 0.550000 0.228125 0.550000 0.231250 0.604167 0.178125 0.631944
0 0.169531 0.306944 0.220312 0.309722 0.221094 0.384722 0.172656 0.380556
0 0.868750 0.097222 0.917188 0.063889 0.917188 0.155556 0.868750 0.176389
0 0.074219 0.884722 0.110937 0.883333 0.107813 0.912500 0.071875 0.913889
0 0.180469 0.626389 0.228906 0.597222 0.228906 0.618056 0.180469 0.647222
0 0.201563 0.726389 0.221875 0.704167 0.222656 0.723611 0.202344 0.745833
0 0.222656 0.702778 0.229687 0.697222 0.230469 0.712500 0.223438 0.719444
0 0.189844 0.761111 0.228906 0.718056 0.228906 0.738889 0.189844 0.780556
0 0.050000 0.241667 0.070312 0.238889 0.068750 0.263889 0.049219 0.266667
0 0.070312 0.237500 0.085156 0.234722 0.085938 0.259722 0.070312 0.262500
0 0.086719 0.236111 0.100000 0.234722 0.101562 0.256944 0.087500 0.259722
0 0.102344 0.230556 0.109375 0.229167 0.109375 0.256944 0.101562 0.256944
0 0.439063 0.177778 0.468750 0.215278 0.463281 0.261111 0.433594 0.225000
0 0.486719 0.320833 0.529687 0.319444 0.529687 0.340278 0.486719 0.341667
