0 0.321875 0.916667 0.375000 0.931944 0.371875 0.997222 0.324219 0.995833
0 0.424219 0.343056 0.547656 0.327778 0.544531 0.377778 0.425781 0.390278
0 0.848437 0.690278 0.957812 0.700000 0.961719 0.775000 0.850000 0.769444
0 0.966406 0.708333 0.993750 0.715278 0.994531 0.779167 0.968750 0.780556
0 0.644531 0.763889 0.826562 0.779167 0.832812 0.898611 0.650000 0.883333
0 0.740625 0.697222 0.844531 0.708333 0.845313 0.772222 0.743750 0.761111
0 0.837500 0.781944 0.989844 0.791667 0.996875 0.923611 0.843750 0.916667
0 0.640625 0.695833 0.735938 0.698611 0.735938 0.761111 0.640625 0.752778
0 0.024219 0.479167 0.050000 0.477778 0.048438 0.505556 0.021875 0.506944
0 0.050781 0.477778 0.098437 0.479167 0.098437 0.505556 0.050781 0.504167
0 0.229687 0.475000 0.248438 0.475000 0.248438 0.505556 0.229687 0.505556
0 0.235156 0.305556 0.266406 0.306944 0.265625 0.330556 0.234375 0.329167
0 0.032813 0.288889 0.067969 0.291667 0.067187 0.315278 0.032031 0.313889
0 0.171875 0.301389 0.192969 0.301389 0.192969 0.320833 0.171875 0.320833
