0 0.854688 0.537500 0.893750 0.543056 0.894531 0.569444 0.855469 0.563889
0 0.852344 0.486111 0.892969 0.488889 0.892969 0.516667 0.852344 0.513889
0 0.437500 0.426389 0.493750 0.423611 0.492188 0.452778 0.437500 0.448611
0 0.602344 0.338889 0.685156 0.326389 0.684375 0.354167 0.603906 0.362500
0 0.057031 0.322222 0.097656 0.326389 0.097656 0.337500 0.057031 0.333333
0 0.497656 0.041667 0.550781 0.001389 0.587500 0.020833 0.507812 0.106944
0 0.820312 0.488889 0.848437 0.488889 0.849219 0.515278 0.821094 0.515278
0 0.033594 0.288889 0.121875 0.297222 0.119531 0.330556 0.036719 0.320833
0 0.823438 0.537500 0.854688 0.541667 0.855469 0.563889 0.824219 0.561111
0 0.893750 0.538889 0.929688 0.547222 0.930469 0.575000 0.894531 0.566667
0 0.310937 0.418056 0.338281 0.418056 0.338281 0.437500 0.310937 0.437500
0 0.404687 0.313889 0.429688 0.316667 0.429688 0.348611 0.404687 0.344444
0 0.902344 0.484722 0.939063 0.479167 0.942969 0.531944 0.907031 0.536111
0 0.946875 0.431944 0.981250 0.431944 0.981250 0.495833 0.946875 0.495833
0 0.928906 0.138889 0.949219 0.138889 0.949219 0.180556 0.928906 0.180556
0 0.000000 0.920833 0.112500 0.875000 0.115625 0.944444 0.003125 0.990278
