761.0 200.0 856.0 147.0 867.0 167.0 772.0 220.0 text 0
786.0 145.0 812.0 128.0 818.0 141.0 792.0 157.0 text 0
816.0 126.0 839.0 112.0 843.0 125.0 821.0 138.0 text 0
869.0 140.0 882.0 133.0 892.0 154.0 879.0 162.0 text 0
1045.0 152.0 1057.0 147.0 1064.0 165.0 1052.0 170.0 text 0
1164.0 216.0 1202.0 203.0 1212.0 228.0 1174.0 240.0 text 0
1208.0 204.0 1223.0 199.0 1232.0 221.0 1217.0 226.0 text 0
1171.0 246.0 1223.0 232.0 1233.0 255.0 1182.0 269.0 text 0
1138.0 164.0 1223.0 133.0 1231.0 152.0 1146.0 183.0 text 0
750.0 214.0 763.0 207.0 769.0 221.0 756.0 229.0 text 0
698.0 339.0 737.0 325.0 741.0 340.0 702.0 354.0 text 0
727.0 431.0 748.0 429.0 753.0 448.0 732.0 451.0 text 0
684.0 439.0 719.0 434.0 723.0 452.0 688.0 457.0 text 0
720.0 434.0 728.0 433.0 731.0 450.0 723.0 452.0 text 0
658.0 379.0 739.0 358.0 744.0 372.0 663.0 394.0 text 0
657.0 395.0 716.0 381.0 720.0 394.0 661.0 408.0 text 0
650.0 358.0 673.0 346.0 678.0 361.0 654.0 373.0 text 0
740.0 473.0 779.0 465.0 783.0 493.0 746.0 495.0 text 0
693.0 463.0 751.0 457.0 752.0 464.0 695.0 470.0 text 0
706.0 476.0 736.0 474.0 740.0 495.0 711.0 497.0 text 0
1233.0 193.0 1277.0 184.0 1277.0 208.0 1239.0 220.0 text 0
1231.0 226.0 1275.0 220.0 1276.0 242.0 1242.0 254.0 text 0
1151.0 181.0 1232.0 154.0 1233.0 164.0 1152.0 191.0 text 0
