0 0.715625 0.177778 0.790625 0.079167 0.795312 0.158333 0.721094 0.255556
0 0.268750 0.369444 0.318750 0.369444 0.317969 0.393056 0.268750 0.397222
0 0.466406 0.309722 0.504687 0.306944 0.508594 0.343056 0.466406 0.344444
0 0.460938 0.344444 0.504687 0.338889 0.502344 0.388889 0.464062 0.393056
0 0.505469 0.327778 0.557813 0.347222 0.555469 0.383333 0.506250 0.388889
0 0.467187 0.245833 0.560156 0.238889 0.557813 0.301389 0.466406 0.295833
0 0.465625 0.393056 0.527344 0.381944 0.528125 0.430556 0.467187 0.430556
0 0.460938 0.200000 0.564063 0.186111 0.560937 0.247222 0.461719 0.251389
0 0.193750 0.169444 0.228125 0.218056 0.221875 0.263889 0.189844 0.229167
0 0.526563 0.372222 0.558594 0.386111 0.562500 0.431944 0.528906 0.423611
0 0.471094 0.562500 0.560937 0.558333 0.563281 0.593056 0.470313 0.593056
0 0.469531 0.506944 0.560937 0.506944 0.560937 0.522222 0.468750 0.530556
0 0.464062 0.522222 0.564844 0.523611 0.564844 0.547222 0.465625 0.544444
0 0.015625 0.222222 0.040625 0.229167 0.039062 0.280556 0.013281 0.272222
0 0.594531 0.434722 0.607031 0.436111 0.607031 0.455556 0.594531 0.454167
0 0.596875 0.600000 0.611719 0.600000 0.611719 0.620833 0.596875 0.620833
0 0.189062 0.409722 0.221875 0.411111 0.221875 0.423611 0.189062 0.422222
0 0.471875 0.163889 0.489844 0.161111 0.489844 0.181944 0.471875 0.184722
0 0.489063 0.161111 0.509375 0.159722 0.509375 0.176389 0.489063 0.177778
0 0.510156 0.156944 0.535156 0.159722 0.533594 0.180556 0.508594 0.176389
0 0.534375 0.159722 0.551562 0.161111 0.550781 0.183333 0.533594 0.181944
