0 0.762500 0.237500 0.784375 0.244444 0.786719 0.301389 0.760156 0.304167
0 0.405469 0.306944 0.427344 0.306944 0.427344 0.325000 0.403906 0.325000
0 0.787500 0.155556 0.848437 0.133333 0.851562 0.183333 0.787500 0.200000
0 0.871094 0.036111 0.908594 0.013889 0.916406 0.031944 0.868750 0.056944
0 0.864062 0.061111 0.921094 0.031944 0.922656 0.061111 0.864844 0.086111
0 0.519531 0.220833 0.571094 0.226389 0.572656 0.256944 0.521094 0.251389
0 0.711719 0.265278 0.758594 0.248611 0.764062 0.336111 0.713281 0.330556
0 0.596094 0.223611 0.642969 0.209722 0.648438 0.306944 0.598437 0.316667
0 0.164062 0.372222 0.197656 0.370833 0.197656 0.426389 0.165625 0.429167
0 0.752344 0.115278 0.791406 0.098611 0.794531 0.123611 0.752344 0.136111
0 0.907813 0.109722 0.973437 0.090278 0.974219 0.147222 0.915625 0.158333
0 0.757812 0.091667 0.784375 0.077778 0.787500 0.100000 0.757031 0.113889
0 0.761719 0.305556 0.789062 0.302778 0.785156 0.327778 0.764062 0.329167
0 0.825000 0.229167 0.884375 0.211111 0.895312 0.320833 0.827344 0.320833
0 0.885938 0.215278 0.925781 0.211111 0.932031 0.280556 0.896094 0.286111
0 0.890625 0.286111 0.934375 0.286111 0.917969 0.316667 0.896094 0.315278
0 0.900000 0.465278 0.939844 0.470833 0.939844 0.491667 0.900000 0.487500
0 0.941406 0.472222 0.962500 0.479167 0.961719 0.495833 0.942187 0.494444
0 0.964063 0.476389 0.985938 0.476389 0.982812 0.502778 0.964063 0.498611
0 0.611719 0.641667 0.667969 0.683333 0.664844 0.761111 0.608594 0.720833
0 0.811719 0.208333 0.957031 0.193056 0.957031 0.206944 0.812500 0.222222
0 0.711719 0.226389 0.761719 0.226389 0.761719 0.237500 0.711719 0.237500
