0 0.239063 0.426389 0.252344 0.427778 0.251563 0.448611 0.238281 0.448611
0 0.071094 0.429167 0.094531 0.418056 0.096094 0.469444 0.072656 0.476389
0 0.237500 0.251389 0.264844 0.259722 0.265625 0.279167 0.236719 0.279167
0 0.175000 0.284722 0.195312 0.281944 0.196094 0.302778 0.174219 0.302778
0 0.198437 0.281944 0.261719 0.281944 0.263281 0.300000 0.198437 0.304167
0 0.199219 0.258333 0.234375 0.263889 0.234375 0.280556 0.196875 0.280556
0 0.181250 0.315278 0.208594 0.315278 0.208594 0.336111 0.176563 0.336111
0 0.167969 0.262500 0.196094 0.265278 0.195312 0.280556 0.164844 0.280556
0 0.211719 0.309722 0.257812 0.312500 0.258594 0.331944 0.210156 0.338889
0 0.171094 0.338889 0.203125 0.343056 0.203125 0.356944 0.167969 0.359722
0 0.206250 0.331944 0.267188 0.337500 0.267188 0.361111 0.204687 0.366667
0 0.171875 0.363889 0.218750 0.375000 0.218750 0.393056 0.164844 0.395833
0 0.221094 0.372222 0.232813 0.366667 0.233594 0.387500 0.219531 0.390278
0 0.232813 0.368056 0.261719 0.366667 0.261719 0.388889 0.233594 0.391667
0 0.164062 0.436111 0.203125 0.434722 0.203906 0.452778 0.160938 0.459722
0 0.176563 0.398611 0.216406 0.397222 0.217188 0.416667 0.177344 0.419444
0 0.217188 0.393056 0.251563 0.390278 0.251563 0.416667 0.215625 0.416667
0 0.207031 0.429167 0.237500 0.429167 0.239063 0.448611 0.204687 0.454167
0 0.096875 0.422222 0.115625 0.419444 0.116406 0.461111 0.096094 0.465278
0 0.117188 0.415278 0.135156 0.420833 0.135937 0.454167 0.114844 0.459722
0 0.598437 0.137500 0.653906 0.076389 0.656250 0.137500 0.607031 0.179167
0 0.659375 0.066667 0.688281 0.044444 0.690625 0.112500 0.659375 0.134722
0 0.634375 0.340278 0.644531 0.338889 0.646875 0.373611 0.635938 0.375000
0 0.792969 0.368056 0.806250 0.370833 0.807031 0.419444 0.795312 0.413889
0 0.821875 0.365278 0.844531 0.373611 0.846094 0.427778 0.825000 0.427778
0 0.774219 0.198611 0.803906 0.212500 0.804688 0.254167 0.772656 0.263889
0 0.776563 0.240278 0.807031 0.254167 0.807813 0.295833 0.772656 0.311111
0 0.040625 0.000000 0.127344 0.084722 0.123438 0.126389 0.001563 0.022222
0 0.066406 0.263889 0.107031 0.259722 0.109375 0.286111 0.069531 0.288889
0 0.070312 0.290278 0.099219 0.291667 0.099219 0.312500 0.070312 0.311111
0 0.069531 0.329167 0.094531 0.326389 0.093750 0.345833 0.067969 0.347222
0 0.065625 0.345833 0.100781 0.343056 0.103125 0.370833 0.067969 0.372222
0 0.069531 0.377778 0.110156 0.377778 0.110156 0.404167 0.069531 0.404167
0 0.070312 0.412500 0.101562 0.405556 0.102344 0.423611 0.070312 0.430556
