0 0.210938 0.234722 0.249219 0.276389 0.250000 0.343056 0.214062 0.311111
0 0.179688 0.213889 0.214062 0.233333 0.211719 0.304167 0.182812 0.281944
0 0.206250 0.141667 0.254688 0.198611 0.253125 0.245833 0.204687 0.205556
0 0.000781 0.066667 0.060156 0.112500 0.047656 0.212500 0.000000 0.193056
0 0.062500 0.098611 0.184375 0.216667 0.178906 0.293056 0.060937 0.215278
0 0.134375 0.043056 0.212500 0.140278 0.202344 0.204167 0.134375 0.136111
0 0.081250 0.000000 0.142187 0.001389 0.125000 0.113889 0.096875 0.104167
0 0.003125 0.311111 0.074219 0.327778 0.075000 0.413889 0.002344 0.438889
0 0.073438 0.306944 0.118750 0.316667 0.113281 0.423611 0.082812 0.411111
0 0.117188 0.347222 0.164062 0.355556 0.164062 0.411111 0.117188 0.438889
0 0.164062 0.355556 0.226562 0.369444 0.225000 0.422222 0.165625 0.443056
0 0.041406 0.000000 0.078906 0.001389 0.080469 0.040278 0.056250 0.023611
0 0.869531 0.366667 0.895312 0.361111 0.896094 0.416667 0.869531 0.423611
0 0.724219 0.266667 0.755469 0.265278 0.757812 0.354167 0.725000 0.356944
0 0.750000 0.397222 0.789062 0.394444 0.792188 0.472222 0.753125 0.473611
