0 0.718750 0.769444 0.781250 0.763889 0.783594 0.806944 0.722656 0.819444
0 0.782813 0.759722 0.822656 0.761111 0.824219 0.802778 0.782031 0.809722
0 0.896875 0.240278 0.907813 0.238889 0.909375 0.273611 0.895312 0.279167
0 0.931250 0.223611 0.952344 0.212500 0.955469 0.229167 0.932813 0.238889
0 0.965625 0.254167 0.984375 0.248611 0.986719 0.268056 0.965625 0.273611
0 0.970313 0.181944 0.997656 0.165278 0.998437 0.188889 0.973437 0.198611
0 0.931250 0.247222 0.970313 0.230556 0.971094 0.245833 0.934375 0.263889
0 0.928125 0.201389 0.969531 0.181944 0.971094 0.201389 0.930469 0.220833
0 0.941406 0.265278 0.954688 0.258333 0.954688 0.277778 0.939844 0.284722
0 0.000000 0.897222 0.065625 0.883333 0.067969 0.963889 0.001563 0.975000
