0 0.140625 0.070833 0.224219 0.180556 0.218750 0.251389 0.134375 0.141667
0 0.146094 0.254167 0.200000 0.261111 0.198437 0.284722 0.144531 0.277778
0 0.006250 0.258333 0.072656 0.268056 0.071094 0.308333 0.004687 0.298611
0 0.316406 0.141667 0.348438 0.158333 0.346094 0.180556 0.314063 0.162500
0 0.534375 0.330556 0.571875 0.309722 0.571875 0.334722 0.534375 0.355556
0 0.640625 0.231944 0.675000 0.205556 0.673438 0.237500 0.638281 0.263889
0 0.711719 0.380556 0.728125 0.372222 0.727344 0.397222 0.710938 0.405556
0 0.263281 0.223611 0.284375 0.250000 0.282813 0.287500 0.261719 0.261111
0 0.300781 0.301389 0.314844 0.320833 0.310937 0.356944 0.297656 0.338889
0 0.300000 0.459722 0.314844 0.461111 0.313281 0.481944 0.298438 0.480556
