0 0.053125 0.423611 0.082812 0.422222 0.079687 0.455556 0.053125 0.452778
0 0.292187 0.270833 0.375781 0.290278 0.376563 0.326389 0.292187 0.308333
0 0.380469 0.301389 0.420312 0.311111 0.423438 0.336111 0.380469 0.327778
0 0.495312 0.327778 0.509375 0.329167 0.510156 0.350000 0.495312 0.344444
0 0.512500 0.327778 0.537500 0.325000 0.535937 0.356944 0.512500 0.350000
0 0.537500 0.336111 0.571094 0.344444 0.571875 0.365278 0.537500 0.358333
0 0.619531 0.386111 0.685156 0.383333 0.689063 0.411111 0.618750 0.415278
0 0.463281 0.320833 0.492969 0.323611 0.492969 0.343056 0.463281 0.340278
0 0.048438 0.356944 0.098437 0.362500 0.098437 0.390278 0.048438 0.384722
0 0.934375 0.000000 0.998437 0.001389 0.998437 0.030556 0.932031 0.034722
0 0.441406 0.156944 0.532813 0.170833 0.537500 0.191667 0.442188 0.183333
