0 0.727344 0.265278 0.768750 0.252778 0.767969 0.284722 0.728125 0.288889
0 0.764062 0.368056 0.807031 0.366667 0.807813 0.390278 0.764844 0.390278
0 0.171875 0.141667 0.266406 0.218056 0.258594 0.251389 0.167187 0.180556
0 0.367969 0.580556 0.395313 0.584722 0.394531 0.604167 0.367188 0.601389
0 0.353125 0.402778 0.475000 0.400000 0.475781 0.445833 0.357812 0.448611
0 0.078906 0.061111 0.162500 0.131944 0.157812 0.162500 0.070312 0.093056
0 0.477344 0.393056 0.576562 0.390278 0.576562 0.448611 0.475781 0.444444
0 0.011719 0.005556 0.061719 0.047222 0.053125 0.083333 0.003125 0.045833
0 0.620313 0.593056 0.698438 0.594444 0.700000 0.654167 0.615625 0.645833
0 0.728125 0.372222 0.762500 0.368056 0.762500 0.390278 0.729688 0.390278
0 0.724219 0.394444 0.815625 0.386111 0.814844 0.418056 0.731250 0.418056
0 0.770312 0.256944 0.814063 0.259722 0.814063 0.283333 0.771094 0.281944
0 0.814063 0.255556 0.829688 0.256944 0.831250 0.283333 0.816406 0.281944
0 0.771094 0.218056 0.830469 0.218056 0.830469 0.245833 0.771094 0.237500
0 0.721875 0.230556 0.767188 0.215278 0.767188 0.236111 0.729688 0.243056
0 0.722656 0.208333 0.775000 0.190278 0.775781 0.216667 0.727344 0.223611
0 0.777344 0.195833 0.805469 0.188889 0.803906 0.212500 0.779687 0.212500
0 0.803125 0.194444 0.840625 0.198611 0.839063 0.222222 0.809375 0.215278
0 0.911719 0.613889 0.999219 0.594444 0.997656 0.684722 0.903125 0.672222
0 0.221875 0.388889 0.246094 0.390278 0.245312 0.413889 0.221094 0.412500
