0 0.385937 0.275000 0.453125 0.219444 0.462500 0.258333 0.396875 0.302778
0 0.004687 0.538889 0.015625 0.530556 0.032031 0.576389 0.004687 0.609722
0 0.239063 0.386111 0.295312 0.333333 0.304688 0.375000 0.245312 0.416667
0 0.298438 0.336111 0.326562 0.311111 0.339062 0.350000 0.312500 0.366667
0 0.331250 0.313889 0.379688 0.269444 0.389062 0.311111 0.343750 0.341667
0 0.046094 0.534722 0.132031 0.463889 0.140625 0.495833 0.055469 0.562500
0 0.676562 0.105556 0.729688 0.075000 0.737500 0.100000 0.692187 0.120833
0 0.571875 0.150000 0.592187 0.141667 0.597656 0.166667 0.573438 0.177778
0 0.625000 0.340278 0.681250 0.327778 0.683594 0.361111 0.631250 0.376389
0 0.628125 0.377778 0.682813 0.369444 0.684375 0.395833 0.631250 0.402778
0 0.637500 0.436111 0.678125 0.440278 0.678125 0.466667 0.642188 0.465278
