0 0.031250 0.186111 0.198437 0.161111 0.201563 0.230556 0.040625 0.258333
0 0.338281 0.216667 0.349219 0.215278 0.353125 0.266667 0.342187 0.268056
0 0.243750 0.236111 0.301563 0.226389 0.303906 0.254167 0.250000 0.263889
0 0.567187 0.227778 0.660156 0.206944 0.675000 0.333333 0.585156 0.351389
0 0.777344 0.180556 0.826562 0.165278 0.832031 0.198611 0.783594 0.208333
0 0.353125 0.119444 0.504687 0.097222 0.512500 0.158333 0.364063 0.177778
0 0.185938 0.401389 0.222656 0.395833 0.227344 0.438889 0.189062 0.447222
0 0.372656 0.216667 0.425000 0.205556 0.428125 0.234722 0.378125 0.243056
0 0.375000 0.244444 0.439063 0.225000 0.442188 0.255556 0.379688 0.263889
0 0.143750 0.269444 0.203906 0.258333 0.204687 0.284722 0.149219 0.297222
0 0.181250 0.288889 0.224219 0.279167 0.227344 0.302778 0.183594 0.312500
0 0.641406 0.122222 0.701562 0.147222 0.699219 0.187500 0.638281 0.162500
