0 0.611719 0.551389 0.632031 0.554167 0.632031 0.570833 0.615625 0.575000
0 0.641406 0.627778 0.653125 0.625000 0.652344 0.644444 0.642969 0.644444
0 0.451562 0.508333 0.471094 0.508333 0.470313 0.540278 0.450781 0.540278
0 0.482812 0.602778 0.514844 0.605556 0.512500 0.626389 0.483594 0.629167
0 0.481250 0.579167 0.515625 0.577778 0.514844 0.605556 0.480469 0.601389
0 0.178125 0.444444 0.227344 0.450000 0.223438 0.466667 0.178906 0.456944
0 0.414062 0.504167 0.451562 0.506944 0.450000 0.541667 0.414844 0.537500
0 0.613281 0.493056 0.630469 0.494444 0.628906 0.550000 0.613281 0.547222
0 0.921875 0.519444 0.976562 0.518056 0.978125 0.552778 0.922656 0.552778
0 0.703125 0.319444 0.784375 0.225000 0.789062 0.316667 0.703125 0.395833
0 0.776563 0.150000 0.894531 0.143056 0.901563 0.200000 0.784375 0.319444
0 0.551562 0.436111 0.582812 0.404167 0.576562 0.466667 0.554688 0.480556
0 0.569531 0.413889 0.633594 0.390278 0.635156 0.450000 0.575781 0.483333
0 0.398438 0.837500 0.460938 0.850000 0.459375 0.884722 0.396875 0.872222
0 0.484375 0.505556 0.517188 0.508333 0.514844 0.581944 0.482031 0.579167
0 0.487500 0.504167 0.514062 0.506944 0.513281 0.579167 0.485938 0.576389
