766.0 114.0 1125.0 2.0 1170.0 47.0 772.0 188.0 text 0
882.0 685.0 904.0 691.0 905.0 719.0 879.0 717.0 text 0
1037.0 460.0 1117.0 465.0 1126.0 530.0 1056.0 530.0 text 0
1052.0 531.0 1091.0 528.0 1092.0 546.0 1057.0 546.0 text 0
1092.0 525.0 1147.0 526.0 1146.0 550.0 1097.0 547.0 text 0
707.0 245.0 755.0 235.0 760.0 253.0 710.0 267.0 text 0
674.0 221.0 748.0 198.0 750.0 225.0 677.0 246.0 text 0
668.0 259.0 708.0 250.0 710.0 265.0 672.0 276.0 text 0
961.0 511.0 1024.0 506.0 1025.0 526.0 965.0 527.0 text 0
922.0 381.0 1146.0 357.0 1156.0 440.0 931.0 451.0 text 0
666.0 150.0 750.0 112.0 752.0 165.0 669.0 202.0 text 0
686.0 191.0 738.0 173.0 742.0 201.0 690.0 219.0 text 0
958.0 462.0 1021.0 465.0 1021.0 486.0 958.0 482.0 text 0
968.0 492.0 1017.0 494.0 1021.0 512.0 972.0 510.0 text 0
783.0 220.0 869.0 191.0 873.0 206.0 787.0 236.0 text 0
782.0 234.0 831.0 225.0 831.0 238.0 782.0 247.0 text 0
932.0 171.0 986.0 155.0 991.0 171.0 937.0 187.0 text 0
931.0 190.0 1060.0 152.0 1063.0 172.0 935.0 210.0 text 0
776.0 216.0 875.0 188.0 885.0 222.0 779.0 253.0 text 0
774.0 190.0 1095.0 80.0 1107.0 116.0 776.0 215.0 text 0
929.0 171.0 1060.0 131.0 1069.0 174.0 927.0 209.0 text 0
845.0 85.0 1051.0 0.0 1066.0 15.0 850.0 93.0 text 0
