0 0.634375 0.377778 0.657031 0.375000 0.657813 0.391667 0.636719 0.391667
0 0.586719 0.375000 0.610938 0.373611 0.610156 0.393056 0.586719 0.390278
0 0.432812 0.327778 0.481250 0.325000 0.482031 0.395833 0.430469 0.393056
0 0.482031 0.316667 0.549219 0.325000 0.556250 0.363889 0.481250 0.359722
0 0.481250 0.358333 0.551562 0.359722 0.550781 0.397222 0.482031 0.394444
0 0.395313 0.327778 0.413281 0.330556 0.413281 0.398611 0.395313 0.400000
0 0.450000 0.445833 0.506250 0.452778 0.506250 0.475000 0.449219 0.475000
0 0.296875 0.331944 0.373437 0.327778 0.373437 0.394444 0.292187 0.394444
0 0.436719 0.463889 0.456250 0.469444 0.454688 0.506944 0.441406 0.506944
0 0.459375 0.470833 0.482812 0.470833 0.478125 0.504167 0.459375 0.502778
0 0.482812 0.472222 0.513281 0.475000 0.513281 0.506944 0.476562 0.505556
0 0.610938 0.340278 0.632031 0.336111 0.632812 0.359722 0.613281 0.356944
0 0.462500 0.502778 0.496875 0.502778 0.496094 0.523611 0.463281 0.523611
0 0.589063 0.338889 0.612500 0.336111 0.612500 0.355556 0.589063 0.354167
0 0.650000 0.338889 0.685937 0.336111 0.685937 0.358333 0.651563 0.356944
0 0.688281 0.341667 0.703125 0.336111 0.704688 0.358333 0.685937 0.358333
0 0.630469 0.341667 0.650781 0.337500 0.650781 0.358333 0.633594 0.356944
0 0.704688 0.340278 0.716406 0.341667 0.717187 0.361111 0.706250 0.358333
0 0.607031 0.358333 0.631250 0.356944 0.631250 0.375000 0.610938 0.373611
0 0.631250 0.358333 0.650000 0.355556 0.650000 0.375000 0.631250 0.373611
0 0.584375 0.355556 0.608594 0.355556 0.608594 0.375000 0.587500 0.373611
0 0.649219 0.359722 0.667188 0.358333 0.668750 0.376389 0.653125 0.375000
0 0.667188 0.359722 0.687500 0.358333 0.687500 0.377778 0.668750 0.377778
0 0.686719 0.361111 0.705469 0.358333 0.707812 0.379167 0.685937 0.377778
0 0.610156 0.375000 0.634375 0.376389 0.635156 0.394444 0.610938 0.391667
0 0.584375 0.394444 0.609375 0.393056 0.608594 0.411111 0.587500 0.408333
0 0.607812 0.394444 0.628125 0.393056 0.625781 0.409722 0.609375 0.409722
0 0.626563 0.394444 0.648438 0.391667 0.647656 0.411111 0.628125 0.411111
0 0.648438 0.391667 0.687500 0.390278 0.687500 0.409722 0.650000 0.408333
0 0.687500 0.391667 0.707812 0.386111 0.706250 0.409722 0.689844 0.409722
0 0.706250 0.393056 0.717187 0.387500 0.717187 0.409722 0.708594 0.408333
0 0.585938 0.411111 0.600781 0.405556 0.602344 0.427778 0.585938 0.426389
0 0.603125 0.411111 0.617188 0.408333 0.616406 0.426389 0.602344 0.425000
0 0.617188 0.411111 0.634375 0.411111 0.635156 0.429167 0.618750 0.426389
0 0.634375 0.412500 0.645312 0.412500 0.647656 0.427778 0.635938 0.427778
0 0.960938 0.345833 0.978125 0.344444 0.979688 0.358333 0.962500 0.361111
0 0.945312 0.347222 0.961719 0.345833 0.962500 0.361111 0.946094 0.362500
0 0.936719 0.347222 0.943750 0.345833 0.943750 0.361111 0.936719 0.362500
0 0.946094 0.361111 0.964063 0.358333 0.964063 0.375000 0.946094 0.377778
0 0.963281 0.362500 0.981250 0.361111 0.981250 0.376389 0.963281 0.377778
0 0.941406 0.380556 0.964063 0.375000 0.965625 0.390278 0.942969 0.397222
0 0.963281 0.381944 0.980469 0.377778 0.980469 0.390278 0.964063 0.395833
0 0.949219 0.395833 0.962500 0.395833 0.963281 0.406944 0.949219 0.408333
0 0.963281 0.394444 0.980469 0.393056 0.980469 0.405556 0.964063 0.406944
0 0.943750 0.412500 0.957031 0.408333 0.957031 0.423611 0.943750 0.426389
0 0.957812 0.409722 0.982031 0.409722 0.982812 0.425000 0.959375 0.425000
0 0.935937 0.395833 0.949219 0.395833 0.949219 0.409722 0.935937 0.409722
0 0.935156 0.362500 0.944531 0.362500 0.945312 0.375000 0.935937 0.375000
