0 0.528125 0.305556 0.538281 0.301389 0.537500 0.325000 0.528906 0.323611
0 0.523438 0.280556 0.534375 0.280556 0.534375 0.300000 0.521875 0.298611
0 0.550781 0.205556 0.575781 0.202778 0.575000 0.225000 0.549219 0.227778
0 0.539062 0.211111 0.551562 0.198611 0.550781 0.227778 0.536719 0.227778
0 0.523438 0.208333 0.535937 0.206944 0.538281 0.231944 0.525000 0.230556
0 0.577344 0.202778 0.591406 0.198611 0.591406 0.222222 0.577344 0.222222
0 0.578125 0.230556 0.592187 0.229167 0.590625 0.250000 0.578125 0.248611
0 0.592969 0.202778 0.601562 0.198611 0.601562 0.218056 0.591406 0.218056
0 0.561719 0.231944 0.578125 0.231944 0.577344 0.250000 0.561719 0.250000
0 0.551562 0.230556 0.561719 0.233333 0.560937 0.250000 0.550000 0.250000
0 0.537500 0.234722 0.551562 0.231944 0.550000 0.250000 0.537500 0.248611
0 0.539062 0.258333 0.559375 0.256944 0.558594 0.279167 0.537500 0.276389
0 0.593750 0.286111 0.601562 0.284722 0.601562 0.306944 0.593750 0.305556
0 0.576562 0.287500 0.592187 0.284722 0.591406 0.304167 0.575781 0.302778
0 0.549219 0.286111 0.577344 0.286111 0.575781 0.305556 0.547656 0.301389
0 0.534375 0.284722 0.547656 0.284722 0.547656 0.304167 0.533594 0.301389
0 0.537500 0.309722 0.546875 0.309722 0.548438 0.329167 0.538281 0.326389
0 0.508594 0.233333 0.522656 0.231944 0.522656 0.254167 0.507031 0.251389
0 0.508594 0.255556 0.524219 0.251389 0.524219 0.275000 0.507812 0.273611
0 0.508594 0.205556 0.524219 0.205556 0.524219 0.229167 0.508594 0.227778
0 0.521875 0.230556 0.535937 0.229167 0.537500 0.251389 0.524219 0.251389
0 0.523438 0.255556 0.539062 0.252778 0.539062 0.277778 0.521875 0.275000
0 0.507812 0.279167 0.524219 0.277778 0.522656 0.298611 0.506250 0.297222
0 0.507812 0.300000 0.517969 0.300000 0.517188 0.322222 0.506250 0.318056
0 0.516406 0.302778 0.527344 0.302778 0.526563 0.325000 0.517188 0.320833
0 0.446875 0.243056 0.489844 0.243056 0.487500 0.280556 0.448437 0.280556
0 0.449219 0.208333 0.484375 0.200000 0.483594 0.243056 0.450781 0.243056
0 0.425781 0.212500 0.449219 0.211111 0.449219 0.279167 0.426563 0.277778
0 0.412500 0.218056 0.420312 0.215278 0.418750 0.276389 0.411719 0.275000
0 0.376563 0.227778 0.407031 0.223611 0.403125 0.277778 0.377344 0.273611
0 0.460938 0.336111 0.492969 0.337500 0.492969 0.372222 0.460938 0.363889
0 0.463281 0.397222 0.486719 0.402778 0.487500 0.425000 0.463281 0.420833
0 0.453125 0.361111 0.463281 0.362500 0.460156 0.395833 0.453906 0.390278
0 0.463281 0.361111 0.477344 0.363889 0.476562 0.400000 0.463281 0.395833
0 0.475781 0.363889 0.497656 0.366667 0.496094 0.406944 0.475000 0.401389
