0 0.092188 0.483333 0.144531 0.486111 0.145313 0.512500 0.092969 0.508333
0 0.101562 0.422222 0.151562 0.420833 0.148438 0.447222 0.102344 0.450000
0 0.057031 0.418056 0.102344 0.419444 0.100000 0.450000 0.055469 0.443056
0 0.103906 0.355556 0.153125 0.359722 0.153906 0.390278 0.104688 0.386111
0 0.092969 0.295833 0.161719 0.294444 0.159375 0.325000 0.087500 0.323611
0 0.065625 0.300000 0.090625 0.297222 0.092188 0.326389 0.067969 0.325000
0 0.098437 0.236111 0.160938 0.237500 0.158594 0.262500 0.098437 0.261111
0 0.062500 0.243056 0.099219 0.230556 0.100000 0.259722 0.064844 0.269444
0 0.109375 0.175000 0.164062 0.172222 0.160938 0.205556 0.108594 0.204167
0 0.078906 0.187500 0.110156 0.170833 0.108594 0.204167 0.076563 0.206944
