0 0.360156 0.825000 0.395313 0.802778 0.394531 0.837500 0.360938 0.856944
0 0.342187 0.868056 0.394531 0.840278 0.394531 0.880556 0.347656 0.905556
0 0.326562 0.918056 0.375781 0.886111 0.378125 0.929167 0.333594 0.958333
0 0.372656 0.893056 0.392969 0.886111 0.393750 0.912500 0.378906 0.923611
0 0.328906 0.966667 0.357031 0.951389 0.368750 0.977778 0.339062 0.998611
0 0.357812 0.941667 0.377344 0.931944 0.375781 0.968056 0.363281 0.975000
0 0.375781 0.934722 0.396094 0.913889 0.392969 0.951389 0.376563 0.965278
0 0.344531 0.997222 0.392188 0.955556 0.394531 0.977778 0.381250 0.998611
0 0.179688 0.448611 0.257812 0.455556 0.253125 0.547222 0.175000 0.538889
0 0.358594 0.758333 0.398438 0.740278 0.400000 0.761111 0.360156 0.777778
