0 0.307812 0.237500 0.420312 0.237500 0.422656 0.287500 0.311719 0.287500
0 0.443750 0.248611 0.521094 0.247222 0.520312 0.284722 0.445312 0.284722
0 0.092969 0.311111 0.172656 0.301389 0.172656 0.373611 0.094531 0.388889
0 0.104688 0.386111 0.172656 0.372222 0.171094 0.408333 0.109375 0.419444
0 0.107813 0.418056 0.173437 0.406944 0.175781 0.440278 0.110937 0.454167
0 0.107813 0.454167 0.154688 0.447222 0.163281 0.490278 0.120313 0.504167
0 0.159375 0.445833 0.176563 0.440278 0.178125 0.488889 0.162500 0.491667
0 0.153125 0.526389 0.172656 0.519444 0.176563 0.538889 0.156250 0.545833
0 0.042969 0.283333 0.085938 0.286111 0.085938 0.306944 0.042188 0.302778
0 0.582031 0.765278 0.617188 0.729167 0.624219 0.745833 0.588281 0.783333
