0 0.088281 0.119444 0.203906 0.104167 0.246094 0.625000 0.144531 0.654167
0 0.159375 0.469444 0.242188 0.441667 0.242188 0.487500 0.164062 0.509722
0 0.260937 0.308333 0.403906 0.280556 0.406250 0.368056 0.270313 0.398611
0 0.356250 0.411111 0.457813 0.377778 0.458594 0.418056 0.359375 0.447222
0 0.411719 0.125000 0.471875 0.115278 0.492188 0.498611 0.432812 0.513889
0 0.353125 0.450000 0.467969 0.411111 0.464062 0.440278 0.353125 0.479167
0 0.243750 0.444444 0.323437 0.416667 0.322656 0.459722 0.246094 0.481944
0 0.208594 0.497222 0.286719 0.469444 0.287500 0.506944 0.210156 0.538889
0 0.254688 0.194444 0.360156 0.181944 0.360938 0.295833 0.263281 0.311111
0 0.362500 0.256944 0.403125 0.248611 0.404687 0.288889 0.363281 0.290278
0 0.257812 0.152778 0.283594 0.151389 0.280469 0.193056 0.263281 0.194444
0 0.281250 0.161111 0.303125 0.158333 0.309375 0.190278 0.289062 0.191667
0 0.715625 0.019444 0.775781 0.027778 0.775781 0.061111 0.715625 0.052778
0 0.775000 0.025000 0.824219 0.031944 0.824219 0.066667 0.775000 0.061111
