0 0.271094 0.577778 0.309375 0.570833 0.310156 0.587500 0.274219 0.595833
0 0.216406 0.563889 0.243750 0.558333 0.239844 0.587500 0.214844 0.593056
0 0.685156 0.491667 0.724219 0.497222 0.724219 0.554167 0.682813 0.545833
0 0.762500 0.562500 0.775781 0.565278 0.775000 0.580556 0.760938 0.579167
0 0.732812 0.556944 0.745313 0.556944 0.742188 0.573611 0.732812 0.570833
0 0.604688 0.409722 0.613281 0.412500 0.613281 0.430556 0.607031 0.430556
0 0.709375 0.548611 0.719531 0.551389 0.717187 0.568056 0.707812 0.565278
0 0.496094 0.398611 0.533594 0.408333 0.533594 0.425000 0.493750 0.413889
0 0.857031 0.448611 0.928125 0.461111 0.923438 0.491667 0.855469 0.481944
0 0.929688 0.579167 0.949219 0.581944 0.949219 0.602778 0.931250 0.601389
0 0.990625 0.581944 0.999219 0.583333 0.999219 0.600000 0.990625 0.597222
0 0.274219 0.370833 0.301563 0.369444 0.282031 0.623611 0.251563 0.626389
0 0.275781 0.555556 0.314063 0.547222 0.311719 0.575000 0.274219 0.580556
0 0.242969 0.558333 0.270313 0.552778 0.266406 0.580556 0.241406 0.586111
0 0.225000 0.591667 0.253906 0.580556 0.253125 0.604167 0.228125 0.612500
0 0.213281 0.465278 0.267188 0.468056 0.262500 0.520833 0.210938 0.518056
0 0.218750 0.383333 0.271875 0.400000 0.265625 0.469444 0.214844 0.461111
0 0.221875 0.370833 0.234375 0.370833 0.232813 0.391667 0.223438 0.387500
0 0.232813 0.375000 0.243750 0.376389 0.240625 0.391667 0.232813 0.388889
0 0.155469 0.408333 0.176563 0.409722 0.177344 0.436111 0.156250 0.433333
0 0.301563 0.395833 0.321094 0.394444 0.322656 0.418056 0.302344 0.419444
0 0.379688 0.395833 0.392969 0.394444 0.393750 0.412500 0.380469 0.413889
0 0.486719 0.395833 0.496875 0.395833 0.497656 0.416667 0.487500 0.416667
0 0.692969 0.406944 0.710938 0.408333 0.710938 0.423611 0.692969 0.423611
0 0.165625 0.325000 0.194531 0.325000 0.173437 0.673611 0.144531 0.673611
