0 0.935937 0.340278 0.996094 0.345833 0.997656 0.377778 0.938281 0.375000
0 0.200000 0.237500 0.237500 0.238889 0.235937 0.263889 0.201563 0.262500
0 0.872656 0.384722 0.917969 0.387500 0.912500 0.434722 0.875000 0.426389
0 0.921094 0.386111 0.967969 0.388889 0.965625 0.434722 0.929688 0.431944
0 0.879687 0.429167 0.998437 0.440278 0.999219 0.561111 0.875000 0.551389
0 0.689844 0.408333 0.710938 0.408333 0.708594 0.441667 0.686719 0.433333
0 0.414844 0.077778 0.564844 0.054167 0.543750 0.166667 0.407031 0.180556
0 0.166406 0.236111 0.200000 0.230556 0.200000 0.269444 0.163281 0.269444
0 0.164844 0.308333 0.192188 0.306944 0.189062 0.334722 0.167187 0.334722
0 0.190625 0.308333 0.216406 0.306944 0.217188 0.338889 0.190625 0.331944
0 0.153906 0.330556 0.234375 0.334722 0.229687 0.405556 0.161719 0.400000
