0 0.236719 0.250000 0.287500 0.254167 0.286719 0.279167 0.238281 0.277778
0 0.358594 0.263889 0.385156 0.266667 0.386719 0.288889 0.357812 0.288889
0 0.205469 0.300000 0.223438 0.302778 0.221875 0.323611 0.203906 0.320833
0 0.224219 0.301389 0.253906 0.302778 0.253125 0.325000 0.225000 0.325000
0 0.256250 0.300000 0.270313 0.301389 0.270313 0.326389 0.255469 0.323611
0 0.271875 0.302778 0.294531 0.304167 0.295312 0.326389 0.271875 0.325000
0 0.200781 0.319444 0.225000 0.323611 0.225781 0.344444 0.204687 0.347222
0 0.228906 0.322222 0.297656 0.322222 0.296875 0.347222 0.230469 0.344444
0 0.584375 0.283333 0.617188 0.275000 0.618750 0.306944 0.586719 0.313889
0 0.039062 0.340278 0.058594 0.343056 0.058594 0.358333 0.039062 0.355556
