0 0.208594 0.352778 0.256250 0.345833 0.260156 0.390278 0.211719 0.398611
0 0.496094 0.181944 0.529687 0.181944 0.527344 0.211111 0.497656 0.213889
0 0.431250 0.201389 0.457813 0.201389 0.455469 0.216667 0.438281 0.218056
0 0.459375 0.197222 0.471875 0.198611 0.471875 0.218056 0.457813 0.219444
0 0.474219 0.197222 0.496094 0.194444 0.496875 0.212500 0.474219 0.215278
0 0.208594 0.312500 0.257812 0.301389 0.256250 0.338889 0.208594 0.344444
0 0.526563 0.188889 0.542969 0.188889 0.544531 0.206944 0.528906 0.206944
0 0.444531 0.130556 0.550781 0.115278 0.553906 0.170833 0.453906 0.176389
0 0.542969 0.181944 0.576562 0.183333 0.578125 0.202778 0.545312 0.204167
0 0.348438 0.287500 0.364063 0.283333 0.362500 0.312500 0.348438 0.305556
0 0.320312 0.090278 0.353125 0.091667 0.353125 0.102778 0.321875 0.104167
