0 0.157031 0.319444 0.210938 0.326389 0.207813 0.388889 0.150781 0.377778
0 0.275781 0.340278 0.346094 0.359722 0.340625 0.408333 0.272656 0.391667
0 0.348438 0.351389 0.389844 0.369444 0.384375 0.415278 0.348438 0.408333
0 0.390625 0.362500 0.461719 0.381944 0.454688 0.427778 0.393750 0.418056
0 0.457031 0.380556 0.542969 0.391667 0.543750 0.444444 0.464844 0.431944
0 0.543750 0.390278 0.582812 0.408333 0.580469 0.443056 0.549219 0.440278
0 0.000000 0.644444 0.042969 0.643056 0.040625 0.668056 0.000781 0.668056
0 0.583594 0.386111 0.675781 0.411111 0.671875 0.465278 0.584375 0.448611
0 0.325000 0.180556 0.613281 0.230556 0.607812 0.363889 0.359375 0.313889
0 0.921875 0.441667 0.998437 0.466667 0.998437 0.497222 0.921875 0.470833
