0 0.193750 0.558333 0.267188 0.551389 0.271094 0.581944 0.197656 0.601389
0 0.568750 0.554167 0.603906 0.543056 0.604688 0.565278 0.573438 0.572222
0 0.295312 0.550000 0.352344 0.537500 0.350000 0.559722 0.297656 0.577778
0 0.375000 0.537500 0.459375 0.513889 0.459375 0.548611 0.376563 0.570833
0 0.260937 0.083333 0.307812 0.073611 0.305469 0.111111 0.261719 0.113889
0 0.210156 0.595833 0.253125 0.581944 0.255469 0.612500 0.214062 0.622222
0 0.384375 0.613889 0.446875 0.594444 0.449219 0.648611 0.387500 0.666667
0 0.196094 0.686111 0.308594 0.643056 0.310156 0.683333 0.199219 0.719444
0 0.571875 0.568056 0.599219 0.559722 0.599219 0.581944 0.575000 0.588889
0 0.480469 0.590278 0.556250 0.569444 0.558594 0.597222 0.485938 0.620833
0 0.535156 0.488889 0.603906 0.469444 0.608594 0.504167 0.552344 0.518056
0 0.383594 0.033333 0.437500 0.009722 0.438281 0.065278 0.384375 0.088889
0 0.598437 0.747222 0.640625 0.802778 0.639844 0.834722 0.597656 0.779167
0 0.002344 0.733333 0.106250 0.698611 0.111719 0.745833 0.007031 0.781944
0 0.020313 0.591667 0.079687 0.573611 0.082812 0.629167 0.023438 0.645833
0 0.567969 0.590278 0.605469 0.576389 0.605469 0.593056 0.569531 0.605556
