0 0.591406 0.662500 0.607031 0.651389 0.609375 0.670833 0.593750 0.681944
0 0.570312 0.652778 0.584375 0.640278 0.586719 0.662500 0.572656 0.673611
0 0.333594 0.290278 0.375781 0.295833 0.374219 0.315278 0.338281 0.315278
0 0.923438 0.829167 0.939844 0.833333 0.939844 0.854167 0.923438 0.851389
0 0.920312 0.811111 0.938281 0.811111 0.938281 0.827778 0.920312 0.827778
0 0.339062 0.323611 0.370312 0.323611 0.371875 0.359722 0.341406 0.359722
0 0.214062 0.697222 0.318750 0.715278 0.315625 0.815278 0.221094 0.804167
0 0.856250 0.733333 0.917188 0.750000 0.915625 0.763889 0.855469 0.748611
0 0.853906 0.833333 0.922656 0.852778 0.921875 0.869444 0.853906 0.851389
0 0.851562 0.930556 0.919531 0.958333 0.919531 0.977778 0.850781 0.951389
0 0.563281 0.930556 0.578906 0.912500 0.582812 0.930556 0.567969 0.950000
0 0.560156 0.908333 0.578125 0.886111 0.581250 0.908333 0.563281 0.930556
0 0.583594 0.873611 0.598437 0.855556 0.601562 0.876389 0.587500 0.894444
0 0.586719 0.893056 0.600781 0.875000 0.603906 0.895833 0.590625 0.913889
0 0.544531 0.961111 0.563281 0.941667 0.565625 0.959722 0.546875 0.979167
0 0.540625 0.938889 0.560937 0.915278 0.563281 0.938889 0.542969 0.963889
0 0.519531 0.976389 0.541406 0.950000 0.546094 0.972222 0.523438 0.998611
0 0.587500 0.647222 0.603906 0.633333 0.606250 0.654167 0.590625 0.668056
0 0.571875 0.672222 0.585938 0.662500 0.587500 0.684722 0.574219 0.694444
0 0.543750 0.672222 0.561719 0.658333 0.562500 0.679167 0.544531 0.693056
0 0.546094 0.691667 0.563281 0.676389 0.564844 0.701389 0.547656 0.716667
0 0.520312 0.687500 0.540625 0.670833 0.542188 0.697222 0.521875 0.713889
0 0.521875 0.711111 0.546094 0.691667 0.546875 0.718056 0.522656 0.737500
0 0.489844 0.708333 0.511719 0.688889 0.514844 0.718056 0.492969 0.737500
0 0.492969 0.734722 0.513281 0.715278 0.515625 0.741667 0.495312 0.762500
0 0.463281 0.754167 0.489844 0.733333 0.492188 0.758333 0.465625 0.779167
0 0.464844 0.777778 0.490625 0.752778 0.493750 0.784722 0.467969 0.809722
0 0.628906 0.605556 0.640625 0.594444 0.641406 0.613889 0.630469 0.626389
0 0.632031 0.625000 0.642969 0.615278 0.644531 0.630556 0.632812 0.638889
0 0.639844 0.598611 0.651563 0.586111 0.655469 0.605556 0.643750 0.619444
0 0.654687 0.586111 0.664844 0.576389 0.667188 0.595833 0.656250 0.604167
0 0.665625 0.577778 0.672656 0.566667 0.675781 0.581944 0.669531 0.593056
0 0.656250 0.602778 0.667188 0.593056 0.668750 0.611111 0.657813 0.619444
0 0.643750 0.615278 0.656250 0.605556 0.657813 0.622222 0.644531 0.631944
0 0.668750 0.588889 0.675781 0.579167 0.675781 0.597222 0.669531 0.605556
