0 0.735938 0.165278 0.763281 0.165278 0.763281 0.187500 0.735156 0.191667
0 0.917969 0.094444 0.967969 0.065278 0.968750 0.125000 0.926562 0.145833
0 0.394531 0.361111 0.414062 0.350000 0.415625 0.386111 0.397656 0.393056
0 0.360156 0.400000 0.457031 0.362500 0.464062 0.405556 0.371094 0.456944
0 0.507031 0.197222 0.542969 0.194444 0.540625 0.218056 0.505469 0.218056
0 0.440625 0.300000 0.465625 0.291667 0.469531 0.347222 0.434375 0.355556
0 0.521094 0.179167 0.546875 0.177778 0.539844 0.200000 0.514844 0.198611
0 0.342187 0.283333 0.410156 0.280556 0.413281 0.355556 0.347656 0.383333
0 0.892969 0.115278 0.925000 0.090278 0.927344 0.152778 0.889844 0.169444
0 0.867969 0.134722 0.891406 0.112500 0.896094 0.165278 0.871875 0.177778
0 0.000000 0.293056 0.035937 0.280556 0.035156 0.322222 0.002344 0.319444
0 0.639062 0.176389 0.678906 0.176389 0.678906 0.190278 0.639062 0.190278
0 0.600000 0.177778 0.628906 0.176389 0.629687 0.193056 0.600781 0.194444
0 0.552344 0.184722 0.585938 0.183333 0.586719 0.198611 0.553125 0.200000
0 0.692969 0.175000 0.717187 0.172222 0.717969 0.190278 0.692969 0.194444
0 0.784375 0.168056 0.804688 0.166667 0.803906 0.181944 0.784375 0.181944
0 0.173437 0.059722 0.223438 0.079167 0.222656 0.105556 0.171875 0.086111
