0 0.039062 0.333333 0.144531 0.330556 0.140625 0.379167 0.031250 0.375000
0 0.035937 0.376389 0.086719 0.376389 0.082031 0.419444 0.032031 0.416667
0 0.088281 0.376389 0.138281 0.375000 0.134375 0.427778 0.083594 0.425000
0 0.085156 0.440278 0.106250 0.440278 0.101562 0.479167 0.081250 0.475000
0 0.214844 0.236111 0.278125 0.272222 0.271094 0.302778 0.210938 0.268056
0 0.196875 0.354167 0.242188 0.365278 0.235937 0.409722 0.192969 0.391667
0 0.243750 0.361111 0.261719 0.365278 0.257812 0.409722 0.242969 0.405556
0 0.263281 0.370833 0.309375 0.386111 0.304688 0.427778 0.259375 0.408333
0 0.193750 0.391667 0.234375 0.405556 0.227344 0.448611 0.187500 0.431944
0 0.235937 0.405556 0.309375 0.430556 0.307812 0.462500 0.230469 0.444444
