0 0.250000 0.850000 0.259375 0.845833 0.265625 0.879167 0.253906 0.884722
0 0.220312 0.858333 0.250781 0.843056 0.253906 0.888889 0.224219 0.904167
0 0.087500 0.145833 0.150000 0.165278 0.150781 0.291667 0.086719 0.281944
0 0.628906 0.362500 0.650000 0.376389 0.649219 0.416667 0.627344 0.397222
0 0.371094 0.652778 0.386719 0.645833 0.387500 0.680556 0.372656 0.687500
0 0.071875 0.109722 0.121094 0.119444 0.118750 0.140278 0.075000 0.129167
0 0.089844 0.206944 0.147656 0.222222 0.146875 0.250000 0.089063 0.237500
0 0.262500 0.848611 0.285938 0.836111 0.284375 0.870833 0.264062 0.877778
0 0.440625 0.711111 0.448437 0.708333 0.453906 0.744444 0.442969 0.751389
0 0.169531 0.880556 0.182812 0.875000 0.185156 0.906944 0.169531 0.916667
0 0.141406 0.906944 0.167969 0.887500 0.174219 0.954167 0.150781 0.963889
0 0.370312 0.594444 0.392188 0.591667 0.392969 0.609722 0.374219 0.611111
