0 0.982031 0.341667 0.997656 0.343056 0.999219 0.384722 0.985938 0.387500
0 0.793750 0.447222 0.826562 0.437500 0.829688 0.476389 0.796094 0.484722
0 0.786719 0.300000 0.846875 0.247222 0.851562 0.283333 0.794531 0.326389
0 0.791406 0.411111 0.828906 0.395833 0.832031 0.433333 0.794531 0.447222
0 0.828906 0.393056 0.846875 0.391667 0.849219 0.422222 0.832812 0.431944
0 0.182812 0.486111 0.229687 0.481944 0.229687 0.536111 0.180469 0.534722
0 0.849219 0.379167 0.907031 0.362500 0.912500 0.404167 0.853906 0.426389
0 0.104688 0.493056 0.173437 0.487500 0.175000 0.543056 0.106250 0.547222
0 0.828906 0.429167 0.916406 0.415278 0.925000 0.447222 0.828906 0.476389
0 0.396875 0.481944 0.431250 0.481944 0.432031 0.495833 0.398438 0.495833
0 0.300781 0.445833 0.321875 0.456944 0.320312 0.475000 0.300781 0.468056
0 0.303125 0.468056 0.323437 0.469444 0.321875 0.491667 0.305469 0.487500
0 0.329688 0.459722 0.345313 0.465278 0.344531 0.498611 0.329688 0.490278
0 0.343750 0.462500 0.360156 0.469444 0.361719 0.505556 0.345313 0.498611
0 0.360156 0.468056 0.378125 0.472222 0.378125 0.508333 0.360156 0.501389
0 0.400781 0.493056 0.432812 0.495833 0.430469 0.511111 0.404687 0.509722
