217.0 482.0 258.0 477.0 256.0 499.0 216.0 503.0 text 0
117.0 553.0 185.0 548.0 185.0 563.0 117.0 568.0 text 0
163.0 402.0 214.0 396.0 214.0 411.0 162.0 417.0 text 0
216.0 395.0 255.0 390.0 255.0 407.0 216.0 412.0 text 0
108.0 430.0 136.0 427.0 137.0 442.0 109.0 445.0 text 0
104.0 407.0 160.0 400.0 161.0 417.0 105.0 424.0 text 0
139.0 426.0 175.0 422.0 175.0 437.0 140.0 440.0 text 0
209.0 289.0 307.0 275.0 309.0 298.0 212.0 312.0 text 0
109.0 450.0 151.0 445.0 152.0 462.0 110.0 467.0 text 0
156.0 446.0 221.0 440.0 220.0 455.0 155.0 461.0 text 0
112.0 472.0 160.0 467.0 161.0 483.0 113.0 488.0 text 0
161.0 467.0 204.0 463.0 204.0 483.0 162.0 487.0 text 0
112.0 494.0 168.0 489.0 168.0 505.0 112.0 510.0 text 0
172.0 487.0 216.0 483.0 216.0 504.0 171.0 509.0 text 0
205.0 546.0 237.0 545.0 237.0 561.0 205.0 562.0 text 0
240.0 542.0 275.0 539.0 276.0 557.0 241.0 559.0 text 0
120.0 574.0 169.0 571.0 169.0 587.0 120.0 590.0 text 0
170.0 571.0 213.0 568.0 214.0 583.0 170.0 586.0 text 0
217.0 568.0 244.0 566.0 244.0 582.0 217.0 584.0 text 0
259.0 565.0 294.0 563.0 295.0 578.0 259.0 580.0 text 0
297.0 561.0 332.0 559.0 332.0 576.0 297.0 577.0 text 0
123.0 625.0 181.0 622.0 181.0 638.0 123.0 642.0 text 0
183.0 622.0 218.0 620.0 218.0 639.0 183.0 641.0 text 0
128.0 700.0 181.0 696.0 182.0 712.0 129.0 716.0 text 0
183.0 696.0 223.0 695.0 223.0 710.0 184.0 712.0 text 0
227.0 695.0 233.0 695.0 233.0 711.0 227.0 711.0 text 0
234.0 693.0 276.0 692.0 277.0 710.0 236.0 712.0 text 0
