963.0 283.0 973.0 283.0 972.0 292.0 965.0 292.0 text 0
964.0 273.0 975.0 273.0 975.0 284.0 964.0 282.0 text 0
1016.0 177.0 1042.0 178.0 1040.0 192.0 1017.0 192.0 text 0
1043.0 179.0 1073.0 176.0 1072.0 191.0 1043.0 191.0 text 0
1024.0 345.0 1213.0 341.0 1203.0 406.0 1031.0 406.0 text 0
1018.0 161.0 1057.0 167.0 1053.0 178.0 1022.0 178.0 text 0
1055.0 162.0 1065.0 161.0 1066.0 178.0 1055.0 178.0 text 0
1021.0 406.0 1210.0 401.0 1204.0 440.0 1035.0 439.0 text 0
738.0 202.0 903.0 198.0 896.0 240.0 740.0 243.0 text 0
805.0 243.0 855.0 243.0 855.0 256.0 808.0 256.0 text 0
854.0 242.0 911.0 241.0 912.0 256.0 854.0 257.0 text 0
741.0 254.0 775.0 254.0 777.0 267.0 742.0 267.0 text 0
775.0 255.0 798.0 255.0 795.0 267.0 777.0 266.0 text 0
744.0 276.0 767.0 276.0 766.0 284.0 739.0 283.0 text 0
766.0 276.0 796.0 272.0 796.0 285.0 766.0 284.0 text 0
795.0 273.0 818.0 271.0 819.0 284.0 796.0 285.0 text 0
741.0 294.0 770.0 294.0 770.0 303.0 743.0 303.0 text 0
740.0 303.0 784.0 303.0 783.0 314.0 745.0 314.0 text 0
783.0 301.0 809.0 301.0 808.0 313.0 783.0 313.0 text 0
809.0 300.0 815.0 301.0 816.0 314.0 806.0 313.0 text 0
816.0 301.0 847.0 303.0 847.0 313.0 815.0 312.0 text 0
800.0 320.0 850.0 316.0 851.0 333.0 799.0 332.0 text 0
850.0 320.0 873.0 320.0 872.0 333.0 850.0 332.0 text 0
869.0 317.0 923.0 316.0 924.0 333.0 873.0 333.0 text 0
758.0 178.0 791.0 180.0 793.0 197.0 759.0 195.0 text 0
743.0 332.0 765.0 330.0 763.0 343.0 744.0 342.0 text 0
763.0 331.0 793.0 331.0 792.0 343.0 764.0 342.0 text 0
742.0 351.0 787.0 349.0 787.0 361.0 745.0 362.0 text 0
743.0 342.0 762.0 342.0 760.0 353.0 744.0 351.0 text 0
762.0 342.0 790.0 343.0 789.0 353.0 763.0 352.0 text 0
776.0 360.0 825.0 359.0 828.0 370.0 779.0 370.0 text 0
741.0 389.0 765.0 389.0 767.0 400.0 744.0 398.0 text 0
771.0 399.0 798.0 398.0 799.0 409.0 771.0 409.0 text 0
742.0 397.0 770.0 399.0 770.0 410.0 742.0 407.0 text 0
743.0 409.0 765.0 409.0 764.0 419.0 743.0 418.0 text 0
765.0 407.0 785.0 407.0 784.0 419.0 764.0 419.0 text 0
939.0 264.0 964.0 263.0 964.0 274.0 940.0 274.0 text 0
783.0 407.0 802.0 409.0 801.0 419.0 782.0 418.0 text 0
939.0 253.0 964.0 252.0 964.0 265.0 940.0 265.0 text 0
964.0 264.0 973.0 265.0 973.0 274.0 964.0 273.0 text 0
940.0 274.0 964.0 273.0 964.0 283.0 938.0 283.0 text 0
939.0 283.0 965.0 283.0 964.0 293.0 939.0 292.0 text 0
963.0 251.0 971.0 252.0 971.0 265.0 964.0 264.0 text 0
939.0 291.0 964.0 291.0 965.0 302.0 940.0 301.0 text 0
964.0 292.0 971.0 293.0 972.0 302.0 965.0 301.0 text 0
941.0 341.0 966.0 341.0 968.0 353.0 940.0 352.0 text 0
937.0 301.0 966.0 301.0 966.0 310.0 939.0 310.0 text 0
964.0 301.0 973.0 301.0 974.0 310.0 964.0 312.0 text 0
938.0 331.0 968.0 330.0 967.0 342.0 943.0 342.0 text 0
966.0 331.0 977.0 332.0 974.0 342.0 967.0 342.0 text 0
964.0 341.0 979.0 340.0 980.0 353.0 969.0 353.0 text 0
942.0 359.0 967.0 360.0 969.0 372.0 944.0 371.0 text 0
967.0 359.0 979.0 358.0 981.0 370.0 968.0 370.0 text 0
944.0 371.0 968.0 371.0 968.0 380.0 944.0 380.0 text 0
968.0 369.0 976.0 369.0 976.0 379.0 969.0 379.0 text 0
942.0 379.0 969.0 379.0 969.0 390.0 943.0 389.0 text 0
967.0 380.0 982.0 379.0 982.0 390.0 970.0 389.0 text 0
944.0 389.0 969.0 389.0 969.0 400.0 944.0 398.0 text 0
968.0 389.0 977.0 389.0 979.0 399.0 969.0 399.0 text 0
944.0 399.0 969.0 397.0 969.0 409.0 946.0 409.0 text 0
969.0 398.0 976.0 398.0 979.0 408.0 970.0 407.0 text 0
945.0 409.0 970.0 409.0 972.0 420.0 946.0 418.0 text 0
970.0 407.0 982.0 406.0 983.0 419.0 970.0 418.0 text 0
945.0 417.0 970.0 417.0 970.0 430.0 944.0 430.0 text 0
967.0 417.0 978.0 417.0 981.0 429.0 970.0 430.0 text 0
436.0 298.0 496.0 298.0 498.0 341.0 439.0 341.0 text 0
186.0 233.0 268.0 243.0 267.0 274.0 186.0 268.0 text 0
39.0 264.0 86.0 267.0 84.0 287.0 37.0 286.0 text 0
102.0 267.0 138.0 269.0 136.0 291.0 102.0 289.0 text 0
105.0 290.0 138.0 290.0 137.0 309.0 105.0 308.0 text 0
96.0 309.0 136.0 310.0 137.0 330.0 91.0 329.0 text 0
7.0 279.0 33.0 280.0 34.0 293.0 6.0 292.0 text 0
361.0 429.0 386.0 429.0 388.0 442.0 357.0 442.0 text 0
175.0 611.0 353.0 624.0 330.0 644.0 150.0 636.0 text 0
743.0 417.0 806.0 416.0 807.0 429.0 742.0 429.0 text 0
804.0 414.0 853.0 414.0 856.0 428.0 806.0 428.0 text 0
762.0 388.0 790.0 389.0 790.0 398.0 766.0 398.0 text 0
744.0 379.0 770.0 378.0 770.0 389.0 740.0 389.0 text 0
741.0 372.0 779.0 372.0 780.0 382.0 742.0 381.0 text 0
741.0 361.0 779.0 361.0 778.0 372.0 742.0 372.0 text 0
745.0 285.0 770.0 282.0 771.0 296.0 741.0 294.0 text 0
1017.0 52.0 1055.0 53.0 1057.0 75.0 1020.0 74.0 text 0
