306.0 307.0 323.0 308.0 322.0 323.0 305.0 323.0 text 0
91.0 309.0 121.0 301.0 123.0 338.0 93.0 343.0 text 0
304.0 181.0 339.0 187.0 340.0 201.0 303.0 201.0 text 0
224.0 205.0 250.0 203.0 251.0 218.0 223.0 218.0 text 0
254.0 203.0 335.0 203.0 337.0 216.0 254.0 219.0 text 0
255.0 186.0 300.0 190.0 300.0 202.0 252.0 202.0 text 0
232.0 227.0 267.0 227.0 267.0 242.0 226.0 242.0 text 0
215.0 189.0 251.0 191.0 250.0 202.0 211.0 202.0 text 0
271.0 223.0 330.0 225.0 331.0 239.0 269.0 244.0 text 0
219.0 244.0 260.0 247.0 260.0 257.0 215.0 259.0 text 0
264.0 239.0 342.0 243.0 342.0 260.0 262.0 264.0 text 0
220.0 262.0 280.0 270.0 280.0 283.0 211.0 285.0 text 0
283.0 268.0 298.0 264.0 299.0 279.0 281.0 281.0 text 0
298.0 265.0 335.0 264.0 335.0 280.0 299.0 282.0 text 0
210.0 314.0 260.0 313.0 261.0 326.0 206.0 331.0 text 0
226.0 287.0 277.0 286.0 278.0 300.0 227.0 302.0 text 0
278.0 283.0 322.0 281.0 322.0 300.0 276.0 300.0 text 0
265.0 309.0 304.0 309.0 306.0 323.0 262.0 327.0 text 0
124.0 304.0 148.0 302.0 149.0 332.0 123.0 335.0 text 0
150.0 299.0 173.0 303.0 174.0 327.0 147.0 331.0 text 0
766.0 99.0 837.0 55.0 840.0 99.0 777.0 129.0 text 0
844.0 48.0 881.0 32.0 884.0 81.0 844.0 97.0 text 0
812.0 245.0 825.0 244.0 828.0 269.0 814.0 270.0 text 0
1015.0 265.0 1032.0 267.0 1033.0 302.0 1018.0 298.0 text 0
1052.0 263.0 1081.0 269.0 1083.0 308.0 1056.0 308.0 text 0
991.0 143.0 1029.0 153.0 1030.0 183.0 989.0 190.0 text 0
994.0 173.0 1033.0 183.0 1034.0 213.0 989.0 224.0 text 0
52.0 0.0 163.0 61.0 158.0 91.0 2.0 16.0 text 0
85.0 190.0 137.0 187.0 140.0 206.0 89.0 208.0 text 0
90.0 209.0 127.0 210.0 127.0 225.0 90.0 224.0 text 0
89.0 237.0 121.0 235.0 120.0 249.0 87.0 250.0 text 0
84.0 249.0 129.0 247.0 132.0 267.0 87.0 268.0 text 0
89.0 272.0 141.0 272.0 141.0 291.0 89.0 291.0 text 0
90.0 297.0 130.0 292.0 131.0 305.0 90.0 310.0 text 0
