206.0 227.0 223.0 228.0 223.0 240.0 206.0 240.0 text 0
223.0 222.0 291.0 225.0 291.0 241.0 222.0 238.0 text 0
570.0 226.0 610.0 224.0 612.0 248.0 570.0 252.0 text 0
641.0 224.0 661.0 227.0 661.0 249.0 641.0 249.0 text 0
198.0 160.0 293.0 161.0 287.0 203.0 194.0 211.0 text 0
824.0 222.0 861.0 221.0 854.0 237.0 825.0 238.0 text 0
239.0 197.0 276.0 199.0 276.0 211.0 239.0 211.0 text 0
909.0 222.0 974.0 218.0 974.0 238.0 912.0 242.0 text 0
209.0 239.0 240.0 239.0 241.0 249.0 209.0 249.0 text 0
241.0 237.0 289.0 239.0 289.0 254.0 242.0 252.0 text 0
243.0 375.0 302.0 368.0 302.0 386.0 240.0 394.0 text 0
217.0 390.0 253.0 389.0 254.0 405.0 219.0 406.0 text 0
258.0 388.0 311.0 384.0 308.0 401.0 259.0 404.0 text 0
209.0 407.0 230.0 408.0 230.0 423.0 214.0 421.0 text 0
229.0 408.0 287.0 402.0 289.0 418.0 232.0 420.0 text 0
