267.0 388.0 311.0 391.0 311.0 406.0 266.0 409.0 text 0
185.0 407.0 229.0 409.0 229.0 420.0 189.0 422.0 text 0
187.0 329.0 252.0 329.0 248.0 381.0 174.0 385.0 text 0
253.0 328.0 310.0 327.0 311.0 382.0 245.0 385.0 text 0
307.0 326.0 350.0 330.0 345.0 364.0 305.0 365.0 text 0
800.0 179.0 840.0 175.0 845.0 213.0 795.0 217.0 text 0
307.0 364.0 345.0 361.0 345.0 379.0 312.0 382.0 text 0
723.0 193.0 795.0 181.0 799.0 221.0 732.0 226.0 text 0
210.0 390.0 243.0 389.0 241.0 409.0 209.0 407.0 text 0
240.0 389.0 267.0 389.0 268.0 410.0 240.0 408.0 text 0
225.0 407.0 247.0 408.0 246.0 420.0 225.0 421.0 text 0
248.0 409.0 271.0 408.0 272.0 418.0 247.0 419.0 text 0
279.0 408.0 296.0 409.0 299.0 417.0 278.0 422.0 text 0
292.0 403.0 331.0 408.0 333.0 419.0 298.0 419.0 text 0
166.0 669.0 225.0 665.0 224.0 681.0 166.0 686.0 text 0
227.0 663.0 256.0 662.0 255.0 680.0 226.0 681.0 text 0
181.0 565.0 235.0 562.0 236.0 578.0 181.0 580.0 text 0
245.0 561.0 300.0 560.0 298.0 574.0 243.0 575.0 text 0
189.0 207.0 231.0 207.0 231.0 218.0 188.0 217.0 text 0
230.0 464.0 307.0 464.0 308.0 503.0 227.0 504.0 text 0
214.0 421.0 241.0 420.0 242.0 429.0 213.0 427.0 text 0
241.0 420.0 248.0 420.0 248.0 427.0 242.0 428.0 text 0
248.0 420.0 311.0 416.0 311.0 428.0 250.0 428.0 text 0
270.0 409.0 278.0 409.0 279.0 415.0 271.0 417.0 text 0
