13.0 298.0 103.0 303.0 105.0 328.0 15.0 323.0 text 0
501.0 215.0 621.0 205.0 624.0 243.0 504.0 253.0 text 0
627.0 207.0 744.0 196.0 748.0 234.0 631.0 245.0 text 0
528.0 178.0 588.0 175.0 590.0 194.0 530.0 197.0 text 0
649.0 170.0 709.0 164.0 713.0 183.0 653.0 189.0 text 0
508.0 197.0 617.0 189.0 615.0 210.0 506.0 218.0 text 0
627.0 189.0 739.0 179.0 742.0 197.0 630.0 207.0 text 0
296.0 289.0 323.0 294.0 321.0 316.0 294.0 311.0 text 0
318.0 297.0 350.0 301.0 351.0 319.0 319.0 315.0 text 0
292.0 266.0 322.0 274.0 323.0 295.0 293.0 287.0 text 0
322.0 271.0 348.0 279.0 350.0 303.0 324.0 295.0 text 0
182.0 344.0 248.0 341.0 250.0 352.0 184.0 355.0 text 0
