3.0 159.0 14.0 159.0 15.0 172.0 1.0 175.0 text 0
290.0 57.0 333.0 43.0 336.0 51.0 292.0 67.0 text 0
805.0 233.0 1052.0 176.0 1062.0 211.0 815.0 268.0 text 0
1114.0 93.0 1153.0 82.0 1158.0 96.0 1119.0 107.0 text 0
35.0 279.0 69.0 267.0 68.0 289.0 35.0 300.0 text 0
367.0 204.0 409.0 192.0 410.0 205.0 368.0 217.0 text 0
927.0 145.0 1088.0 103.0 1100.0 120.0 923.0 164.0 text 0
328.0 192.0 375.0 177.0 378.0 197.0 331.0 211.0 text 0
284.0 29.0 368.0 1.0 375.0 9.0 289.0 38.0 text 0
286.0 44.0 364.0 19.0 366.0 26.0 286.0 53.0 text 0
292.0 71.0 313.0 65.0 319.0 72.0 293.0 81.0 text 0
14.0 176.0 38.0 164.0 44.0 178.0 16.0 192.0 text 0
18.0 184.0 58.0 170.0 69.0 188.0 20.0 208.0 text 0
13.0 155.0 56.0 140.0 60.0 156.0 15.0 169.0 text 0
293.0 95.0 373.0 65.0 379.0 95.0 296.0 120.0 text 0
375.0 260.0 506.0 230.0 507.0 250.0 379.0 283.0 text 0
412.0 279.0 475.0 259.0 475.0 280.0 419.0 291.0 text 0
1060.0 172.0 1194.0 134.0 1212.0 181.0 1072.0 217.0 text 0
1117.0 106.0 1163.0 94.0 1169.0 106.0 1112.0 120.0 text 0
623.0 26.0 667.0 24.0 669.0 38.0 625.0 39.0 text 0
