233.0 293.0 281.0 284.0 284.0 303.0 235.0 311.0 text 0
283.0 289.0 352.0 280.0 356.0 295.0 287.0 304.0 text 0
365.0 279.0 421.0 272.0 424.0 287.0 368.0 294.0 text 0
867.0 220.0 909.0 216.0 908.0 227.0 867.0 232.0 text 0
909.0 218.0 926.0 216.0 926.0 226.0 909.0 228.0 text 0
926.0 214.0 957.0 209.0 957.0 221.0 926.0 226.0 text 0
178.0 441.0 219.0 438.0 219.0 449.0 178.0 452.0 text 0
182.0 453.0 217.0 449.0 217.0 461.0 182.0 465.0 text 0
999.0 436.0 1046.0 432.0 1048.0 443.0 1001.0 447.0 text 0
1049.0 433.0 1066.0 431.0 1067.0 440.0 1050.0 442.0 text 0
1065.0 430.0 1106.0 425.0 1107.0 435.0 1066.0 439.0 text 0
1107.0 425.0 1143.0 421.0 1145.0 430.0 1108.0 435.0 text 0
1001.0 450.0 1034.0 447.0 1035.0 458.0 1002.0 461.0 text 0
1034.0 447.0 1074.0 442.0 1075.0 451.0 1036.0 457.0 text 0
1074.0 443.0 1111.0 438.0 1112.0 447.0 1075.0 452.0 text 0
1112.0 439.0 1150.0 433.0 1151.0 442.0 1113.0 448.0 text 0
1030.0 464.0 1127.0 451.0 1128.0 462.0 1031.0 476.0 text 0
87.0 440.0 120.0 437.0 121.0 467.0 88.0 470.0 text 0
