812.0 272.0 841.0 270.0 842.0 282.0 815.0 282.0 text 0
751.0 270.0 782.0 269.0 781.0 283.0 751.0 281.0 text 0
554.0 236.0 616.0 234.0 617.0 285.0 551.0 283.0 text 0
617.0 228.0 703.0 234.0 712.0 262.0 616.0 259.0 text 0
616.0 258.0 706.0 259.0 705.0 286.0 617.0 284.0 text 0
506.0 236.0 529.0 238.0 529.0 287.0 506.0 288.0 text 0
576.0 321.0 648.0 326.0 648.0 342.0 575.0 342.0 text 0
380.0 239.0 478.0 236.0 478.0 284.0 374.0 284.0 text 0
559.0 334.0 584.0 338.0 582.0 365.0 565.0 365.0 text 0
588.0 339.0 618.0 339.0 612.0 363.0 588.0 362.0 text 0
618.0 340.0 657.0 342.0 657.0 365.0 610.0 364.0 text 0
782.0 245.0 809.0 242.0 810.0 259.0 785.0 257.0 text 0
592.0 362.0 636.0 362.0 635.0 377.0 593.0 377.0 text 0
754.0 244.0 784.0 242.0 784.0 256.0 754.0 255.0 text 0
832.0 244.0 878.0 242.0 878.0 258.0 834.0 257.0 text 0
881.0 246.0 900.0 242.0 902.0 258.0 878.0 258.0 text 0
807.0 246.0 833.0 243.0 833.0 258.0 811.0 257.0 text 0
902.0 245.0 917.0 246.0 918.0 260.0 904.0 258.0 text 0
777.0 258.0 808.0 257.0 808.0 270.0 782.0 269.0 text 0
808.0 258.0 832.0 256.0 832.0 270.0 808.0 269.0 text 0
748.0 256.0 779.0 256.0 779.0 270.0 752.0 269.0 text 0
831.0 259.0 854.0 258.0 856.0 271.0 836.0 270.0 text 0
854.0 259.0 880.0 258.0 880.0 272.0 856.0 272.0 text 0
879.0 260.0 903.0 258.0 906.0 273.0 878.0 272.0 text 0
781.0 270.0 812.0 271.0 813.0 284.0 782.0 282.0 text 0
748.0 284.0 780.0 283.0 779.0 296.0 752.0 294.0 text 0
778.0 284.0 804.0 283.0 801.0 295.0 780.0 295.0 text 0
802.0 284.0 830.0 282.0 829.0 296.0 804.0 296.0 text 0
830.0 282.0 880.0 281.0 880.0 295.0 832.0 294.0 text 0
880.0 282.0 906.0 278.0 904.0 295.0 883.0 295.0 text 0
904.0 283.0 918.0 279.0 918.0 295.0 907.0 294.0 text 0
750.0 296.0 769.0 292.0 771.0 308.0 750.0 307.0 text 0
772.0 296.0 790.0 294.0 789.0 307.0 771.0 306.0 text 0
790.0 296.0 812.0 296.0 813.0 309.0 792.0 307.0 text 0
812.0 297.0 826.0 297.0 829.0 308.0 814.0 308.0 text 0
1230.0 249.0 1252.0 248.0 1254.0 258.0 1232.0 260.0 text 0
1210.0 250.0 1231.0 249.0 1232.0 260.0 1211.0 261.0 text 0
1199.0 250.0 1208.0 249.0 1208.0 260.0 1199.0 261.0 text 0
1211.0 260.0 1234.0 258.0 1234.0 270.0 1211.0 272.0 text 0
1233.0 261.0 1256.0 260.0 1256.0 271.0 1233.0 272.0 text 0
1205.0 274.0 1234.0 270.0 1236.0 281.0 1207.0 286.0 text 0
1233.0 275.0 1255.0 272.0 1255.0 281.0 1234.0 285.0 text 0
1215.0 285.0 1232.0 285.0 1233.0 293.0 1215.0 294.0 text 0
1233.0 284.0 1255.0 283.0 1255.0 292.0 1234.0 293.0 text 0
1208.0 297.0 1225.0 294.0 1225.0 305.0 1208.0 307.0 text 0
1226.0 295.0 1257.0 295.0 1258.0 306.0 1228.0 306.0 text 0
1198.0 285.0 1215.0 285.0 1215.0 295.0 1198.0 295.0 text 0
1197.0 261.0 1209.0 261.0 1210.0 270.0 1198.0 270.0 text 0
