1149.0 139.0 1275.0 128.0 1274.0 152.0 1148.0 162.0 text 0
1159.0 165.0 1263.0 162.0 1265.0 188.0 1161.0 190.0 text 0
364.0 43.0 398.0 33.0 404.0 45.0 370.0 55.0 text 0
398.0 32.0 434.0 22.0 440.0 33.0 404.0 44.0 text 0
436.0 21.0 467.0 11.0 472.0 23.0 442.0 33.0 text 0
471.0 11.0 502.0 1.0 508.0 13.0 477.0 24.0 text 0
185.0 97.0 254.0 76.0 259.0 84.0 190.0 105.0 text 0
262.0 76.0 269.0 72.0 272.0 78.0 266.0 83.0 text 0
278.0 71.0 283.0 67.0 288.0 75.0 282.0 79.0 text 0
292.0 65.0 299.0 62.0 305.0 71.0 298.0 74.0 text 0
310.0 60.0 316.0 58.0 321.0 68.0 314.0 70.0 text 0
326.0 55.0 333.0 53.0 338.0 61.0 331.0 63.0 text 0
342.0 52.0 352.0 46.0 358.0 57.0 348.0 62.0 text 0
432.0 435.0 441.0 434.0 442.0 447.0 433.0 449.0 text 0
203.0 222.0 224.0 219.0 227.0 237.0 206.0 239.0 text 0
209.0 239.0 228.0 238.0 231.0 253.0 212.0 255.0 text 0
214.0 259.0 236.0 258.0 237.0 269.0 215.0 270.0 text 0
203.0 255.0 213.0 255.0 214.0 263.0 205.0 263.0 text 0
64.0 129.0 80.0 125.0 89.0 136.0 73.0 140.0 text 0
