461.0 594.0 506.0 578.0 505.0 603.0 462.0 617.0 text 0
438.0 625.0 505.0 605.0 505.0 634.0 445.0 652.0 text 0
418.0 661.0 481.0 638.0 484.0 669.0 427.0 690.0 text 0
477.0 643.0 503.0 638.0 504.0 657.0 485.0 665.0 text 0
421.0 696.0 457.0 685.0 472.0 704.0 434.0 719.0 text 0
458.0 678.0 483.0 671.0 481.0 697.0 465.0 702.0 text 0
481.0 673.0 507.0 658.0 503.0 685.0 482.0 695.0 text 0
441.0 718.0 502.0 688.0 505.0 704.0 488.0 719.0 text 0
230.0 323.0 330.0 328.0 324.0 394.0 224.0 388.0 text 0
459.0 546.0 510.0 533.0 512.0 548.0 461.0 560.0 text 0
