511.0 456.0 667.0 452.0 667.0 484.0 511.0 488.0 text 0
674.0 453.0 794.0 451.0 795.0 486.0 675.0 488.0 text 0
1041.0 186.0 1119.0 189.0 1118.0 225.0 1040.0 222.0 text 0
1038.0 224.0 1087.0 225.0 1086.0 251.0 1038.0 249.0 text 0
1090.0 225.0 1110.0 226.0 1110.0 250.0 1090.0 249.0 text 0
270.0 403.0 315.0 403.0 313.0 439.0 268.0 438.0 text 0
1132.0 188.0 1218.0 186.0 1197.0 228.0 1128.0 223.0 text 0
1113.0 227.0 1190.0 228.0 1190.0 252.0 1113.0 251.0 text 0
651.0 262.0 669.0 262.0 669.0 273.0 651.0 272.0 text 0
634.0 272.0 688.0 273.0 689.0 284.0 635.0 284.0 text 0
633.0 287.0 689.0 287.0 689.0 297.0 633.0 297.0 text 0
719.0 264.0 734.0 264.0 735.0 272.0 719.0 272.0 text 0
735.0 263.0 770.0 263.0 770.0 274.0 735.0 274.0 text 0
713.0 274.0 728.0 273.0 728.0 284.0 713.0 284.0 text 0
727.0 274.0 774.0 273.0 775.0 284.0 729.0 284.0 text 0
718.0 287.0 769.0 286.0 769.0 298.0 718.0 299.0 text 0
793.0 264.0 807.0 263.0 807.0 272.0 793.0 272.0 text 0
807.0 263.0 859.0 264.0 859.0 274.0 807.0 273.0 text 0
798.0 274.0 851.0 275.0 851.0 287.0 798.0 286.0 text 0
797.0 288.0 855.0 288.0 855.0 301.0 797.0 300.0 text 0
1027.0 431.0 1054.0 431.0 1056.0 448.0 1029.0 447.0 text 0
1056.0 433.0 1067.0 435.0 1067.0 447.0 1056.0 446.0 text 0
1070.0 433.0 1087.0 433.0 1088.0 446.0 1071.0 446.0 text 0
