910.0 134.0 928.0 128.0 929.0 140.0 911.0 144.0 text 0
930.0 128.0 954.0 121.0 953.0 132.0 930.0 139.0 text 0
986.0 125.0 1018.0 117.0 1018.0 135.0 986.0 140.0 text 0
974.0 147.0 997.0 144.0 997.0 161.0 974.0 164.0 text 0
998.0 141.0 1019.0 139.0 1020.0 158.0 999.0 160.0 text 0
975.0 127.0 984.0 125.0 984.0 140.0 975.0 142.0 text 0
951.0 237.0 988.0 239.0 989.0 258.0 952.0 256.0 text 0
985.0 102.0 1006.0 97.0 1006.0 115.0 984.0 119.0 text 0
990.0 236.0 1006.0 237.0 1007.0 258.0 990.0 257.0 text 0
1022.0 244.0 1078.0 244.0 1078.0 264.0 1022.0 264.0 text 0
1018.0 270.0 1070.0 274.0 1071.0 296.0 1020.0 292.0 text 0
1073.0 274.0 1090.0 274.0 1090.0 297.0 1073.0 297.0 text 0
912.0 144.0 954.0 135.0 953.0 147.0 911.0 156.0 text 0
910.0 242.0 922.0 242.0 920.0 254.0 909.0 256.0 text 0
920.0 240.0 939.0 241.0 940.0 256.0 921.0 255.0 text 0
919.0 260.0 945.0 261.0 946.0 276.0 920.0 275.0 text 0
906.0 258.0 920.0 260.0 920.0 273.0 906.0 272.0 text 0
966.0 262.0 993.0 265.0 992.0 284.0 967.0 283.0 text 0
781.0 200.0 822.0 136.0 826.0 215.0 781.0 242.0 text 0
762.0 289.0 803.0 274.0 804.0 330.0 764.0 323.0 text 0
770.0 218.0 779.0 201.0 781.0 241.0 771.0 247.0 text 0
749.0 337.0 763.0 346.0 763.0 381.0 748.0 374.0 text 0
764.0 349.0 780.0 359.0 778.0 389.0 762.0 380.0 text 0
780.0 357.0 795.0 364.0 792.0 395.0 777.0 387.0 text 0
