342.0 200.0 400.0 186.0 400.0 202.0 342.0 215.0 text 0
232.0 132.0 263.0 127.0 265.0 138.0 235.0 143.0 text 0
295.0 119.0 316.0 116.0 317.0 127.0 296.0 130.0 text 0
315.0 116.0 345.0 110.0 346.0 121.0 317.0 127.0 text 0
345.0 111.0 384.0 103.0 386.0 113.0 347.0 120.0 text 0
265.0 125.0 296.0 119.0 296.0 131.0 266.0 137.0 text 0
385.0 103.0 423.0 96.0 425.0 105.0 387.0 113.0 text 0
468.0 86.0 511.0 78.0 512.0 88.0 470.0 96.0 text 0
326.0 185.0 337.0 183.0 338.0 192.0 327.0 194.0 text 0
337.0 184.0 346.0 183.0 346.0 189.0 338.0 190.0 text 0
328.0 196.0 357.0 190.0 359.0 197.0 329.0 203.0 text 0
356.0 188.0 395.0 180.0 396.0 188.0 358.0 195.0 text 0
332.0 204.0 344.0 202.0 344.0 208.0 332.0 211.0 text 0
339.0 161.0 387.0 149.0 395.0 178.0 347.0 190.0 text 0
150.0 150.0 171.0 146.0 172.0 154.0 151.0 157.0 text 0
151.0 157.0 185.0 150.0 185.0 157.0 152.0 164.0 text 0
