811.0 83.0 856.0 79.0 858.0 92.0 812.0 96.0 text 0
835.0 115.0 866.0 113.0 868.0 128.0 836.0 130.0 text 0
524.0 109.0 540.0 108.0 541.0 121.0 525.0 122.0 text 0
544.0 107.0 566.0 107.0 567.0 119.0 545.0 120.0 text 0
493.0 131.0 516.0 130.0 518.0 144.0 495.0 145.0 text 0
498.0 111.0 514.0 111.0 515.0 125.0 499.0 125.0 text 0
519.0 129.0 540.0 127.0 542.0 140.0 521.0 143.0 text 0
284.0 141.0 314.0 147.0 314.0 177.0 284.0 171.0 text 0
542.0 126.0 567.0 124.0 568.0 139.0 544.0 141.0 text 0
745.0 69.0 773.0 67.0 773.0 81.0 746.0 84.0 text 0
748.0 105.0 775.0 104.0 775.0 119.0 748.0 120.0 text 0
776.0 103.0 812.0 100.0 814.0 115.0 777.0 116.0 text 0
816.0 99.0 872.0 96.0 873.0 110.0 817.0 113.0 text 0
775.0 121.0 834.0 115.0 836.0 131.0 777.0 137.0 text 0
751.0 124.0 775.0 123.0 776.0 137.0 752.0 138.0 text 0
747.0 88.0 811.0 83.0 812.0 98.0 747.0 103.0 text 0
768.0 139.0 806.0 138.0 807.0 153.0 769.0 154.0 text 0
275.0 120.0 308.0 129.0 307.0 145.0 274.0 136.0 text 0
470.0 100.0 492.0 98.0 494.0 107.0 471.0 109.0 text 0
504.0 97.0 517.0 98.0 519.0 105.0 504.0 106.0 text 0
519.0 95.0 551.0 92.0 553.0 102.0 521.0 104.0 text 0
584.0 89.0 599.0 91.0 600.0 97.0 584.0 98.0 text 0
600.0 87.0 633.0 87.0 634.0 94.0 601.0 97.0 text 0
644.0 82.0 667.0 80.0 669.0 90.0 646.0 92.0 text 0
475.0 114.0 489.0 114.0 489.0 126.0 475.0 126.0 text 0
477.0 134.0 490.0 134.0 491.0 144.0 477.0 145.0 text 0
291.0 174.0 310.0 178.0 308.0 189.0 297.0 188.0 text 0
277.0 186.0 325.0 193.0 326.0 211.0 278.0 203.0 text 0
309.0 131.0 319.0 134.0 319.0 148.0 309.0 145.0 text 0
690.0 216.0 720.0 215.0 721.0 229.0 690.0 231.0 text 0
755.0 210.0 796.0 208.0 798.0 231.0 756.0 234.0 text 0
722.0 213.0 747.0 212.0 747.0 217.0 723.0 219.0 text 0
