482.0 186.0 533.0 185.0 534.0 213.0 482.0 214.0 text 0
476.0 232.0 492.0 232.0 493.0 251.0 477.0 252.0 text 0
575.0 48.0 686.0 43.0 688.0 71.0 576.0 76.0 text 0
462.0 84.0 605.0 74.0 606.0 98.0 462.0 108.0 text 0
479.0 150.0 526.0 146.0 526.0 166.0 480.0 169.0 text 0
456.0 58.0 574.0 52.0 575.0 76.0 457.0 82.0 text 0
482.0 170.0 508.0 168.0 508.0 184.0 482.0 186.0 text 0
453.0 36.0 609.0 28.0 612.0 50.0 456.0 59.0 text 0
508.0 166.0 528.0 165.0 528.0 184.0 508.0 184.0 text 0
493.0 230.0 550.0 226.0 552.0 247.0 494.0 251.0 text 0
479.0 252.0 492.0 252.0 494.0 271.0 480.0 272.0 text 0
494.0 249.0 546.0 247.0 548.0 267.0 496.0 269.0 text 0
496.0 274.0 538.0 271.0 538.0 280.0 496.0 283.0 text 0
496.0 284.0 552.0 282.0 552.0 291.0 496.0 294.0 text 0
498.0 296.0 552.0 292.0 551.0 302.0 498.0 305.0 text 0
500.0 306.0 552.0 303.0 552.0 313.0 499.0 316.0 text 0
571.0 353.0 654.0 348.0 655.0 360.0 572.0 366.0 text 0
