942.0 119.0 977.0 119.0 977.0 135.0 941.0 138.0 text 0
1175.0 68.0 1239.0 47.0 1240.0 90.0 1186.0 105.0 text 0
505.0 260.0 530.0 252.0 532.0 278.0 509.0 283.0 text 0
461.0 288.0 585.0 261.0 594.0 292.0 475.0 329.0 text 0
649.0 142.0 695.0 140.0 692.0 157.0 647.0 157.0 text 0
564.0 216.0 596.0 210.0 601.0 250.0 556.0 256.0 text 0
667.0 129.0 700.0 128.0 691.0 144.0 659.0 143.0 text 0
438.0 204.0 525.0 202.0 529.0 256.0 445.0 276.0 text 0
1143.0 83.0 1184.0 65.0 1187.0 110.0 1139.0 122.0 text 0
1111.0 97.0 1141.0 81.0 1147.0 119.0 1116.0 128.0 text 0
0.0 211.0 46.0 202.0 45.0 232.0 3.0 230.0 text 0
818.0 127.0 869.0 127.0 869.0 137.0 818.0 137.0 text 0
768.0 128.0 805.0 127.0 806.0 139.0 769.0 140.0 text 0
707.0 133.0 750.0 132.0 751.0 143.0 708.0 144.0 text 0
887.0 126.0 918.0 124.0 919.0 137.0 887.0 140.0 text 0
1004.0 121.0 1030.0 120.0 1029.0 131.0 1004.0 131.0 text 0
222.0 43.0 286.0 57.0 285.0 76.0 220.0 62.0 text 0
