615.0 98.0 675.0 102.0 674.0 117.0 614.0 114.0 text 0
101.0 267.0 200.0 267.0 201.0 288.0 102.0 288.0 text 0
462.0 93.0 516.0 95.0 517.0 112.0 463.0 110.0 text 0
523.0 96.0 577.0 97.0 576.0 114.0 522.0 113.0 text 0
582.0 98.0 606.0 98.0 607.0 113.0 583.0 113.0 text 0
198.0 270.0 274.0 268.0 275.0 287.0 200.0 288.0 text 0
901.0 104.0 963.0 106.0 960.0 123.0 897.0 121.0 text 0
961.0 108.0 1014.0 111.0 1012.0 125.0 958.0 123.0 text 0
1011.0 110.0 1055.0 112.0 1054.0 125.0 1010.0 123.0 text 0
1057.0 112.0 1098.0 114.0 1097.0 128.0 1056.0 126.0 text 0
1115.0 115.0 1253.0 120.0 1251.0 131.0 1113.0 126.0 text 0
