1257.0 246.0 1277.0 247.0 1279.0 277.0 1262.0 279.0 text 0
1016.0 322.0 1058.0 315.0 1062.0 343.0 1019.0 349.0 text 0
1007.0 216.0 1084.0 178.0 1090.0 204.0 1017.0 235.0 text 0
1013.0 296.0 1061.0 285.0 1065.0 312.0 1017.0 322.0 text 0
1061.0 283.0 1084.0 282.0 1087.0 304.0 1066.0 311.0 text 0
234.0 350.0 294.0 347.0 294.0 386.0 231.0 385.0 text 0
1087.0 273.0 1161.0 261.0 1168.0 291.0 1093.0 307.0 text 0
134.0 355.0 222.0 351.0 224.0 391.0 136.0 394.0 text 0
1061.0 309.0 1173.0 299.0 1184.0 322.0 1061.0 343.0 text 0
508.0 347.0 552.0 347.0 553.0 357.0 510.0 357.0 text 0
385.0 321.0 412.0 329.0 410.0 342.0 385.0 337.0 text 0
388.0 337.0 414.0 338.0 412.0 354.0 391.0 351.0 text 0
422.0 331.0 442.0 335.0 441.0 359.0 422.0 353.0 text 0
440.0 333.0 461.0 338.0 463.0 364.0 442.0 359.0 text 0
461.0 337.0 484.0 340.0 484.0 366.0 461.0 361.0 text 0
513.0 355.0 554.0 357.0 551.0 368.0 518.0 367.0 text 0
