1092.0 490.0 1135.0 490.0 1132.0 516.0 1098.0 516.0 text 0
48.0 14.0 132.0 47.0 132.0 63.0 49.0 31.0 text 0
96.0 20.0 107.0 25.0 106.0 36.0 95.0 30.0 text 0
749.0 153.0 884.0 41.0 891.0 87.0 753.0 187.0 text 0
1062.0 460.0 1112.0 454.0 1115.0 491.0 1071.0 491.0 text 0
1039.0 491.0 1095.0 490.0 1095.0 516.0 1045.0 513.0 text 0
83.0 16.0 93.0 20.0 91.0 29.0 83.0 25.0 text 0
807.0 448.0 908.0 443.0 910.0 483.0 810.0 491.0 text 0
697.0 442.0 750.0 435.0 751.0 462.0 698.0 467.0 text 0
706.0 471.0 730.0 468.0 735.0 490.0 704.0 496.0 text 0
634.0 350.0 672.0 337.0 672.0 355.0 634.0 367.0 text 0
889.0 36.0 936.0 1.0 1007.0 0.0 897.0 91.0 text 0
