401.0 192.0 482.0 172.0 492.0 214.0 411.0 233.0 text 0
1064.0 135.0 1082.0 127.0 1090.0 154.0 1072.0 162.0 text 0
1071.0 163.0 1094.0 155.0 1103.0 184.0 1080.0 193.0 text 0
1093.0 151.0 1151.0 130.0 1163.0 164.0 1105.0 185.0 text 0
1130.0 96.0 1171.0 70.0 1186.0 113.0 1145.0 130.0 text 0
1081.0 121.0 1128.0 100.0 1138.0 133.0 1092.0 154.0 text 0
507.0 164.0 597.0 141.0 609.0 181.0 519.0 203.0 text 0
414.0 260.0 493.0 243.0 499.0 271.0 420.0 289.0 text 0
529.0 232.0 612.0 211.0 625.0 244.0 541.0 264.0 text 0
1087.0 228.0 1162.0 218.0 1178.0 289.0 1103.0 299.0 text 0
124.0 490.0 159.0 478.0 166.0 503.0 131.0 515.0 text 0
