40.0 104.0 358.0 178.0 357.0 230.0 26.0 171.0 text 0
493.0 180.0 620.0 180.0 626.0 217.0 495.0 223.0 text 0
627.0 175.0 727.0 169.0 735.0 212.0 625.0 218.0 text 0
1061.0 210.0 1103.0 215.0 1103.0 240.0 1061.0 234.0 text 0
376.0 316.0 404.0 316.0 403.0 328.0 374.0 329.0 text 0
405.0 315.0 438.0 314.0 437.0 327.0 404.0 327.0 text 0
380.0 329.0 433.0 327.0 434.0 350.0 382.0 351.0 text 0
57.0 391.0 102.0 391.0 101.0 402.0 57.0 404.0 text 0
81.0 314.0 112.0 316.0 112.0 326.0 81.0 327.0 text 0
488.0 289.0 579.0 281.0 582.0 302.0 488.0 310.0 text 0
1024.0 278.0 1050.0 279.0 1050.0 290.0 1025.0 290.0 text 0
938.0 258.0 984.0 260.0 984.0 277.0 941.0 279.0 text 0
1081.0 264.0 1194.0 262.0 1198.0 301.0 1082.0 304.0 text 0
404.0 459.0 428.0 459.0 428.0 467.0 404.0 468.0 text 0
