864.0 398.0 1115.0 388.0 1116.0 392.0 866.0 402.0 text 0
587.0 170.0 685.0 148.0 690.0 165.0 591.0 188.0 text 0
691.0 406.0 731.0 407.0 735.0 425.0 694.0 425.0 text 0
731.0 403.0 781.0 403.0 784.0 423.0 733.0 423.0 text 0
988.0 53.0 1059.0 36.0 1065.0 61.0 995.0 78.0 text 0
970.0 71.0 989.0 68.0 990.0 78.0 970.0 83.0 text 0
930.0 81.0 969.0 72.0 969.0 83.0 930.0 92.0 text 0
947.0 110.0 1031.0 91.0 1031.0 102.0 947.0 120.0 text 0
951.0 130.0 992.0 122.0 992.0 133.0 951.0 141.0 text 0
970.0 202.0 1046.0 191.0 1046.0 200.0 970.0 211.0 text 0
973.0 304.0 1086.0 293.0 1084.0 304.0 971.0 316.0 text 0
589.0 189.0 689.0 166.0 690.0 175.0 590.0 198.0 text 0
693.0 431.0 763.0 430.0 764.0 439.0 695.0 440.0 text 0
861.0 380.0 921.0 378.0 921.0 386.0 862.0 388.0 text 0
657.0 408.0 690.0 408.0 694.0 426.0 661.0 427.0 text 0
866.0 405.0 883.0 405.0 883.0 413.0 866.0 413.0 text 0
868.0 418.0 969.0 415.0 969.0 423.0 869.0 426.0 text 0
873.0 438.0 950.0 437.0 950.0 445.0 873.0 446.0 text 0
885.0 446.0 1054.0 444.0 1054.0 452.0 885.0 453.0 text 0
886.0 453.0 1065.0 452.0 1066.0 460.0 887.0 460.0 text 0
880.0 476.0 910.0 476.0 910.0 484.0 880.0 484.0 text 0
885.0 495.0 928.0 497.0 928.0 504.0 885.0 502.0 text 0
885.0 502.0 930.0 504.0 931.0 511.0 887.0 509.0 text 0
885.0 509.0 961.0 511.0 961.0 518.0 885.0 516.0 text 0
806.0 243.0 898.0 229.0 899.0 249.0 807.0 263.0 text 0
539.0 176.0 564.0 169.0 567.0 177.0 541.0 184.0 text 0
504.0 193.0 536.0 185.0 536.0 194.0 504.0 203.0 text 0
504.0 204.0 541.0 194.0 542.0 202.0 505.0 213.0 text 0
