484.0 359.0 516.0 363.0 515.0 379.0 483.0 374.0 text 0
570.0 346.0 629.0 352.0 629.0 370.0 569.0 364.0 text 0
461.0 305.0 528.0 313.0 528.0 342.0 461.0 334.0 text 0
527.0 309.0 636.0 315.0 636.0 345.0 526.0 339.0 text 0
464.0 340.0 490.0 344.0 490.0 359.0 464.0 355.0 text 0
730.0 282.0 776.0 283.0 777.0 344.0 731.0 342.0 text 0
489.0 341.0 517.0 345.0 516.0 361.0 489.0 357.0 text 0
615.0 32.0 803.0 0.0 807.0 22.0 619.0 55.0 text 0
518.0 343.0 536.0 348.0 533.0 364.0 515.0 360.0 text 0
534.0 347.0 569.0 349.0 568.0 364.0 533.0 362.0 text 0
466.0 358.0 484.0 360.0 483.0 376.0 464.0 374.0 text 0
516.0 361.0 553.0 365.0 553.0 382.0 516.0 378.0 text 0
554.0 364.0 567.0 366.0 566.0 382.0 552.0 380.0 text 0
567.0 364.0 592.0 366.0 590.0 383.0 565.0 381.0 text 0
721.0 545.0 753.0 555.0 753.0 572.0 720.0 563.0 text 0
752.0 553.0 771.0 557.0 770.0 574.0 751.0 570.0 text 0
713.0 562.0 753.0 572.0 750.0 589.0 709.0 579.0 text 0
754.0 569.0 785.0 577.0 784.0 597.0 752.0 589.0 text 0
733.0 582.0 765.0 592.0 761.0 609.0 730.0 600.0 text 0
579.0 486.0 642.0 534.0 637.0 544.0 574.0 496.0 text 0
