298.0 266.0 404.0 264.0 404.0 274.0 298.0 276.0 text 0
216.0 276.0 276.0 275.0 276.0 284.0 217.0 285.0 text 0
142.0 9.0 150.0 10.0 150.0 20.0 142.0 19.0 text 0
151.0 7.0 215.0 12.0 213.0 25.0 150.0 20.0 text 0
76.0 16.0 128.0 21.0 126.0 36.0 74.0 31.0 text 0
122.0 6.0 138.0 7.0 138.0 20.0 122.0 18.0 text 0
127.0 20.0 166.0 24.0 165.0 36.0 126.0 32.0 text 0
77.0 0.0 121.0 4.0 120.0 20.0 76.0 16.0 text 0
84.0 32.0 106.0 34.0 105.0 54.0 83.0 52.0 text 0
107.0 36.0 129.0 34.0 128.0 60.0 106.0 61.0 text 0
133.0 34.0 162.0 36.0 161.0 56.0 132.0 54.0 text 0
175.0 60.0 184.0 61.0 184.0 72.0 174.0 71.0 text 0
371.0 10.0 394.0 10.0 393.0 21.0 370.0 21.0 text 0
185.0 60.0 222.0 64.0 221.0 76.0 184.0 72.0 text 0
357.0 6.0 370.0 7.0 370.0 18.0 356.0 18.0 text 0
395.0 11.0 422.0 11.0 421.0 23.0 394.0 22.0 text 0
421.0 12.0 436.0 14.0 436.0 25.0 420.0 24.0 text 0
436.0 12.0 445.0 13.0 444.0 26.0 435.0 24.0 text 0
444.0 14.0 492.0 18.0 492.0 30.0 444.0 26.0 text 0
360.0 18.0 388.0 22.0 387.0 33.0 358.0 30.0 text 0
389.0 21.0 409.0 22.0 405.0 35.0 385.0 34.0 text 0
407.0 23.0 446.0 26.0 445.0 37.0 406.0 34.0 text 0
445.0 26.0 492.0 30.0 490.0 41.0 444.0 38.0 text 0
353.0 40.0 371.0 45.0 369.0 63.0 351.0 58.0 text 0
369.0 42.0 391.0 42.0 390.0 67.0 368.0 66.0 text 0
392.0 44.0 419.0 45.0 419.0 64.0 392.0 62.0 text 0
435.0 66.0 475.0 69.0 474.0 79.0 433.0 76.0 text 0
790.0 0.0 843.0 8.0 842.0 29.0 790.0 20.0 text 0
782.0 20.0 855.0 27.0 854.0 50.0 782.0 44.0 text 0
772.0 47.0 870.0 55.0 868.0 65.0 770.0 57.0 text 0
801.0 84.0 814.0 84.0 813.0 100.0 800.0 100.0 text 0
812.0 85.0 827.0 85.0 827.0 105.0 813.0 106.0 text 0
773.0 59.0 873.0 66.0 873.0 76.0 773.0 69.0 text 0
826.0 86.0 845.0 86.0 847.0 100.0 827.0 101.0 text 0
932.0 35.0 973.0 38.0 972.0 56.0 931.0 53.0 text 0
972.0 38.0 1012.0 41.0 1012.0 59.0 972.0 56.0 text 0
968.0 89.0 984.0 89.0 984.0 105.0 968.0 106.0 text 0
944.0 89.0 957.0 89.0 957.0 105.0 944.0 104.0 text 0
956.0 90.0 967.0 90.0 968.0 109.0 957.0 109.0 text 0
613.0 156.0 709.0 158.0 709.0 171.0 614.0 169.0 text 0
0.0 283.0 120.0 279.0 121.0 296.0 2.0 299.0 text 0
628.0 168.0 697.0 169.0 696.0 178.0 627.0 177.0 text 0
618.0 230.0 743.0 228.0 743.0 241.0 618.0 242.0 text 0
26.0 354.0 68.0 353.0 68.0 363.0 26.0 364.0 text 0
96.0 371.0 123.0 369.0 123.0 381.0 96.0 383.0 text 0
95.0 401.0 123.0 400.0 123.0 412.0 95.0 413.0 text 0
280.0 476.0 294.0 471.0 301.0 487.0 289.0 491.0 text 0
296.0 465.0 357.0 459.0 361.0 479.0 302.0 486.0 text 0
366.0 460.0 383.0 464.0 376.0 482.0 358.0 478.0 text 0
289.0 492.0 330.0 479.0 332.0 493.0 291.0 506.0 text 0
330.0 482.0 352.0 480.0 352.0 493.0 331.0 494.0 text 0
357.0 476.0 380.0 483.0 372.0 497.0 349.0 491.0 text 0
413.0 463.0 479.0 455.0 481.0 466.0 415.0 474.0 text 0
586.0 27.0 644.0 25.0 647.0 53.0 589.0 54.0 text 0
648.0 22.0 710.0 38.0 709.0 63.0 647.0 48.0 text 0
508.0 17.0 568.0 0.0 583.0 26.0 522.0 43.0 text 0
586.0 0.0 657.0 0.0 657.0 23.0 586.0 22.0 text 0
664.0 10.0 710.0 22.0 706.0 39.0 659.0 26.0 text 0
720.0 14.0 764.0 42.0 750.0 63.0 706.0 35.0 text 0
327.0 286.0 383.0 281.0 388.0 346.0 332.0 351.0 text 0
631.0 72.0 677.0 69.0 685.0 148.0 640.0 151.0 text 0
0.0 385.0 36.0 383.0 36.0 395.0 0.0 396.0 text 0
604.0 228.0 614.0 227.0 615.0 241.0 605.0 242.0 text 0
175.0 275.0 213.0 273.0 211.0 298.0 173.0 299.0 text 0
1089.0 575.0 1178.0 551.0 1185.0 593.0 1096.0 616.0 text 0
1073.0 621.0 1183.0 593.0 1185.0 616.0 1074.0 644.0 text 0
303.0 619.0 359.0 609.0 364.0 642.0 308.0 652.0 text 0
0.0 357.0 23.0 356.0 24.0 365.0 0.0 365.0 text 0
214.0 289.0 255.0 289.0 257.0 308.0 216.0 308.0 text 0
6.0 368.0 90.0 363.0 86.0 372.0 2.0 377.0 text 0
4.0 397.0 90.0 391.0 90.0 408.0 4.0 414.0 text 0
35.0 426.0 126.0 419.0 124.0 436.0 33.0 443.0 text 0
156.0 417.0 278.0 407.0 279.0 456.0 157.0 466.0 text 0
158.0 467.0 248.0 459.0 249.0 478.0 160.0 487.0 text 0
936.0 54.0 1006.0 64.0 1003.0 96.0 933.0 86.0 text 0
438.0 469.0 466.0 467.0 463.0 480.0 435.0 482.0 text 0
449.0 485.0 481.0 481.0 477.0 502.0 446.0 506.0 text 0
453.0 557.0 494.0 553.0 495.0 578.0 454.0 582.0 text 0
363.0 575.0 405.0 567.0 406.0 593.0 364.0 601.0 text 0
271.0 593.0 311.0 589.0 309.0 617.0 269.0 621.0 text 0
146.0 318.0 201.0 316.0 201.0 344.0 149.0 345.0 text 0
208.0 316.0 256.0 316.0 259.0 344.0 211.0 344.0 text 0
301.0 356.0 336.0 353.0 334.0 377.0 299.0 380.0 text 0
984.0 94.0 1026.0 96.0 1024.0 105.0 982.0 103.0 text 0
407.0 561.0 440.0 558.0 446.0 589.0 413.0 591.0 text 0
