878.0 517.0 955.0 496.0 958.0 552.0 891.0 572.0 text 0
950.0 498.0 1033.0 482.0 1038.0 527.0 965.0 545.0 text 0
828.0 477.0 898.0 461.0 906.0 490.0 840.0 503.0 text 0
891.0 458.0 938.0 447.0 937.0 478.0 900.0 486.0 text 0
930.0 453.0 953.0 445.0 958.0 473.0 939.0 476.0 text 0
5.0 663.0 238.0 616.0 250.0 680.0 13.0 717.0 text 0
973.0 439.0 1028.0 428.0 1033.0 455.0 987.0 464.0 text 0
941.0 443.0 985.0 440.0 988.0 465.0 960.0 470.0 text 0
920.0 112.0 973.0 108.0 973.0 155.0 927.0 158.0 text 0
855.0 593.0 901.0 579.0 917.0 625.0 842.0 657.0 text 0
898.0 561.0 1036.0 526.0 1042.0 577.0 913.0 614.0 text 0
972.0 600.0 1031.0 582.0 1034.0 602.0 974.0 620.0 text 0
909.0 616.0 931.0 611.0 931.0 631.0 909.0 636.0 text 0
940.0 609.0 963.0 603.0 964.0 622.0 942.0 628.0 text 0
867.0 497.0 914.0 487.0 915.0 505.0 868.0 516.0 text 0
919.0 483.0 958.0 475.0 959.0 494.0 920.0 502.0 text 0
962.0 471.0 990.0 467.0 989.0 486.0 961.0 491.0 text 0
