370.0 15.0 435.0 18.0 438.0 38.0 365.0 40.0 text 0
600.0 24.0 644.0 23.0 647.0 42.0 601.0 43.0 text 0
603.0 42.0 635.0 40.0 638.0 61.0 604.0 58.0 text 0
639.0 40.0 691.0 41.0 698.0 57.0 637.0 60.0 text 0
598.0 5.0 642.0 7.0 641.0 27.0 597.0 29.0 text 0
599.0 65.0 626.0 64.0 627.0 91.0 600.0 90.0 text 0
640.0 6.0 708.0 5.0 710.0 25.0 638.0 25.0 text 0
642.0 23.0 659.0 22.0 660.0 40.0 642.0 41.0 text 0
866.0 20.0 921.0 19.0 920.0 55.0 869.0 56.0 text 0
661.0 25.0 749.0 22.0 750.0 38.0 658.0 40.0 text 0
437.0 17.0 455.0 14.0 463.0 35.0 433.0 34.0 text 0
456.0 14.0 511.0 14.0 514.0 35.0 457.0 33.0 text 0
365.0 38.0 470.0 31.0 468.0 50.0 367.0 55.0 text 0
366.0 54.0 388.0 54.0 387.0 74.0 366.0 72.0 text 0
387.0 53.0 442.0 49.0 443.0 70.0 389.0 72.0 text 0
444.0 49.0 498.0 45.0 498.0 70.0 441.0 70.0 text 0
290.0 26.0 322.0 29.0 320.0 56.0 290.0 52.0 text 0
179.0 69.0 212.0 87.0 212.0 113.0 180.0 98.0 text 0
