717.0 558.0 731.0 559.0 728.0 571.0 713.0 570.0 text 0
683.0 540.0 720.0 544.0 720.0 557.0 682.0 554.0 text 0
681.0 475.0 742.0 478.0 742.0 490.0 680.0 486.0 text 0
650.0 496.0 668.0 497.0 667.0 511.0 649.0 510.0 text 0
670.0 496.0 701.0 498.0 699.0 512.0 669.0 510.0 text 0
649.0 472.0 682.0 474.0 681.0 487.0 648.0 484.0 text 0
701.0 498.0 774.0 504.0 774.0 517.0 701.0 512.0 text 0
823.0 264.0 885.0 265.0 885.0 278.0 823.0 276.0 text 0
649.0 510.0 699.0 514.0 698.0 526.0 647.0 523.0 text 0
700.0 513.0 737.0 516.0 737.0 529.0 699.0 526.0 text 0
648.0 523.0 702.0 526.0 701.0 541.0 647.0 537.0 text 0
705.0 527.0 742.0 530.0 742.0 543.0 704.0 541.0 text 0
745.0 531.0 767.0 532.0 764.0 545.0 743.0 544.0 text 0
648.0 538.0 673.0 541.0 674.0 554.0 649.0 551.0 text 0
649.0 553.0 702.0 558.0 702.0 570.0 649.0 565.0 text 0
733.0 558.0 762.0 560.0 761.0 574.0 732.0 573.0 text 0
647.0 566.0 687.0 569.0 686.0 582.0 646.0 579.0 text 0
688.0 568.0 730.0 571.0 729.0 585.0 687.0 582.0 text 0
646.0 580.0 678.0 583.0 678.0 595.0 645.0 593.0 text 0
647.0 596.0 668.0 595.0 667.0 610.0 647.0 610.0 text 0
669.0 596.0 695.0 597.0 695.0 611.0 669.0 610.0 text 0
695.0 597.0 736.0 601.0 735.0 615.0 695.0 612.0 text 0
735.0 600.0 767.0 602.0 766.0 620.0 734.0 617.0 text 0
649.0 609.0 686.0 611.0 684.0 626.0 647.0 624.0 text 0
685.0 613.0 725.0 615.0 723.0 628.0 682.0 626.0 text 0
648.0 639.0 665.0 639.0 664.0 647.0 647.0 647.0 text 0
663.0 638.0 726.0 644.0 727.0 653.0 664.0 647.0 text 0
648.0 646.0 693.0 651.0 691.0 660.0 646.0 655.0 text 0
