906.0 344.0 1024.0 353.0 1022.0 383.0 903.0 374.0 text 0
749.0 80.0 785.0 85.0 782.0 111.0 746.0 106.0 text 0
788.0 83.0 839.0 89.0 836.0 116.0 786.0 111.0 text 0
842.0 91.0 885.0 96.0 882.0 120.0 839.0 115.0 text 0
885.0 95.0 908.0 97.0 905.0 122.0 882.0 120.0 text 0
684.0 74.0 737.0 80.0 731.0 135.0 678.0 129.0 text 0
747.0 108.0 781.0 111.0 779.0 139.0 745.0 136.0 text 0
1027.0 355.0 1108.0 360.0 1106.0 384.0 1025.0 378.0 text 0
897.0 387.0 1107.0 394.0 1091.0 439.0 881.0 432.0 text 0
1157.0 455.0 1182.0 454.0 1178.0 470.0 1154.0 471.0 text 0
1118.0 383.0 1279.0 390.0 1278.0 444.0 1092.0 442.0 text 0
878.0 0.0 983.0 8.0 979.0 40.0 865.0 29.0 text 0
665.0 0.0 738.0 0.0 736.0 9.0 665.0 10.0 text 0
747.0 0.0 803.0 0.0 800.0 17.0 742.0 14.0 text 0
815.0 0.0 866.0 1.0 863.0 24.0 809.0 18.0 text 0
1180.0 456.0 1185.0 456.0 1183.0 469.0 1179.0 469.0 text 0
1185.0 454.0 1268.0 457.0 1267.0 471.0 1184.0 469.0 text 0
