1089.0 421.0 1277.0 441.0 1278.0 480.0 1090.0 460.0 text 0
1070.0 378.0 1109.0 380.0 1110.0 408.0 1070.0 405.0 text 0
1027.0 314.0 1038.0 315.0 1038.0 340.0 1027.0 339.0 text 0
1036.0 313.0 1139.0 319.0 1140.0 346.0 1037.0 340.0 text 0
1142.0 320.0 1182.0 321.0 1182.0 347.0 1142.0 346.0 text 0
1030.0 237.0 1135.0 237.0 1134.0 247.0 1030.0 246.0 text 0
1183.0 320.0 1274.0 322.0 1274.0 349.0 1184.0 347.0 text 0
968.0 220.0 1141.0 218.0 1139.0 239.0 966.0 240.0 text 0
1027.0 347.0 1120.0 350.0 1119.0 369.0 1026.0 366.0 text 0
1121.0 346.0 1180.0 347.0 1180.0 372.0 1121.0 371.0 text 0
1179.0 346.0 1273.0 350.0 1277.0 378.0 1183.0 375.0 text 0
1028.0 373.0 1067.0 376.0 1067.0 399.0 1027.0 396.0 text 0
1112.0 375.0 1190.0 381.0 1190.0 411.0 1112.0 405.0 text 0
1090.0 461.0 1275.0 480.0 1274.0 502.0 1089.0 482.0 text 0
1090.0 483.0 1131.0 489.0 1131.0 500.0 1090.0 494.0 text 0
1133.0 487.0 1193.0 496.0 1190.0 507.0 1131.0 499.0 text 0
1189.0 493.0 1275.0 503.0 1274.0 515.0 1188.0 505.0 text 0
185.0 340.0 231.0 344.0 230.0 357.0 185.0 354.0 text 0
206.0 305.0 244.0 306.0 244.0 315.0 206.0 315.0 text 0
208.0 291.0 230.0 291.0 230.0 300.0 208.0 301.0 text 0
549.0 183.0 624.0 178.0 624.0 186.0 549.0 191.0 text 0
547.0 172.0 626.0 167.0 626.0 176.0 547.0 182.0 text 0
868.0 146.0 945.0 140.0 945.0 151.0 868.0 157.0 text 0
862.0 159.0 942.0 153.0 944.0 163.0 864.0 169.0 text 0
