7.0 0.0 177.0 0.0 169.0 75.0 5.0 32.0 text 0
337.0 192.0 422.0 183.0 421.0 205.0 337.0 212.0 text 0
437.0 189.0 480.0 200.0 480.0 214.0 440.0 202.0 text 0
162.0 364.0 203.0 360.0 216.0 391.0 167.0 393.0 text 0
207.0 360.0 227.0 358.0 234.0 376.0 210.0 380.0 text 0
208.0 374.0 230.0 373.0 236.0 385.0 212.0 387.0 text 0
165.0 393.0 231.0 385.0 238.0 399.0 168.0 406.0 text 0
1243.0 154.0 1278.0 141.0 1279.0 216.0 1260.0 221.0 text 0
1015.0 336.0 1065.0 333.0 1072.0 376.0 1012.0 380.0 text 0
56.0 383.0 77.0 382.0 76.0 391.0 56.0 392.0 text 0
