440.0 307.0 504.0 310.0 503.0 329.0 438.0 325.0 text 0
416.0 335.0 468.0 343.0 465.0 358.0 413.0 350.0 text 0
1229.0 499.0 1274.0 500.0 1271.0 560.0 1225.0 558.0 text 0
1205.0 526.0 1224.0 530.0 1221.0 561.0 1202.0 558.0 text 0
1226.0 560.0 1261.0 562.0 1261.0 581.0 1226.0 578.0 text 0
1152.0 381.0 1192.0 382.0 1188.0 441.0 1148.0 440.0 text 0
1100.0 591.0 1180.0 598.0 1177.0 618.0 1097.0 611.0 text 0
1174.0 24.0 1276.0 24.0 1278.0 62.0 1176.0 62.0 text 0
1140.0 468.0 1188.0 466.0 1186.0 485.0 1139.0 487.0 text 0
1191.0 464.0 1235.0 465.0 1232.0 490.0 1187.0 489.0 text 0
1187.0 596.0 1256.0 601.0 1252.0 623.0 1184.0 618.0 text 0
392.0 76.0 484.0 76.0 485.0 101.0 393.0 101.0 text 0
499.0 71.0 555.0 71.0 557.0 98.0 501.0 99.0 text 0
389.0 141.0 420.0 141.0 418.0 164.0 387.0 165.0 text 0
420.0 141.0 463.0 142.0 461.0 165.0 418.0 163.0 text 0
462.0 142.0 538.0 141.0 539.0 162.0 463.0 163.0 text 0
406.0 191.0 470.0 191.0 470.0 201.0 406.0 199.0 text 0
393.0 216.0 407.0 215.0 407.0 230.0 393.0 230.0 text 0
393.0 246.0 409.0 245.0 409.0 260.0 394.0 260.0 text 0
396.0 276.0 410.0 276.0 410.0 293.0 396.0 293.0 text 0
397.0 305.0 413.0 304.0 414.0 321.0 398.0 321.0 text 0
399.0 333.0 414.0 333.0 415.0 350.0 400.0 350.0 text 0
405.0 215.0 433.0 217.0 433.0 232.0 405.0 230.0 text 0
434.0 215.0 506.0 215.0 505.0 234.0 434.0 234.0 text 0
409.0 244.0 435.0 245.0 435.0 261.0 409.0 260.0 text 0
440.0 277.0 500.0 279.0 500.0 296.0 440.0 293.0 text 0
436.0 245.0 479.0 249.0 478.0 267.0 435.0 263.0 text 0
412.0 278.0 439.0 278.0 437.0 294.0 410.0 294.0 text 0
413.0 305.0 439.0 309.0 439.0 324.0 413.0 320.0 text 0
1150.0 348.0 1278.0 351.0 1279.0 381.0 1152.0 379.0 text 0
404.0 372.0 434.0 374.0 433.0 387.0 403.0 386.0 text 0
434.0 376.0 504.0 383.0 502.0 396.0 432.0 389.0 text 0
505.0 379.0 569.0 385.0 568.0 402.0 503.0 396.0 text 0
437.0 392.0 477.0 397.0 475.0 412.0 435.0 407.0 text 0
475.0 396.0 530.0 400.0 528.0 416.0 472.0 412.0 text 0
449.0 449.0 518.0 462.0 516.0 487.0 446.0 474.0 text 0
519.0 460.0 563.0 466.0 560.0 491.0 516.0 485.0 text 0
445.0 475.0 506.0 485.0 503.0 514.0 442.0 504.0 text 0
506.0 487.0 576.0 497.0 571.0 524.0 500.0 514.0 text 0
493.0 515.0 520.0 520.0 519.0 538.0 491.0 534.0 text 0
460.0 533.0 526.0 546.0 524.0 570.0 459.0 556.0 text 0
525.0 542.0 553.0 545.0 553.0 574.0 525.0 570.0 text 0
456.0 560.0 566.0 580.0 566.0 603.0 456.0 583.0 text 0
474.0 604.0 537.0 616.0 536.0 637.0 473.0 624.0 text 0
537.0 620.0 585.0 628.0 586.0 647.0 537.0 639.0 text 0
1196.0 414.0 1279.0 415.0 1279.0 442.0 1196.0 441.0 text 0
1240.0 465.0 1278.0 467.0 1279.0 492.0 1241.0 490.0 text 0
1258.0 600.0 1276.0 600.0 1277.0 623.0 1260.0 623.0 text 0
1203.0 384.0 1276.0 388.0 1277.0 414.0 1202.0 410.0 text 0
1097.0 614.0 1276.0 626.0 1275.0 718.0 1097.0 710.0 text 0
392.0 192.0 403.0 187.0 404.0 198.0 393.0 202.0 text 0
470.0 190.0 518.0 190.0 518.0 200.0 470.0 200.0 text 0
521.0 191.0 567.0 191.0 567.0 200.0 521.0 200.0 text 0
482.0 102.0 557.0 100.0 557.0 110.0 482.0 111.0 text 0
1144.0 436.0 1279.0 442.0 1277.0 468.0 1142.0 462.0 text 0
1181.0 532.0 1208.0 537.0 1208.0 559.0 1180.0 556.0 text 0
