508.0 179.0 535.0 186.0 533.0 201.0 506.0 194.0 text 0
115.0 0.0 125.0 3.0 122.0 16.0 111.0 13.0 text 0
97.0 76.0 126.0 83.0 122.0 97.0 94.0 90.0 text 0
41.0 76.0 140.0 102.0 139.0 114.0 40.0 88.0 text 0
18.0 106.0 29.0 109.0 25.0 120.0 14.0 117.0 text 0
64.0 68.0 98.0 77.0 94.0 91.0 60.0 82.0 text 0
27.0 108.0 47.0 113.0 44.0 123.0 24.0 118.0 text 0
5.0 486.0 136.0 478.0 132.0 507.0 2.0 515.0 text 0
49.0 113.0 69.0 118.0 66.0 129.0 46.0 124.0 text 0
125.0 2.0 160.0 14.0 156.0 27.0 121.0 15.0 text 0
227.0 98.0 274.0 110.0 269.0 132.0 222.0 120.0 text 0
75.0 11.0 86.0 15.0 81.0 26.0 70.0 22.0 text 0
87.0 17.0 149.0 34.0 145.0 45.0 84.0 28.0 text 0
59.0 22.0 90.0 31.0 85.0 41.0 54.0 32.0 text 0
89.0 32.0 105.0 35.0 100.0 44.0 85.0 41.0 text 0
103.0 35.0 148.0 47.0 143.0 59.0 99.0 47.0 text 0
73.0 41.0 114.0 52.0 111.0 63.0 70.0 52.0 text 0
657.0 342.0 697.0 345.0 696.0 353.0 657.0 350.0 text 0
658.0 362.0 693.0 364.0 693.0 373.0 658.0 371.0 text 0
987.0 358.0 1266.0 367.0 1266.0 378.0 987.0 368.0 text 0
