306.0 159.0 487.0 116.0 492.0 144.0 311.0 187.0 text 0
362.0 178.0 494.0 146.0 499.0 174.0 368.0 206.0 text 0
359.0 411.0 416.0 389.0 419.0 411.0 362.0 433.0 text 0
418.0 384.0 450.0 373.0 455.0 395.0 422.0 406.0 text 0
314.0 364.0 485.0 301.0 489.0 323.0 317.0 385.0 text 0
351.0 301.0 431.0 279.0 433.0 298.0 353.0 319.0 text 0
297.0 291.0 424.0 260.0 429.0 280.0 301.0 311.0 text 0
289.0 257.0 409.0 237.0 415.0 258.0 295.0 278.0 text 0
343.0 445.0 436.0 404.0 441.0 421.0 347.0 462.0 text 0
337.0 425.0 355.0 417.0 358.0 436.0 340.0 444.0 text 0
511.0 244.0 551.0 236.0 552.0 245.0 513.0 253.0 text 0
525.0 258.0 547.0 255.0 547.0 265.0 525.0 268.0 text 0
