695.0 259.0 720.0 256.0 724.0 288.0 698.0 290.0 text 0
794.0 243.0 814.0 240.0 816.0 258.0 796.0 260.0 text 0
635.0 148.0 669.0 144.0 673.0 180.0 638.0 183.0 text 0
670.0 156.0 677.0 155.0 677.0 167.0 670.0 168.0 text 0
623.0 117.0 673.0 112.0 674.0 124.0 623.0 129.0 text 0
525.0 11.0 552.0 9.0 555.0 37.0 527.0 40.0 text 0
622.0 130.0 677.0 122.0 678.0 134.0 624.0 142.0 text 0
368.0 32.0 515.0 18.0 517.0 40.0 370.0 55.0 text 0
783.0 264.0 831.0 257.0 832.0 267.0 784.0 274.0 text 0
720.0 263.0 732.0 261.0 733.0 277.0 721.0 279.0 text 0
1079.0 126.0 1118.0 126.0 1119.0 144.0 1080.0 145.0 text 0
864.0 157.0 888.0 156.0 889.0 176.0 865.0 176.0 text 0
1125.0 118.0 1147.0 118.0 1148.0 149.0 1125.0 149.0 text 0
964.0 131.0 988.0 130.0 987.0 145.0 964.0 146.0 text 0
699.0 293.0 737.0 286.0 738.0 293.0 700.0 300.0 text 0
