639.0 524.0 654.0 521.0 655.0 538.0 641.0 541.0 text 0
630.0 544.0 665.0 536.0 666.0 544.0 630.0 551.0 text 0
341.0 390.0 398.0 387.0 398.0 442.0 341.0 445.0 text 0
395.0 405.0 412.0 404.0 412.0 423.0 396.0 424.0 text 0
573.0 669.0 592.0 665.0 597.0 702.0 578.0 706.0 text 0
330.0 343.0 414.0 339.0 415.0 356.0 331.0 360.0 text 0
527.0 663.0 572.0 652.0 580.0 718.0 525.0 718.0 text 0
174.0 191.0 215.0 191.0 214.0 228.0 173.0 227.0 text 0
687.0 661.0 767.0 638.0 768.0 658.0 688.0 680.0 text 0
711.0 614.0 739.0 607.0 741.0 641.0 713.0 648.0 text 0
646.0 419.0 674.0 416.0 674.0 445.0 646.0 449.0 text 0
673.0 423.0 713.0 419.0 712.0 431.0 672.0 435.0 text 0
806.0 397.0 844.0 399.0 843.0 417.0 806.0 415.0 text 0
1014.0 405.0 1078.0 407.0 1078.0 433.0 1014.0 431.0 text 0
1094.0 399.0 1127.0 401.0 1131.0 443.0 1098.0 441.0 text 0
1128.0 412.0 1142.0 411.0 1144.0 434.0 1129.0 435.0 text 0
1099.0 36.0 1226.0 0.0 1245.0 37.0 1118.0 73.0 text 0
898.0 103.0 1023.0 68.0 1028.0 103.0 903.0 138.0 text 0
718.0 161.0 815.0 134.0 819.0 165.0 722.0 192.0 text 0
1003.0 160.0 1022.0 156.0 1024.0 179.0 1005.0 182.0 text 0
797.0 198.0 817.0 194.0 818.0 214.0 798.0 218.0 text 0
883.0 397.0 961.0 392.0 963.0 411.0 885.0 416.0 text 0
0.0 191.0 160.0 197.0 160.0 226.0 2.0 219.0 text 0
610.0 206.0 653.0 195.0 656.0 216.0 610.0 228.0 text 0
327.0 361.0 416.0 356.0 420.0 373.0 326.0 380.0 text 0
520.0 622.0 599.0 603.0 603.0 636.0 522.0 651.0 text 0
8.0 418.0 110.0 416.0 111.0 430.0 8.0 438.0 text 0
1227.0 80.0 1267.0 72.0 1265.0 93.0 1226.0 97.0 text 0
