824.0 47.0 843.0 42.0 846.0 64.0 827.0 69.0 text 0
588.0 121.0 670.0 102.0 672.0 132.0 590.0 151.0 text 0
703.0 390.0 726.0 379.0 729.0 392.0 706.0 403.0 text 0
655.0 213.0 689.0 201.0 693.0 221.0 659.0 233.0 text 0
591.0 224.0 612.0 217.0 614.0 226.0 592.0 233.0 text 0
632.0 312.0 702.0 285.0 705.0 318.0 635.0 345.0 text 0
612.0 219.0 632.0 213.0 634.0 220.0 613.0 226.0 text 0
891.0 5.0 920.0 0.0 935.0 6.0 894.0 16.0 text 0
847.0 43.0 879.0 34.0 881.0 56.0 849.0 65.0 text 0
879.0 34.0 918.0 24.0 922.0 44.0 883.0 54.0 text 0
874.0 85.0 899.0 80.0 901.0 92.0 875.0 97.0 text 0
504.0 77.0 557.0 66.0 559.0 78.0 506.0 89.0 text 0
545.0 315.0 576.0 327.0 578.0 342.0 547.0 331.0 text 0
464.0 181.0 499.0 173.0 501.0 184.0 467.0 192.0 text 0
