1112.0 195.0 1141.0 194.0 1141.0 210.0 1113.0 212.0 text 0
1099.0 227.0 1157.0 224.0 1157.0 237.0 1099.0 240.0 text 0
474.0 227.0 531.0 221.0 534.0 242.0 477.0 248.0 text 0
532.0 222.0 554.0 220.0 554.0 240.0 532.0 241.0 text 0
553.0 220.0 609.0 216.0 610.0 237.0 555.0 241.0 text 0
353.0 236.0 459.0 226.0 457.0 253.0 351.0 263.0 text 0
609.0 151.0 638.0 149.0 639.0 161.0 610.0 163.0 text 0
1187.0 168.0 1202.0 169.0 1212.0 354.0 1197.0 353.0 text 0
354.0 368.0 531.0 356.0 539.0 419.0 362.0 431.0 text 0
613.0 240.0 730.0 236.0 730.0 245.0 613.0 250.0 text 0
1110.0 238.0 1147.0 237.0 1147.0 248.0 1111.0 249.0 text 0
79.0 114.0 128.0 114.0 130.0 150.0 81.0 149.0 text 0
1104.0 17.0 1231.0 1.0 1233.0 24.0 1106.0 41.0 text 0
1.0 115.0 81.0 109.0 81.0 144.0 1.0 150.0 text 0
1094.0 469.0 1165.0 478.0 1165.0 497.0 1095.0 487.0 text 0
1070.0 436.0 1086.0 438.0 1086.0 512.0 1070.0 510.0 text 0
612.0 251.0 731.0 244.0 732.0 252.0 613.0 259.0 text 0
637.0 260.0 709.0 255.0 713.0 323.0 641.0 327.0 text 0
650.0 159.0 664.0 158.0 664.0 165.0 650.0 166.0 text 0
622.0 419.0 739.0 424.0 738.0 451.0 620.0 447.0 text 0
