693.0 267.0 724.0 261.0 726.0 272.0 695.0 277.0 text 0
669.0 352.0 705.0 340.0 708.0 353.0 672.0 365.0 text 0
514.0 177.0 528.0 173.0 532.0 187.0 517.0 190.0 text 0
861.0 72.0 904.0 63.0 908.0 81.0 865.0 90.0 text 0
907.0 60.0 952.0 49.0 955.0 68.0 911.0 79.0 text 0
531.0 171.0 585.0 162.0 588.0 178.0 535.0 187.0 text 0
316.0 360.0 347.0 352.0 349.0 361.0 318.0 369.0 text 0
454.0 186.0 512.0 175.0 516.0 191.0 457.0 202.0 text 0
350.0 380.0 394.0 368.0 396.0 380.0 352.0 392.0 text 0
546.0 323.0 575.0 316.0 576.0 325.0 547.0 333.0 text 0
651.0 137.0 700.0 127.0 701.0 139.0 652.0 149.0 text 0
663.0 156.0 697.0 148.0 699.0 159.0 664.0 167.0 text 0
554.0 200.0 631.0 186.0 632.0 196.0 556.0 210.0 text 0
771.0 306.0 795.0 298.0 796.0 310.0 772.0 318.0 text 0
811.0 405.0 827.0 402.0 843.0 473.0 827.0 476.0 text 0
893.0 350.0 905.0 350.0 915.0 406.0 902.0 406.0 text 0
930.0 325.0 942.0 377.0 931.0 378.0 919.0 327.0 text 0
50.0 62.0 177.0 64.0 180.0 93.0 53.0 91.0 text 0
31.0 70.0 48.0 69.0 51.0 91.0 33.0 92.0 text 0
980.0 24.0 1038.0 10.0 1041.0 23.0 982.0 38.0 text 0
1039.0 9.0 1069.0 0.0 1072.0 13.0 1041.0 22.0 text 0
998.0 32.0 1063.0 16.0 1067.0 31.0 1002.0 48.0 text 0
1017.0 104.0 1088.0 88.0 1090.0 98.0 1019.0 114.0 text 0
1021.0 112.0 1088.0 98.0 1089.0 106.0 1022.0 121.0 text 0
1098.0 86.0 1237.0 56.0 1239.0 66.0 1100.0 96.0 text 0
1112.0 92.0 1233.0 65.0 1235.0 75.0 1113.0 102.0 text 0
1.0 228.0 122.0 214.0 127.0 235.0 0.0 251.0 text 0
174.0 600.0 214.0 598.0 233.0 708.0 203.0 711.0 text 0
1065.0 16.0 1132.0 0.0 1134.0 9.0 1069.0 27.0 text 0
1069.0 2.0 1096.0 0.0 1098.0 5.0 1073.0 11.0 text 0
