711.0 204.0 828.0 190.0 832.0 219.0 714.0 236.0 text 0
837.0 184.0 938.0 170.0 944.0 203.0 840.0 218.0 text 0
798.0 227.0 827.0 223.0 828.0 234.0 799.0 238.0 text 0
828.0 223.0 855.0 219.0 856.0 230.0 831.0 234.0 text 0
762.0 246.0 809.0 241.0 810.0 256.0 762.0 262.0 text 0
811.0 240.0 848.0 236.0 850.0 249.0 812.0 253.0 text 0
852.0 235.0 884.0 232.0 886.0 246.0 852.0 249.0 text 0
736.0 289.0 823.0 279.0 825.0 297.0 738.0 306.0 text 0
831.0 277.0 896.0 270.0 898.0 288.0 833.0 296.0 text 0
904.0 268.0 967.0 262.0 969.0 281.0 906.0 287.0 text 0
