458.0 97.0 491.0 88.0 492.0 112.0 460.0 120.0 text 0
489.0 90.0 514.0 84.0 516.0 110.0 491.0 116.0 text 0
516.0 82.0 558.0 74.0 559.0 101.0 517.0 110.0 text 0
558.0 73.0 658.0 51.0 659.0 80.0 559.0 102.0 text 0
660.0 50.0 684.0 44.0 688.0 72.0 664.0 78.0 text 0
447.0 36.0 560.0 2.0 572.0 61.0 455.0 91.0 text 0
778.0 95.0 885.0 82.0 887.0 115.0 781.0 128.0 text 0
806.0 42.0 882.0 31.0 888.0 70.0 813.0 81.0 text 0
0.0 83.0 63.0 37.0 72.0 76.0 1.0 118.0 text 0
0.0 247.0 37.0 234.0 47.0 297.0 1.0 306.0 text 0
241.0 72.0 286.0 60.0 297.0 146.0 250.0 157.0 text 0
444.0 0.0 563.0 0.0 563.0 2.0 448.0 33.0 text 0
573.0 0.0 699.0 0.0 706.0 31.0 582.0 61.0 text 0
714.0 1.0 809.0 1.0 810.0 9.0 718.0 23.0 text 0
764.0 33.0 833.0 19.0 837.0 43.0 768.0 57.0 text 0
888.0 40.0 951.0 30.0 954.0 56.0 892.0 66.0 text 0
673.0 191.0 718.0 186.0 719.0 222.0 673.0 223.0 text 0
691.0 345.0 754.0 348.0 752.0 371.0 690.0 365.0 text 0
886.0 369.0 931.0 373.0 931.0 385.0 886.0 382.0 text 0
991.0 422.0 1101.0 435.0 1101.0 455.0 991.0 439.0 text 0
1210.0 410.0 1271.0 421.0 1270.0 430.0 1209.0 422.0 text 0
1214.0 466.0 1260.0 473.0 1259.0 482.0 1214.0 477.0 text 0
236.0 353.0 274.0 357.0 276.0 391.0 239.0 384.0 text 0
