503.0 224.0 528.0 223.0 528.0 233.0 503.0 233.0 text 0
528.0 288.0 586.0 289.0 585.0 298.0 527.0 297.0 text 0
492.0 175.0 601.0 172.0 601.0 205.0 492.0 207.0 text 0
632.0 91.0 741.0 90.0 738.0 114.0 629.0 115.0 text 0
630.0 114.0 687.0 114.0 684.0 128.0 627.0 129.0 text 0
344.0 193.0 377.0 193.0 377.0 232.0 344.0 232.0 text 0
685.0 113.0 735.0 112.0 735.0 126.0 685.0 127.0 text 0
647.0 246.0 696.0 245.0 697.0 258.0 647.0 258.0 text 0
253.0 144.0 280.0 144.0 280.0 155.0 253.0 155.0 text 0
645.0 180.0 722.0 181.0 724.0 245.0 647.0 245.0 text 0
697.0 243.0 719.0 243.0 720.0 257.0 698.0 257.0 text 0
501.0 235.0 556.0 236.0 554.0 289.0 499.0 288.0 text 0
558.0 232.0 586.0 232.0 586.0 267.0 557.0 268.0 text 0
557.0 271.0 589.0 271.0 586.0 289.0 554.0 289.0 text 0
982.0 55.0 1067.0 40.0 1064.0 60.0 979.0 74.0 text 0
1175.0 142.0 1217.0 103.0 1219.0 276.0 1169.0 260.0 text 0
418.0 380.0 524.0 349.0 536.0 389.0 430.0 420.0 text 0
342.0 149.0 381.0 147.0 380.0 159.0 341.0 162.0 text 0
491.0 319.0 527.0 320.0 527.0 329.0 490.0 328.0 text 0
530.0 322.0 552.0 323.0 552.0 332.0 530.0 331.0 text 0
556.0 324.0 598.0 325.0 597.0 336.0 556.0 334.0 text 0
518.0 331.0 567.0 334.0 567.0 344.0 518.0 341.0 text 0
647.0 308.0 722.0 308.0 722.0 321.0 647.0 320.0 text 0
633.0 319.0 733.0 319.0 735.0 332.0 635.0 332.0 text 0
630.0 331.0 736.0 332.0 737.0 344.0 631.0 343.0 text 0
629.0 343.0 738.0 345.0 740.0 357.0 631.0 356.0 text 0
623.0 355.0 746.0 356.0 746.0 369.0 623.0 367.0 text 0
633.0 366.0 737.0 367.0 736.0 382.0 635.0 380.0 text 0
645.0 379.0 726.0 381.0 727.0 393.0 646.0 391.0 text 0
639.0 391.0 733.0 392.0 733.0 405.0 639.0 403.0 text 0
634.0 402.0 733.0 404.0 735.0 417.0 636.0 415.0 text 0
630.0 413.0 742.0 416.0 742.0 431.0 631.0 427.0 text 0
629.0 425.0 735.0 429.0 738.0 442.0 632.0 438.0 text 0
647.0 438.0 725.0 440.0 725.0 454.0 648.0 452.0 text 0
648.0 450.0 721.0 451.0 721.0 465.0 647.0 463.0 text 0
380.0 63.0 409.0 46.0 409.0 83.0 379.0 97.0 text 0
342.0 162.0 380.0 161.0 379.0 168.0 342.0 169.0 text 0
347.0 232.0 374.0 232.0 374.0 238.0 347.0 239.0 text 0
342.0 263.0 379.0 265.0 377.0 298.0 342.0 296.0 text 0
159.0 138.0 173.0 138.0 173.0 150.0 159.0 150.0 text 0
543.0 509.0 593.0 521.0 593.0 530.0 542.0 519.0 text 0
1067.0 292.0 1122.0 295.0 1121.0 305.0 1067.0 305.0 text 0
962.0 284.0 1008.0 289.0 1009.0 304.0 962.0 300.0 text 0
882.0 292.0 920.0 296.0 918.0 307.0 882.0 305.0 text 0
1011.0 292.0 1061.0 297.0 1057.0 314.0 1009.0 309.0 text 0
982.0 72.0 1060.0 61.0 1060.0 72.0 979.0 85.0 text 0
