110.0 123.0 262.0 122.0 265.0 163.0 112.0 165.0 text 0
474.0 132.0 550.0 132.0 550.0 159.0 474.0 158.0 text 0
410.0 210.0 444.0 207.0 447.0 238.0 414.0 242.0 text 0
357.0 217.0 399.0 214.0 402.0 233.0 359.0 236.0 text 0
363.0 238.0 402.0 233.0 402.0 255.0 363.0 259.0 text 0
363.0 262.0 404.0 256.0 406.0 275.0 365.0 281.0 text 0
851.0 87.0 894.0 81.0 895.0 113.0 852.0 119.0 text 0
845.0 469.0 888.0 473.0 888.0 482.0 845.0 478.0 text 0
196.0 198.0 219.0 198.0 219.0 211.0 196.0 211.0 text 0
242.0 199.0 263.0 198.0 264.0 212.0 243.0 213.0 text 0
