719.0 176.0 767.0 176.0 766.0 195.0 718.0 194.0 text 0
768.0 175.0 805.0 174.0 804.0 193.0 767.0 194.0 text 0
768.0 196.0 826.0 195.0 826.0 214.0 767.0 214.0 text 0
827.0 195.0 869.0 196.0 869.0 214.0 826.0 213.0 text 0
1002.0 200.0 1029.0 205.0 1029.0 222.0 1001.0 217.0 text 0
1027.0 206.0 1042.0 209.0 1042.0 225.0 1027.0 222.0 text 0
910.0 200.0 948.0 200.0 948.0 214.0 910.0 215.0 text 0
668.0 439.0 779.0 468.0 776.0 488.0 665.0 460.0 text 0
576.0 52.0 592.0 51.0 590.0 73.0 574.0 74.0 text 0
569.0 214.0 585.0 214.0 584.0 238.0 568.0 238.0 text 0
