763.0 22.0 776.0 20.0 778.0 34.0 765.0 36.0 text 0
711.0 29.0 764.0 20.0 765.0 37.0 713.0 45.0 text 0
640.0 41.0 667.0 36.0 667.0 51.0 640.0 56.0 text 0
666.0 36.0 698.0 31.0 700.0 46.0 667.0 52.0 text 0
699.0 29.0 713.0 29.0 714.0 44.0 700.0 44.0 text 0
1109.0 80.0 1201.0 67.0 1205.0 89.0 1113.0 103.0 text 0
276.0 104.0 337.0 120.0 338.0 152.0 276.0 140.0 text 0
615.0 59.0 668.0 52.0 669.0 67.0 616.0 74.0 text 0
667.0 53.0 726.0 45.0 728.0 59.0 669.0 67.0 text 0
725.0 45.0 739.0 43.0 740.0 56.0 727.0 58.0 text 0
738.0 43.0 789.0 36.0 791.0 49.0 740.0 57.0 text 0
789.0 35.0 801.0 33.0 802.0 48.0 791.0 49.0 text 0
