762.0 444.0 780.0 447.0 780.0 513.0 761.0 510.0 text 0
766.0 301.0 779.0 302.0 777.0 362.0 764.0 361.0 text 0
739.0 106.0 874.0 94.0 875.0 141.0 741.0 153.0 text 0
730.0 145.0 889.0 142.0 891.0 219.0 731.0 222.0 text 0
694.0 218.0 775.0 220.0 772.0 248.0 691.0 246.0 text 0
753.0 79.0 849.0 67.0 848.0 91.0 752.0 103.0 text 0
778.0 220.0 849.0 222.0 842.0 249.0 770.0 247.0 text 0
613.0 47.0 706.0 0.0 737.0 44.0 614.0 94.0 text 0
849.0 218.0 912.0 221.0 903.0 252.0 840.0 250.0 text 0
683.0 358.0 712.0 356.0 712.0 367.0 683.0 369.0 text 0
642.0 177.0 671.0 176.0 670.0 189.0 640.0 189.0 text 0
696.0 321.0 720.0 321.0 720.0 339.0 695.0 339.0 text 0
711.0 356.0 732.0 356.0 731.0 367.0 712.0 367.0 text 0
688.0 370.0 707.0 369.0 707.0 379.0 688.0 380.0 text 0
705.0 368.0 726.0 367.0 726.0 379.0 705.0 380.0 text 0
764.0 362.0 781.0 365.0 780.0 445.0 763.0 442.0 text 0
967.0 177.0 1027.0 179.0 1025.0 202.0 965.0 201.0 text 0
1022.0 151.0 1247.0 162.0 1249.0 216.0 1024.0 205.0 text 0
1155.0 146.0 1247.0 147.0 1247.0 169.0 1155.0 168.0 text 0
964.0 204.0 1035.0 205.0 1037.0 235.0 965.0 234.0 text 0
1039.0 201.0 1110.0 202.0 1112.0 235.0 1041.0 234.0 text 0
959.0 226.0 1239.0 243.0 1238.0 351.0 957.0 334.0 text 0
936.0 340.0 1004.0 350.0 1005.0 374.0 937.0 365.0 text 0
1049.0 345.0 1125.0 354.0 1126.0 381.0 1050.0 372.0 text 0
1184.0 356.0 1271.0 363.0 1270.0 391.0 1182.0 384.0 text 0
937.0 430.0 996.0 444.0 995.0 466.0 935.0 452.0 text 0
937.0 528.0 995.0 548.0 995.0 569.0 937.0 549.0 text 0
1100.0 531.0 1202.0 578.0 1193.0 608.0 1092.0 562.0 text 0
1111.0 506.0 1212.0 549.0 1206.0 571.0 1105.0 528.0 text 0
1137.0 495.0 1197.0 519.0 1190.0 535.0 1130.0 510.0 text 0
