324.0 274.0 364.0 276.0 363.0 287.0 324.0 285.0 text 0
567.0 75.0 603.0 77.0 603.0 98.0 567.0 96.0 text 0
142.0 206.0 188.0 202.0 187.0 218.0 140.0 222.0 text 0
220.0 202.0 309.0 210.0 307.0 231.0 217.0 223.0 text 0
312.0 211.0 400.0 218.0 400.0 238.0 312.0 231.0 text 0
107.0 209.0 141.0 209.0 139.0 224.0 104.0 225.0 text 0
369.0 277.0 414.0 279.0 413.0 290.0 368.0 288.0 text 0
405.0 219.0 438.0 221.0 437.0 241.0 403.0 238.0 text 0
261.0 65.0 448.0 92.0 443.0 117.0 256.0 90.0 text 0
666.0 332.0 698.0 335.0 696.0 353.0 663.0 350.0 text 0
845.0 349.0 882.0 353.0 883.0 410.0 846.0 406.0 text 0
