392.0 71.0 420.0 71.0 420.0 81.0 391.0 81.0 text 0
325.0 73.0 358.0 72.0 359.0 82.0 326.0 83.0 text 0
395.0 56.0 448.0 55.0 448.0 71.0 395.0 71.0 text 0
493.0 30.0 531.0 31.0 531.0 43.0 493.0 42.0 text 0
495.0 41.0 530.0 43.0 529.0 54.0 495.0 52.0 text 0
299.0 75.0 327.0 74.0 327.0 82.0 299.0 83.0 text 0
348.0 57.0 393.0 57.0 393.0 71.0 348.0 71.0 text 0
362.0 72.0 391.0 72.0 391.0 83.0 361.0 82.0 text 0
297.0 59.0 346.0 58.0 346.0 72.0 297.0 73.0 text 0
421.0 72.0 448.0 71.0 448.0 81.0 421.0 81.0 text 0
300.0 110.0 374.0 110.0 373.0 128.0 300.0 128.0 text 0
786.0 355.0 813.0 355.0 813.0 371.0 786.0 372.0 text 0
1.0 208.0 81.0 235.0 74.0 279.0 1.0 266.0 text 0
584.0 571.0 605.0 564.0 611.0 581.0 590.0 588.0 text 0
623.0 562.0 642.0 561.0 642.0 582.0 623.0 582.0 text 0
574.0 429.0 586.0 436.0 582.0 459.0 570.0 453.0 text 0
582.0 462.0 598.0 466.0 595.0 483.0 579.0 478.0 text 0
