663.0 242.0 679.0 239.0 680.0 268.0 664.0 270.0 text 0
760.0 171.0 925.0 178.0 929.0 230.0 764.0 224.0 text 0
1156.0 186.0 1273.0 189.0 1277.0 236.0 1160.0 233.0 text 0
1056.0 341.0 1173.0 347.0 1172.0 374.0 1055.0 369.0 text 0
1180.0 350.0 1241.0 352.0 1240.0 379.0 1179.0 377.0 text 0
962.0 179.0 1122.0 182.0 1121.0 235.0 961.0 232.0 text 0
650.0 280.0 690.0 278.0 691.0 323.0 651.0 326.0 text 0
396.0 233.0 445.0 235.0 442.0 243.0 393.0 241.0 text 0
671.0 325.0 688.0 325.0 687.0 340.0 670.0 340.0 text 0
499.0 532.0 518.0 530.0 520.0 548.0 499.0 549.0 text 0
527.0 513.0 542.0 510.0 540.0 529.0 525.0 532.0 text 0
