596.0 321.0 634.0 324.0 634.0 343.0 596.0 340.0 text 0
66.0 185.0 309.0 219.0 305.0 283.0 62.0 249.0 text 0
68.0 251.0 266.0 275.0 262.0 298.0 64.0 274.0 text 0
384.0 322.0 458.0 313.0 458.0 345.0 384.0 354.0 text 0
490.0 73.0 550.0 78.0 549.0 399.0 489.0 395.0 text 0
856.0 66.0 920.0 53.0 922.0 70.0 858.0 83.0 text 0
319.0 231.0 366.0 236.0 364.0 291.0 317.0 287.0 text 0
211.0 420.0 257.0 408.0 258.0 423.0 212.0 436.0 text 0
229.0 431.0 256.0 422.0 260.0 436.0 232.0 445.0 text 0
246.0 442.0 257.0 436.0 259.0 450.0 248.0 457.0 text 0
374.0 418.0 470.0 409.0 470.0 429.0 374.0 438.0 text 0
23.0 373.0 49.0 376.0 48.0 395.0 28.0 395.0 text 0
9.0 222.0 66.0 241.0 60.0 286.0 9.0 277.0 text 0
