622.0 182.0 704.0 177.0 705.0 201.0 623.0 206.0 text 0
599.0 213.0 622.0 213.0 622.0 224.0 599.0 225.0 text 0
572.0 169.0 642.0 165.0 643.0 180.0 573.0 184.0 text 0
642.0 164.0 656.0 163.0 658.0 178.0 643.0 179.0 text 0
660.0 163.0 702.0 158.0 704.0 176.0 662.0 180.0 text 0
602.0 228.0 698.0 227.0 706.0 283.0 610.0 283.0 text 0
576.0 184.0 616.0 183.0 619.0 206.0 579.0 207.0 text 0
591.0 250.0 607.0 249.0 610.0 282.0 594.0 283.0 text 0
624.0 211.0 639.0 212.0 639.0 224.0 624.0 223.0 text 0
641.0 210.0 683.0 210.0 683.0 224.0 642.0 224.0 text 0
683.0 210.0 717.0 208.0 717.0 223.0 684.0 225.0 text 0
756.0 250.0 774.0 250.0 774.0 257.0 756.0 256.0 text 0
751.0 257.0 781.0 259.0 782.0 267.0 752.0 265.0 text 0
1238.0 33.0 1276.0 29.0 1279.0 50.0 1241.0 54.0 text 0
1229.0 41.0 1239.0 40.0 1242.0 52.0 1231.0 53.0 text 0
