0.0 154.0 116.0 179.0 113.0 214.0 0.0 196.0 text 0
118.0 183.0 189.0 198.0 186.0 227.0 114.0 212.0 text 0
449.0 208.0 491.0 214.0 489.0 241.0 447.0 235.0 text 0
490.0 251.0 552.0 258.0 552.0 278.0 490.0 271.0 text 0
1042.0 244.0 1240.0 219.0 1257.0 409.0 1047.0 373.0 text 0
1044.0 115.0 1107.0 90.0 1111.0 141.0 1049.0 166.0 text 0
1031.0 163.0 1106.0 140.0 1110.0 192.0 1036.0 215.0 text 0
1025.0 194.0 1161.0 170.0 1175.0 234.0 1039.0 259.0 text 0
1069.0 488.0 1260.0 581.0 1256.0 637.0 1074.0 537.0 text 0
1100.0 554.0 1227.0 628.0 1220.0 670.0 1094.0 596.0 text 0
928.0 237.0 1005.0 223.0 1007.0 250.0 929.0 264.0 text 0
316.0 280.0 379.0 278.0 379.0 294.0 316.0 296.0 text 0
391.0 330.0 442.0 328.0 443.0 341.0 392.0 344.0 text 0
