24.0 436.0 53.0 435.0 54.0 455.0 24.0 456.0 text 0
282.0 131.0 416.0 142.0 422.0 187.0 297.0 184.0 text 0
432.0 159.0 475.0 161.0 479.0 188.0 433.0 186.0 text 0
497.0 191.0 547.0 176.0 550.0 190.0 501.0 205.0 text 0
506.0 251.0 607.0 241.0 608.0 263.0 507.0 273.0 text 0
818.0 187.0 892.0 170.0 897.0 187.0 824.0 205.0 text 0
896.0 168.0 916.0 163.0 925.0 179.0 905.0 184.0 text 0
919.0 162.0 1036.0 130.0 1039.0 147.0 923.0 179.0 text 0
930.0 99.0 951.0 92.0 961.0 117.0 940.0 124.0 text 0
921.0 99.0 934.0 95.0 942.0 112.0 929.0 117.0 text 0
