324.0 59.0 447.0 73.0 445.0 100.0 322.0 85.0 text 0
6.0 200.0 86.0 202.0 83.0 284.0 3.0 282.0 text 0
3.0 102.0 59.0 105.0 56.0 139.0 0.0 136.0 text 0
10.0 149.0 108.0 151.0 106.0 196.0 8.0 194.0 text 0
698.0 114.0 746.0 120.0 745.0 142.0 698.0 137.0 text 0
1136.0 145.0 1198.0 145.0 1198.0 172.0 1136.0 172.0 text 0
696.0 138.0 746.0 144.0 747.0 160.0 697.0 154.0 text 0
829.0 152.0 858.0 152.0 858.0 172.0 829.0 172.0 text 0
939.0 136.0 966.0 140.0 963.0 164.0 937.0 161.0 text 0
869.0 181.0 902.0 180.0 902.0 198.0 868.0 199.0 text 0
