737.0 343.0 826.0 339.0 828.0 359.0 740.0 363.0 text 0
710.0 302.0 762.0 275.0 772.0 297.0 719.0 324.0 text 0
764.0 275.0 841.0 235.0 847.0 255.0 771.0 295.0 text 0
714.0 167.0 798.0 161.0 803.0 218.0 719.0 223.0 text 0
801.0 160.0 837.0 157.0 841.0 187.0 804.0 189.0 text 0
803.0 192.0 840.0 189.0 840.0 212.0 803.0 215.0 text 0
709.0 148.0 736.0 147.0 739.0 164.0 712.0 165.0 text 0
734.0 145.0 760.0 142.0 760.0 161.0 734.0 164.0 text 0
541.0 121.0 601.0 128.0 605.0 196.0 546.0 189.0 text 0
558.0 240.0 610.0 257.0 609.0 278.0 557.0 261.0 text 0
