765.0 346.0 813.0 353.0 810.0 380.0 762.0 373.0 text 0
720.0 331.0 742.0 336.0 737.0 360.0 714.0 356.0 text 0
415.0 188.0 463.0 190.0 462.0 213.0 414.0 212.0 text 0
411.0 272.0 455.0 276.0 455.0 299.0 411.0 296.0 text 0
524.0 137.0 583.0 142.0 581.0 158.0 522.0 153.0 text 0
361.0 269.0 408.0 271.0 406.0 295.0 359.0 292.0 text 0
794.0 128.0 870.0 138.0 869.0 166.0 793.0 156.0 text 0
369.0 187.0 413.0 187.0 411.0 211.0 366.0 210.0 text 0
876.0 139.0 924.0 144.0 922.0 171.0 875.0 166.0 text 0
1014.0 40.0 1057.0 34.0 1057.0 58.0 1014.0 64.0 text 0
1060.0 33.0 1104.0 27.0 1105.0 51.0 1061.0 57.0 text 0
1091.0 106.0 1121.0 110.0 1119.0 135.0 1089.0 132.0 text 0
666.0 152.0 716.0 157.0 716.0 172.0 666.0 167.0 text 0
543.0 283.0 551.0 283.0 551.0 300.0 543.0 299.0 text 0
522.0 279.0 531.0 279.0 531.0 293.0 521.0 292.0 text 0
570.0 290.0 581.0 291.0 581.0 307.0 570.0 307.0 text 0
742.0 338.0 755.0 341.0 752.0 353.0 740.0 350.0 text 0
811.0 355.0 829.0 357.0 828.0 371.0 810.0 369.0 text 0
871.0 369.0 909.0 376.0 904.0 406.0 866.0 398.0 text 0
961.0 398.0 1007.0 407.0 1006.0 441.0 960.0 432.0 text 0
1010.0 409.0 1030.0 413.0 1028.0 431.0 1008.0 427.0 text 0
908.0 377.0 929.0 381.0 927.0 400.0 906.0 396.0 text 0
1027.0 297.0 1040.0 298.0 1038.0 312.0 1025.0 311.0 text 0
992.0 295.0 1003.0 295.0 1001.0 309.0 991.0 307.0 text 0
955.0 288.0 966.0 290.0 964.0 303.0 953.0 302.0 text 0
927.0 285.0 939.0 287.0 937.0 301.0 925.0 299.0 text 0
839.0 291.0 857.0 293.0 855.0 308.0 837.0 307.0 text 0
862.0 332.0 936.0 343.0 935.0 358.0 861.0 346.0 text 0
765.0 317.0 827.0 322.0 826.0 334.0 764.0 329.0 text 0
949.0 358.0 1039.0 369.0 1038.0 384.0 949.0 373.0 text 0
