565.0 181.0 601.0 180.0 601.0 212.0 565.0 213.0 text 0
839.0 180.0 862.0 181.0 866.0 202.0 842.0 201.0 text 0
674.0 178.0 715.0 179.0 716.0 214.0 674.0 213.0 text 0
794.0 180.0 841.0 177.0 842.0 212.0 795.0 214.0 text 0
985.0 190.0 1037.0 190.0 1034.0 233.0 981.0 233.0 text 0
603.0 185.0 621.0 184.0 621.0 202.0 603.0 203.0 text 0
1037.0 195.0 1067.0 194.0 1067.0 218.0 1037.0 218.0 text 0
714.0 182.0 737.0 182.0 737.0 202.0 714.0 202.0 text 0
551.0 146.0 586.0 146.0 586.0 158.0 551.0 157.0 text 0
781.0 140.0 818.0 139.0 820.0 153.0 782.0 153.0 text 0
586.0 143.0 621.0 142.0 621.0 157.0 586.0 158.0 text 0
819.0 137.0 867.0 137.0 867.0 152.0 820.0 152.0 text 0
937.0 106.0 953.0 106.0 954.0 131.0 938.0 131.0 text 0
