356.0 23.0 409.0 21.0 409.0 61.0 357.0 63.0 text 0
711.0 114.0 746.0 112.0 746.0 133.0 712.0 135.0 text 0
357.0 63.0 395.0 62.0 396.0 76.0 358.0 78.0 text 0
395.0 61.0 434.0 60.0 434.0 75.0 396.0 76.0 text 0
646.0 117.0 688.0 114.0 689.0 137.0 647.0 140.0 text 0
407.0 21.0 434.0 20.0 437.0 44.0 410.0 45.0 text 0
690.0 115.0 706.0 114.0 707.0 135.0 691.0 135.0 text 0
788.0 96.0 832.0 95.0 831.0 116.0 788.0 117.0 text 0
832.0 94.0 850.0 93.0 851.0 115.0 833.0 116.0 text 0
801.0 123.0 838.0 122.0 838.0 140.0 802.0 142.0 text 0
888.0 104.0 932.0 102.0 933.0 122.0 889.0 123.0 text 0
933.0 101.0 950.0 101.0 950.0 121.0 934.0 121.0 text 0
261.0 28.0 340.0 25.0 341.0 62.0 262.0 66.0 text 0
