412.0 190.0 472.0 187.0 474.0 206.0 414.0 209.0 text 0
416.0 96.0 456.0 120.0 457.0 170.0 414.0 155.0 text 0
952.0 226.0 1006.0 227.0 1005.0 240.0 952.0 239.0 text 0
954.0 241.0 1001.0 242.0 1002.0 255.0 955.0 253.0 text 0
1040.0 126.0 1221.0 115.0 1222.0 130.0 1041.0 140.0 text 0
856.0 39.0 906.0 4.0 910.0 41.0 861.0 76.0 text 0
229.0 140.0 393.0 139.0 394.0 151.0 230.0 152.0 text 0
228.0 92.0 383.0 90.0 383.0 139.0 228.0 141.0 text 0
950.0 250.0 990.0 255.0 989.0 263.0 949.0 258.0 text 0
982.0 338.0 1048.0 349.0 1043.0 374.0 977.0 363.0 text 0
944.0 392.0 998.0 403.0 993.0 423.0 939.0 413.0 text 0
994.0 403.0 1034.0 412.0 1030.0 433.0 990.0 424.0 text 0
955.0 449.0 993.0 460.0 990.0 490.0 952.0 478.0 text 0
990.0 461.0 1042.0 475.0 1042.0 505.0 990.0 491.0 text 0
293.0 224.0 352.0 225.0 351.0 280.0 292.0 279.0 text 0
