910.0 157.0 939.0 159.0 941.0 177.0 912.0 176.0 text 0
1123.0 113.0 1240.0 86.0 1247.0 132.0 1130.0 159.0 text 0
430.0 275.0 456.0 279.0 455.0 297.0 429.0 293.0 text 0
940.0 76.0 1010.0 55.0 1015.0 95.0 945.0 116.0 text 0
944.0 119.0 1013.0 102.0 1015.0 145.0 946.0 162.0 text 0
373.0 266.0 401.0 270.0 402.0 289.0 374.0 285.0 text 0
399.0 269.0 429.0 273.0 430.0 295.0 401.0 290.0 text 0
942.0 176.0 980.0 170.0 980.0 193.0 942.0 199.0 text 0
989.0 167.0 1028.0 162.0 1031.0 182.0 992.0 187.0 text 0
1138.0 169.0 1242.0 151.0 1245.0 182.0 1142.0 200.0 text 0
1152.0 362.0 1260.0 364.0 1261.0 381.0 1153.0 379.0 text 0
940.0 617.0 1032.0 643.0 1035.0 665.0 943.0 639.0 text 0
1034.0 642.0 1095.0 662.0 1095.0 684.0 1033.0 664.0 text 0
1179.0 636.0 1275.0 659.0 1279.0 709.0 1183.0 686.0 text 0
365.0 621.0 428.0 579.0 432.0 610.0 370.0 652.0 text 0
376.0 221.0 447.0 219.0 447.0 247.0 376.0 250.0 text 0
999.0 579.0 1055.0 590.0 1055.0 606.0 999.0 595.0 text 0
999.0 594.0 1058.0 606.0 1058.0 620.0 999.0 609.0 text 0
1108.0 11.0 1154.0 2.0 1162.0 46.0 1116.0 55.0 text 0
317.0 349.0 341.0 349.0 340.0 357.0 317.0 357.0 text 0
322.0 339.0 334.0 339.0 335.0 346.0 323.0 347.0 text 0
320.0 358.0 336.0 358.0 336.0 367.0 319.0 368.0 text 0
310.0 591.0 333.0 582.0 333.0 591.0 314.0 600.0 text 0
309.0 579.0 334.0 572.0 336.0 581.0 316.0 587.0 text 0
312.0 600.0 328.0 593.0 328.0 600.0 317.0 606.0 text 0
