1003.0 130.0 1084.0 56.0 1094.0 106.0 1010.0 172.0 text 0
1181.0 587.0 1245.0 584.0 1271.0 686.0 1207.0 690.0 text 0
1155.0 450.0 1274.0 445.0 1279.0 490.0 1160.0 495.0 text 0
1179.0 333.0 1232.0 333.0 1239.0 371.0 1186.0 372.0 text 0
1155.0 228.0 1208.0 226.0 1219.0 283.0 1166.0 286.0 text 0
1144.0 402.0 1270.0 395.0 1278.0 444.0 1152.0 451.0 text 0
1082.0 53.0 1136.0 0.0 1165.0 40.0 1095.0 102.0 text 0
668.0 355.0 719.0 345.0 721.0 365.0 670.0 375.0 text 0
669.0 373.0 721.0 365.0 722.0 374.0 670.0 382.0 text 0
1165.0 495.0 1195.0 494.0 1196.0 513.0 1166.0 513.0 text 0
1195.0 493.0 1250.0 493.0 1252.0 511.0 1197.0 512.0 text 0
1186.0 367.0 1226.0 364.0 1235.0 397.0 1190.0 404.0 text 0
