969.0 62.0 994.0 67.0 1015.0 352.0 992.0 360.0 text 0
511.0 683.0 800.0 666.0 804.0 689.0 515.0 706.0 text 0
873.0 334.0 941.0 333.0 941.0 344.0 874.0 346.0 text 0
864.0 350.0 904.0 349.0 904.0 361.0 863.0 362.0 text 0
970.0 267.0 984.0 267.0 988.0 336.0 974.0 337.0 text 0
974.0 340.0 989.0 340.0 989.0 350.0 975.0 350.0 text 0
828.0 337.0 871.0 335.0 870.0 345.0 826.0 347.0 text 0
1127.0 269.0 1142.0 268.0 1150.0 361.0 1135.0 361.0 text 0
596.0 700.0 736.0 694.0 742.0 714.0 602.0 719.0 text 0
1026.0 259.0 1048.0 257.0 1049.0 272.0 1027.0 274.0 text 0
1021.0 274.0 1045.0 272.0 1045.0 282.0 1021.0 284.0 text 0
424.0 266.0 486.0 267.0 486.0 274.0 424.0 273.0 text 0
470.0 322.0 530.0 322.0 531.0 329.0 471.0 329.0 text 0
626.0 261.0 681.0 261.0 681.0 267.0 626.0 267.0 text 0
684.0 340.0 740.0 340.0 739.0 348.0 684.0 347.0 text 0
1013.0 253.0 1032.0 251.0 1033.0 260.0 1014.0 262.0 text 0
1014.0 263.0 1026.0 261.0 1026.0 273.0 1015.0 274.0 text 0
