811.0 303.0 839.0 301.0 838.0 312.0 811.0 314.0 text 0
555.0 148.0 595.0 142.0 596.0 151.0 556.0 156.0 text 0
716.0 8.0 737.0 3.0 739.0 17.0 718.0 23.0 text 0
663.0 37.0 705.0 35.0 709.0 51.0 667.0 54.0 text 0
704.0 33.0 737.0 29.0 739.0 45.0 706.0 50.0 text 0
663.0 11.0 715.0 3.0 715.0 23.0 663.0 31.0 text 0
483.0 177.0 501.0 175.0 505.0 191.0 487.0 193.0 text 0
493.0 126.0 523.0 122.0 528.0 145.0 498.0 150.0 text 0
565.0 161.0 592.0 157.0 592.0 164.0 565.0 168.0 text 0
177.0 236.0 256.0 226.0 259.0 241.0 180.0 252.0 text 0
476.0 197.0 488.0 197.0 490.0 210.0 478.0 211.0 text 0
432.0 221.0 444.0 220.0 444.0 230.0 433.0 231.0 text 0
840.0 297.0 860.0 295.0 861.0 308.0 842.0 310.0 text 0
730.0 64.0 824.0 52.0 828.0 81.0 734.0 93.0 text 0
734.0 95.0 829.0 84.0 833.0 113.0 738.0 125.0 text 0
662.0 92.0 707.0 55.0 712.0 70.0 664.0 110.0 text 0
831.0 334.0 855.0 332.0 857.0 340.0 833.0 342.0 text 0
778.0 320.0 803.0 319.0 805.0 330.0 781.0 332.0 text 0
526.0 183.0 541.0 183.0 543.0 185.0 527.0 186.0 text 0
527.0 189.0 543.0 188.0 544.0 193.0 528.0 195.0 text 0
525.0 198.0 547.0 195.0 548.0 201.0 525.0 204.0 text 0
511.0 207.0 539.0 204.0 539.0 209.0 512.0 212.0 text 0
514.0 213.0 526.0 213.0 527.0 217.0 515.0 217.0 text 0
824.0 348.0 864.0 342.0 865.0 347.0 825.0 353.0 text 0
818.0 357.0 873.0 348.0 873.0 353.0 819.0 362.0 text 0
783.0 348.0 810.0 344.0 811.0 349.0 784.0 354.0 text 0
1114.0 438.0 1170.0 471.0 1170.0 502.0 1114.0 470.0 text 0
