347.0 420.0 447.0 397.0 448.0 411.0 349.0 435.0 text 0
924.0 233.0 1005.0 227.0 1006.0 239.0 925.0 244.0 text 0
367.0 207.0 440.0 206.0 440.0 226.0 367.0 226.0 text 0
911.0 188.0 943.0 185.0 941.0 199.0 910.0 202.0 text 0
944.0 184.0 1008.0 178.0 1009.0 193.0 944.0 199.0 text 0
326.0 208.0 368.0 207.0 367.0 226.0 326.0 226.0 text 0
563.0 118.0 588.0 121.0 587.0 140.0 562.0 137.0 text 0
348.0 435.0 380.0 428.0 381.0 438.0 349.0 445.0 text 0
383.0 427.0 409.0 422.0 410.0 430.0 385.0 435.0 text 0
412.0 420.0 448.0 412.0 449.0 421.0 413.0 429.0 text 0
112.0 230.0 139.0 225.0 141.0 243.0 113.0 248.0 text 0
139.0 224.0 163.0 220.0 164.0 238.0 140.0 242.0 text 0
