561.0 172.0 589.0 172.0 590.0 200.0 561.0 200.0 text 0
380.0 93.0 459.0 97.0 458.0 120.0 379.0 117.0 text 0
163.0 150.0 194.0 148.0 194.0 173.0 162.0 174.0 text 0
192.0 138.0 256.0 146.0 258.0 194.0 194.0 186.0 text 0
164.0 181.0 214.0 179.0 215.0 198.0 166.0 201.0 text 0
459.0 99.0 503.0 100.0 503.0 120.0 459.0 119.0 text 0
165.0 196.0 257.0 191.0 259.0 224.0 167.0 230.0 text 0
379.0 256.0 392.0 257.0 391.0 275.0 378.0 274.0 text 0
729.0 109.0 782.0 111.0 780.0 136.0 728.0 134.0 text 0
635.0 159.0 661.0 158.0 662.0 172.0 635.0 173.0 text 0
133.0 658.0 204.0 636.0 206.0 657.0 135.0 679.0 text 0
463.0 609.0 572.0 570.0 574.0 586.0 464.0 624.0 text 0
784.0 124.0 825.0 124.0 824.0 135.0 783.0 135.0 text 0
1004.0 130.0 1027.0 131.0 1025.0 146.0 1002.0 145.0 text 0
