302.0 437.0 385.0 468.0 378.0 490.0 295.0 458.0 text 0
273.0 473.0 423.0 525.0 426.0 548.0 276.0 496.0 text 0
356.0 581.0 518.0 660.0 512.0 698.0 350.0 620.0 text 0
918.0 380.0 1000.0 392.0 997.0 427.0 916.0 415.0 text 0
1024.0 395.0 1115.0 407.0 1113.0 444.0 1022.0 432.0 text 0
325.0 572.0 355.0 586.0 351.0 620.0 321.0 605.0 text 0
1196.0 247.0 1279.0 253.0 1278.0 311.0 1195.0 305.0 text 0
247.0 535.0 324.0 574.0 316.0 603.0 240.0 564.0 text 0
394.0 461.0 437.0 478.0 431.0 511.0 387.0 493.0 text 0
1202.0 554.0 1278.0 572.0 1278.0 626.0 1202.0 608.0 text 0
314.0 529.0 372.0 553.0 367.0 571.0 309.0 547.0 text 0
300.0 505.0 350.0 527.0 351.0 540.0 301.0 517.0 text 0
960.0 238.0 1086.0 243.0 1087.0 256.0 961.0 251.0 text 0
893.0 586.0 1123.0 649.0 1113.0 698.0 883.0 635.0 text 0
930.0 541.0 1092.0 582.0 1090.0 611.0 928.0 569.0 text 0
285.0 317.0 515.0 394.0 494.0 491.0 265.0 414.0 text 0
1216.0 670.0 1274.0 691.0 1278.0 711.0 1220.0 690.0 text 0
373.0 558.0 383.0 563.0 381.0 575.0 371.0 569.0 text 0
387.0 564.0 409.0 574.0 407.0 586.0 385.0 576.0 text 0
413.0 568.0 450.0 586.0 448.0 604.0 410.0 586.0 text 0
354.0 525.0 388.0 541.0 387.0 558.0 353.0 541.0 text 0
