1101.0 72.0 1191.0 67.0 1190.0 81.0 1100.0 86.0 text 0
826.0 347.0 945.0 374.0 939.0 392.0 820.0 365.0 text 0
1088.0 302.0 1197.0 321.0 1191.0 350.0 1082.0 331.0 text 0
1077.0 452.0 1171.0 478.0 1166.0 507.0 1072.0 481.0 text 0
1061.0 477.0 1180.0 520.0 1173.0 551.0 1055.0 508.0 text 0
1081.0 267.0 1208.0 284.0 1205.0 312.0 1078.0 295.0 text 0
1061.0 517.0 1172.0 555.0 1167.0 584.0 1056.0 546.0 text 0
1098.0 235.0 1199.0 241.0 1197.0 270.0 1096.0 264.0 text 0
1130.0 112.0 1182.0 108.0 1178.0 131.0 1126.0 134.0 text 0
1119.0 91.0 1170.0 88.0 1168.0 101.0 1117.0 104.0 text 0
1254.0 17.0 1279.0 13.0 1279.0 21.0 1254.0 26.0 text 0
861.0 201.0 930.0 209.0 921.0 247.0 852.0 239.0 text 0
863.0 177.0 931.0 184.0 931.0 201.0 863.0 193.0 text 0
831.0 369.0 866.0 375.0 859.0 391.0 825.0 385.0 text 0
337.0 249.0 382.0 252.0 380.0 301.0 335.0 297.0 text 0
350.0 188.0 394.0 192.0 391.0 238.0 347.0 234.0 text 0
191.0 20.0 231.0 26.0 230.0 41.0 190.0 35.0 text 0
626.0 175.0 695.0 194.0 680.0 318.0 611.0 299.0 text 0
