171.0 411.0 189.0 411.0 190.0 426.0 173.0 427.0 text 0
1092.0 294.0 1166.0 296.0 1165.0 313.0 1091.0 310.0 text 0
89.0 312.0 116.0 313.0 116.0 347.0 89.0 346.0 text 0
180.0 315.0 219.0 316.0 220.0 347.0 180.0 346.0 text 0
5.0 421.0 43.0 419.0 43.0 437.0 5.0 439.0 text 0
0.0 280.0 55.0 278.0 54.0 308.0 0.0 311.0 text 0
193.0 410.0 212.0 409.0 212.0 425.0 193.0 426.0 text 0
214.0 408.0 272.0 405.0 272.0 419.0 214.0 423.0 text 0
50.0 444.0 98.0 439.0 97.0 456.0 49.0 460.0 text 0
100.0 437.0 120.0 436.0 119.0 454.0 100.0 455.0 text 0
123.0 438.0 145.0 437.0 142.0 452.0 120.0 453.0 text 0
