545.0 308.0 593.0 288.0 596.0 310.0 547.0 330.0 text 0
209.0 37.0 277.0 26.0 287.0 66.0 218.0 80.0 text 0
32.0 120.0 155.0 104.0 163.0 170.0 41.0 185.0 text 0
257.0 157.0 280.0 150.0 286.0 179.0 262.0 186.0 text 0
721.0 73.0 743.0 69.0 745.0 89.0 722.0 93.0 text 0
169.0 174.0 186.0 170.0 190.0 188.0 173.0 191.0 text 0
631.0 86.0 663.0 80.0 670.0 114.0 637.0 120.0 text 0
850.0 1.0 994.0 0.0 995.0 29.0 855.0 41.0 text 0
1227.0 62.0 1266.0 65.0 1267.0 90.0 1224.0 88.0 text 0
797.0 146.0 817.0 142.0 819.0 163.0 800.0 175.0 text 0
329.0 682.0 381.0 496.0 412.0 532.0 363.0 709.0 text 0
425.0 552.0 470.0 687.0 447.0 694.0 414.0 569.0 text 0
