111.0 274.0 167.0 265.0 167.0 286.0 111.0 295.0 text 0
62.0 135.0 116.0 123.0 118.0 157.0 64.0 170.0 text 0
1138.0 345.0 1171.0 345.0 1175.0 360.0 1142.0 360.0 text 0
530.0 286.0 565.0 285.0 566.0 303.0 531.0 304.0 text 0
966.0 284.0 1013.0 284.0 1011.0 299.0 963.0 299.0 text 0
1073.0 223.0 1126.0 220.0 1126.0 235.0 1073.0 238.0 text 0
1075.0 179.0 1116.0 174.0 1116.0 189.0 1075.0 193.0 text 0
956.0 255.0 1020.0 251.0 1018.0 276.0 955.0 280.0 text 0
64.0 171.0 117.0 160.0 121.0 185.0 67.0 196.0 text 0
841.0 249.0 883.0 249.0 883.0 257.0 841.0 257.0 text 0
990.0 441.0 1022.0 448.0 1019.0 472.0 987.0 465.0 text 0
582.0 239.0 613.0 237.0 614.0 275.0 583.0 277.0 text 0
83.0 256.0 149.0 256.0 150.0 269.0 84.0 269.0 text 0
834.0 230.0 883.0 230.0 885.0 246.0 836.0 246.0 text 0
850.0 261.0 874.0 258.0 874.0 271.0 850.0 274.0 text 0
967.0 242.0 1004.0 243.0 1004.0 253.0 967.0 252.0 text 0
