184.0 88.0 286.0 86.0 288.0 110.0 186.0 112.0 text 0
562.0 106.0 626.0 96.0 631.0 123.0 567.0 133.0 text 0
756.0 186.0 772.0 183.0 775.0 200.0 758.0 204.0 text 0
768.0 180.0 808.0 174.0 811.0 193.0 771.0 199.0 text 0
760.0 201.0 852.0 185.0 853.0 204.0 761.0 220.0 text 0
752.0 163.0 843.0 146.0 843.0 168.0 752.0 184.0 text 0
761.0 97.0 788.0 90.0 788.0 98.0 761.0 106.0 text 0
761.0 105.0 805.0 95.0 805.0 106.0 761.0 116.0 text 0
765.0 218.0 889.0 204.0 896.0 221.0 772.0 236.0 text 0
771.0 256.0 828.0 251.0 834.0 277.0 777.0 282.0 text 0
965.0 69.0 1043.0 51.0 1043.0 57.0 965.0 75.0 text 0
