351.0 298.0 380.0 291.0 382.0 315.0 353.0 321.0 text 0
398.0 139.0 511.0 139.0 515.0 181.0 402.0 181.0 text 0
343.0 263.0 373.0 259.0 378.0 286.0 348.0 290.0 text 0
372.0 259.0 405.0 253.0 410.0 280.0 377.0 286.0 text 0
332.0 298.0 348.0 295.0 353.0 323.0 337.0 325.0 text 0
327.0 268.0 340.0 265.0 346.0 291.0 333.0 294.0 text 0
377.0 291.0 408.0 284.0 413.0 306.0 382.0 314.0 text 0
837.0 60.0 925.0 36.0 930.0 56.0 842.0 80.0 text 0
862.0 70.0 941.0 51.0 946.0 74.0 867.0 93.0 text 0
492.0 649.0 542.0 620.0 553.0 640.0 503.0 669.0 text 0
986.0 116.0 1091.0 96.0 1095.0 110.0 990.0 130.0 text 0
