460.0 44.0 517.0 54.0 513.0 84.0 456.0 74.0 text 0
510.0 49.0 615.0 70.0 611.0 101.0 506.0 80.0 text 0
456.0 84.0 507.0 79.0 508.0 106.0 457.0 111.0 text 0
511.0 78.0 618.0 99.0 608.0 140.0 501.0 119.0 text 0
773.0 104.0 876.0 95.0 881.0 116.0 778.0 125.0 text 0
455.0 131.0 490.0 129.0 491.0 145.0 456.0 148.0 text 0
486.0 130.0 512.0 130.0 513.0 143.0 487.0 143.0 text 0
513.0 128.0 541.0 126.0 541.0 139.0 513.0 140.0 text 0
332.0 416.0 415.0 405.0 415.0 438.0 332.0 449.0 text 0
1032.0 100.0 1072.0 94.0 1072.0 112.0 1032.0 117.0 text 0
