239.0 0.0 270.0 0.0 265.0 34.0 201.0 5.0 text 0
494.0 105.0 590.0 160.0 590.0 198.0 494.0 143.0 text 0
483.0 140.0 594.0 197.0 592.0 215.0 481.0 159.0 text 0
1136.0 36.0 1197.0 0.0 1220.0 49.0 1145.0 96.0 text 0
1070.0 84.0 1130.0 41.0 1140.0 97.0 1080.0 140.0 text 0
1026.0 120.0 1074.0 91.0 1078.0 141.0 1030.0 170.0 text 0
985.0 157.0 1030.0 125.0 1033.0 162.0 989.0 194.0 text 0
960.0 171.0 988.0 156.0 991.0 190.0 964.0 206.0 text 0
597.0 300.0 659.0 301.0 658.0 320.0 596.0 319.0 text 0
777.0 303.0 830.0 303.0 830.0 322.0 777.0 322.0 text 0
1006.0 180.0 1094.0 131.0 1098.0 150.0 1009.0 199.0 text 0
588.0 335.0 619.0 331.0 625.0 359.0 591.0 359.0 text 0
271.0 384.0 337.0 380.0 342.0 393.0 272.0 407.0 text 0
