320.0 63.0 372.0 53.0 375.0 69.0 323.0 78.0 text 0
843.0 197.0 894.0 190.0 903.0 233.0 853.0 240.0 text 0
503.0 133.0 565.0 123.0 567.0 143.0 506.0 153.0 text 0
767.0 91.0 844.0 77.0 849.0 91.0 772.0 105.0 text 0
842.0 77.0 885.0 70.0 887.0 84.0 844.0 91.0 text 0
1082.0 181.0 1117.0 178.0 1122.0 203.0 1087.0 206.0 text 0
417.0 41.0 454.0 33.0 456.0 51.0 419.0 59.0 text 0
705.0 95.0 771.0 85.0 778.0 106.0 712.0 116.0 text 0
504.0 22.0 548.0 15.0 549.0 29.0 505.0 36.0 text 0
379.0 51.0 422.0 41.0 422.0 58.0 379.0 67.0 text 0
369.0 51.0 380.0 47.0 382.0 65.0 372.0 69.0 text 0
542.0 13.0 582.0 5.0 586.0 21.0 545.0 28.0 text 0
928.0 199.0 974.0 192.0 979.0 203.0 932.0 210.0 text 0
1040.0 202.0 1087.0 198.0 1088.0 204.0 1041.0 208.0 text 0
1121.0 194.0 1147.0 191.0 1147.0 196.0 1122.0 199.0 text 0
1035.0 189.0 1083.0 185.0 1086.0 196.0 1039.0 199.0 text 0
1118.0 181.0 1147.0 178.0 1149.0 189.0 1119.0 192.0 text 0
311.0 171.0 415.0 152.0 418.0 169.0 315.0 188.0 text 0
417.0 150.0 467.0 144.0 471.0 164.0 421.0 170.0 text 0
740.0 264.0 781.0 258.0 782.0 262.0 742.0 267.0 text 0
928.0 213.0 996.0 204.0 999.0 216.0 931.0 226.0 text 0
467.0 34.0 504.0 26.0 504.0 34.0 467.0 43.0 text 0
