633.0 191.0 672.0 176.0 673.0 195.0 635.0 210.0 text 0
671.0 173.0 722.0 158.0 726.0 176.0 675.0 191.0 text 0
721.0 154.0 783.0 131.0 786.0 153.0 723.0 175.0 text 0
781.0 125.0 850.0 105.0 853.0 130.0 785.0 150.0 text 0
613.0 200.0 635.0 193.0 637.0 210.0 616.0 218.0 text 0
577.0 217.0 617.0 203.0 618.0 218.0 578.0 232.0 text 0
1073.0 38.0 1135.0 15.0 1143.0 45.0 1082.0 68.0 text 0
1138.0 14.0 1183.0 0.0 1193.0 29.0 1148.0 43.0 text 0
577.0 179.0 662.0 143.0 666.0 173.0 581.0 209.0 text 0
664.0 131.0 841.0 50.0 848.0 91.0 672.0 172.0 text 0
