386.0 540.0 450.0 548.0 448.0 589.0 385.0 581.0 text 0
318.0 529.0 386.0 539.0 382.0 578.0 315.0 568.0 text 0
171.0 505.0 221.0 515.0 220.0 551.0 170.0 541.0 text 0
231.0 514.0 293.0 526.0 288.0 564.0 226.0 551.0 text 0
293.0 524.0 315.0 526.0 311.0 566.0 290.0 564.0 text 0
123.0 496.0 173.0 505.0 170.0 543.0 120.0 534.0 text 0
73.0 489.0 118.0 496.0 117.0 536.0 72.0 529.0 text 0
180.0 586.0 216.0 596.0 213.0 620.0 177.0 610.0 text 0
216.0 593.0 307.0 613.0 305.0 639.0 213.0 619.0 text 0
901.0 294.0 972.0 296.0 971.0 313.0 900.0 311.0 text 0
905.0 310.0 963.0 311.0 963.0 326.0 905.0 325.0 text 0
528.0 576.0 558.0 556.0 557.0 594.0 527.0 614.0 text 0
