764.0 321.0 803.0 317.0 804.0 333.0 763.0 338.0 text 0
1113.0 374.0 1178.0 371.0 1178.0 391.0 1110.0 398.0 text 0
1079.0 345.0 1146.0 338.0 1148.0 369.0 1085.0 374.0 text 0
993.0 378.0 1033.0 379.0 1035.0 398.0 998.0 398.0 text 0
1035.0 377.0 1074.0 375.0 1073.0 396.0 1032.0 401.0 text 0
1020.0 349.0 1081.0 344.0 1083.0 372.0 1024.0 376.0 text 0
1075.0 376.0 1110.0 375.0 1109.0 391.0 1072.0 396.0 text 0
1045.0 410.0 1072.0 411.0 1070.0 435.0 1043.0 431.0 text 0
1070.0 417.0 1092.0 418.0 1093.0 437.0 1069.0 436.0 text 0
1095.0 408.0 1168.0 412.0 1168.0 439.0 1093.0 440.0 text 0
1005.0 444.0 1060.0 445.0 1062.0 462.0 1007.0 463.0 text 0
1060.0 447.0 1205.0 449.0 1203.0 468.0 1059.0 467.0 text 0
1056.0 464.0 1149.0 468.0 1149.0 482.0 1055.0 482.0 text 0
