622.0 451.0 722.0 441.0 722.0 470.0 622.0 480.0 text 0
558.0 564.0 728.0 541.0 737.0 571.0 567.0 594.0 text 0
690.0 168.0 721.0 166.0 723.0 216.0 692.0 218.0 text 0
491.0 236.0 610.0 228.0 612.0 260.0 493.0 269.0 text 0
548.0 458.0 617.0 450.0 621.0 484.0 552.0 491.0 text 0
223.0 260.0 250.0 260.0 248.0 272.0 222.0 273.0 text 0
16.0 239.0 105.0 240.0 107.0 274.0 18.0 273.0 text 0
915.0 202.0 965.0 194.0 967.0 217.0 917.0 225.0 text 0
964.0 191.0 1033.0 190.0 1035.0 216.0 967.0 216.0 text 0
362.0 233.0 377.0 234.0 378.0 257.0 364.0 257.0 text 0
215.0 613.0 261.0 553.0 271.0 585.0 226.0 644.0 text 0
775.0 333.0 786.0 334.0 786.0 343.0 775.0 342.0 text 0
1.0 240.0 15.0 241.0 16.0 274.0 0.0 273.0 text 0
