728.0 496.0 826.0 494.0 827.0 521.0 730.0 524.0 text 0
710.0 521.0 782.0 518.0 786.0 546.0 713.0 550.0 text 0
707.0 320.0 788.0 319.0 790.0 348.0 708.0 349.0 text 0
787.0 370.0 817.0 369.0 816.0 384.0 786.0 385.0 text 0
817.0 364.0 855.0 364.0 852.0 384.0 815.0 384.0 text 0
728.0 295.0 828.0 293.0 830.0 320.0 730.0 323.0 text 0
705.0 470.0 800.0 466.0 803.0 500.0 708.0 504.0 text 0
706.0 259.0 806.0 254.0 807.0 294.0 707.0 299.0 text 0
710.0 660.0 797.0 655.0 797.0 689.0 710.0 694.0 text 0
725.0 689.0 813.0 685.0 812.0 709.0 723.0 713.0 text 0
776.0 568.0 846.0 566.0 848.0 585.0 778.0 586.0 text 0
751.0 144.0 855.0 136.0 868.0 156.0 765.0 164.0 text 0
788.0 330.0 826.0 329.0 826.0 341.0 788.0 342.0 text 0
798.0 172.0 821.0 170.0 823.0 286.0 800.0 287.0 text 0
779.0 320.0 838.0 317.0 836.0 360.0 776.0 364.0 text 0
