266.0 425.0 323.0 416.0 325.0 430.0 267.0 439.0 text 0
736.0 129.0 781.0 121.0 783.0 140.0 738.0 148.0 text 0
275.0 406.0 315.0 401.0 316.0 419.0 276.0 424.0 text 0
313.0 400.0 377.0 395.0 378.0 413.0 315.0 418.0 text 0
246.0 428.0 266.0 425.0 270.0 439.0 250.0 441.0 text 0
228.0 416.0 271.0 406.0 275.0 425.0 232.0 435.0 text 0
321.0 415.0 363.0 411.0 363.0 425.0 321.0 429.0 text 0
235.0 388.0 296.0 379.0 297.0 391.0 236.0 400.0 text 0
301.0 378.0 372.0 370.0 373.0 383.0 302.0 390.0 text 0
423.0 358.0 581.0 365.0 581.0 379.0 423.0 371.0 text 0
230.0 196.0 240.0 196.0 245.0 264.0 235.0 264.0 text 0
