468.0 251.0 485.0 250.0 488.0 283.0 471.0 285.0 text 0
827.0 406.0 850.0 404.0 851.0 422.0 829.0 424.0 text 0
839.0 271.0 911.0 262.0 922.0 353.0 850.0 361.0 text 0
502.0 252.0 531.0 250.0 531.0 259.0 502.0 261.0 text 0
531.0 251.0 539.0 250.0 540.0 260.0 532.0 260.0 text 0
540.0 247.0 586.0 245.0 586.0 255.0 540.0 257.0 text 0
585.0 245.0 631.0 241.0 631.0 252.0 585.0 256.0 text 0
630.0 240.0 648.0 239.0 649.0 250.0 631.0 251.0 text 0
505.0 264.0 528.0 263.0 527.0 275.0 503.0 276.0 text 0
528.0 264.0 571.0 260.0 570.0 271.0 527.0 275.0 text 0
569.0 261.0 605.0 258.0 605.0 268.0 569.0 271.0 text 0
603.0 257.0 623.0 255.0 625.0 266.0 605.0 268.0 text 0
623.0 256.0 657.0 254.0 657.0 264.0 623.0 266.0 text 0
656.0 253.0 663.0 253.0 662.0 264.0 655.0 264.0 text 0
460.0 294.0 489.0 290.0 489.0 299.0 460.0 303.0 text 0
490.0 288.0 498.0 288.0 498.0 299.0 490.0 299.0 text 0
499.0 289.0 521.0 287.0 521.0 297.0 499.0 299.0 text 0
521.0 289.0 534.0 288.0 534.0 295.0 522.0 296.0 text 0
535.0 287.0 546.0 287.0 545.0 295.0 534.0 296.0 text 0
546.0 284.0 648.0 276.0 648.0 285.0 546.0 294.0 text 0
649.0 277.0 657.0 276.0 657.0 283.0 649.0 285.0 text 0
659.0 273.0 702.0 270.0 702.0 279.0 659.0 282.0 text 0
674.0 478.0 696.0 473.0 696.0 482.0 674.0 486.0 text 0
697.0 473.0 706.0 471.0 706.0 479.0 696.0 481.0 text 0
706.0 473.0 717.0 471.0 717.0 477.0 706.0 479.0 text 0
717.0 471.0 735.0 467.0 735.0 475.0 717.0 479.0 text 0
675.0 489.0 691.0 485.0 692.0 493.0 676.0 497.0 text 0
691.0 486.0 700.0 484.0 700.0 490.0 691.0 492.0 text 0
701.0 484.0 720.0 481.0 720.0 488.0 701.0 491.0 text 0
720.0 479.0 729.0 478.0 729.0 486.0 720.0 487.0 text 0
729.0 477.0 740.0 475.0 742.0 483.0 730.0 485.0 text 0
676.0 498.0 685.0 496.0 685.0 505.0 676.0 507.0 text 0
685.0 498.0 698.0 496.0 698.0 503.0 685.0 505.0 text 0
699.0 496.0 719.0 492.0 720.0 499.0 699.0 503.0 text 0
261.0 422.0 311.0 415.0 314.0 451.0 264.0 457.0 text 0
