90.0 129.0 207.0 116.0 208.0 155.0 91.0 168.0 text 0
558.0 353.0 612.0 345.0 613.0 375.0 560.0 383.0 text 0
16.0 275.0 85.0 265.0 86.0 289.0 17.0 299.0 text 0
25.0 306.0 45.0 303.0 50.0 326.0 30.0 330.0 text 0
51.0 305.0 85.0 298.0 90.0 320.0 56.0 328.0 text 0
611.0 344.0 631.0 344.0 633.0 363.0 613.0 363.0 text 0
627.0 309.0 660.0 308.0 662.0 326.0 630.0 327.0 text 0
303.0 90.0 381.0 72.0 384.0 135.0 306.0 153.0 text 0
552.0 116.0 575.0 111.0 576.0 125.0 554.0 130.0 text 0
556.0 127.0 575.0 122.0 575.0 136.0 556.0 141.0 text 0
615.0 239.0 647.0 238.0 647.0 251.0 615.0 252.0 text 0
