107.0 373.0 221.0 375.0 218.0 488.0 105.0 485.0 text 0
100.0 303.0 148.0 291.0 155.0 325.0 106.0 336.0 text 0
91.0 335.0 127.0 326.0 132.0 365.0 96.0 374.0 text 0
128.0 330.0 177.0 319.0 182.0 354.0 133.0 365.0 text 0
181.0 319.0 237.0 303.0 242.0 334.0 186.0 350.0 text 0
146.0 286.0 210.0 271.0 217.0 308.0 153.0 323.0 text 0
208.0 375.0 237.0 376.0 237.0 415.0 208.0 414.0 text 0
213.0 419.0 246.0 420.0 243.0 440.0 211.0 439.0 text 0
416.0 615.0 492.0 575.0 500.0 611.0 423.0 651.0 text 0
496.0 583.0 592.0 534.0 600.0 549.0 503.0 598.0 text 0
372.0 104.0 445.0 104.0 444.0 124.0 371.0 124.0 text 0
