158.0 366.0 227.0 354.0 231.0 376.0 162.0 389.0 text 0
36.0 81.0 131.0 80.0 135.0 105.0 40.0 106.0 text 0
38.0 124.0 130.0 121.0 130.0 145.0 38.0 148.0 text 0
131.0 123.0 201.0 124.0 201.0 145.0 131.0 144.0 text 0
63.0 338.0 161.0 324.0 162.0 345.0 65.0 359.0 text 0
135.0 81.0 186.0 81.0 187.0 104.0 136.0 104.0 text 0
161.0 324.0 213.0 318.0 215.0 339.0 162.0 345.0 text 0
61.0 379.0 157.0 365.0 162.0 390.0 66.0 404.0 text 0
92.0 595.0 185.0 565.0 195.0 589.0 102.0 619.0 text 0
190.0 566.0 248.0 551.0 252.0 573.0 193.0 588.0 text 0
93.0 641.0 193.0 606.0 196.0 631.0 96.0 666.0 text 0
191.0 608.0 256.0 588.0 260.0 613.0 195.0 633.0 text 0
552.0 289.0 582.0 304.0 571.0 320.0 541.0 305.0 text 0
1121.0 480.0 1193.0 473.0 1202.0 524.0 1130.0 531.0 text 0
