620.0 176.0 655.0 173.0 661.0 198.0 626.0 201.0 text 0
656.0 173.0 713.0 168.0 718.0 190.0 661.0 195.0 text 0
625.0 201.0 662.0 196.0 662.0 219.0 625.0 224.0 text 0
657.0 196.0 706.0 193.0 710.0 214.0 661.0 218.0 text 0
626.0 220.0 658.0 216.0 663.0 239.0 631.0 243.0 text 0
666.0 216.0 700.0 215.0 698.0 240.0 665.0 241.0 text 0
588.0 134.0 636.0 129.0 641.0 145.0 593.0 150.0 text 0
765.0 108.0 826.0 98.0 828.0 116.0 767.0 126.0 text 0
553.0 13.0 623.0 9.0 627.0 49.0 557.0 53.0 text 0
634.0 254.0 770.0 248.0 776.0 298.0 637.0 301.0 text 0
555.0 44.0 634.0 489.0 584.0 500.0 502.0 51.0 text 0
491.0 80.0 499.0 80.0 500.0 91.0 491.0 91.0 text 0
588.0 81.0 619.0 82.0 619.0 107.0 589.0 109.0 text 0
