684.0 154.0 701.0 158.0 701.0 181.0 685.0 177.0 text 0
573.0 97.0 625.0 106.0 625.0 125.0 572.0 116.0 text 0
481.0 113.0 508.0 118.0 508.0 143.0 481.0 138.0 text 0
517.0 118.0 600.0 134.0 600.0 168.0 516.0 152.0 text 0
605.0 135.0 673.0 149.0 673.0 174.0 605.0 161.0 text 0
630.0 110.0 668.0 119.0 667.0 137.0 630.0 128.0 text 0
682.0 193.0 707.0 198.0 707.0 219.0 682.0 215.0 text 0
504.0 161.0 533.0 166.0 533.0 190.0 505.0 185.0 text 0
542.0 166.0 627.0 179.0 627.0 204.0 542.0 191.0 text 0
635.0 182.0 675.0 189.0 674.0 218.0 635.0 211.0 text 0
251.0 227.0 359.0 237.0 359.0 259.0 251.0 249.0 text 0
367.0 241.0 381.0 242.0 380.0 260.0 366.0 260.0 text 0
850.0 286.0 860.0 287.0 859.0 305.0 849.0 305.0 text 0
405.0 137.0 461.0 147.0 460.0 159.0 403.0 149.0 text 0
464.0 148.0 478.0 150.0 478.0 162.0 464.0 159.0 text 0
423.0 153.0 494.0 166.0 493.0 179.0 422.0 166.0 text 0
426.0 168.0 476.0 176.0 476.0 185.0 426.0 177.0 text 0
478.0 177.0 486.0 178.0 486.0 188.0 478.0 186.0 text 0
538.0 683.0 574.0 676.0 575.0 693.0 539.0 700.0 text 0
638.0 662.0 668.0 656.0 669.0 672.0 638.0 678.0 text 0
1122.0 231.0 1189.0 241.0 1192.0 261.0 1126.0 251.0 text 0
1128.0 263.0 1162.0 264.0 1165.0 284.0 1130.0 283.0 text 0
