411.0 248.0 490.0 258.0 490.0 288.0 411.0 278.0 text 0
495.0 168.0 555.0 164.0 556.0 181.0 496.0 185.0 text 0
317.0 151.0 336.0 150.0 337.0 176.0 318.0 178.0 text 0
333.0 150.0 396.0 141.0 398.0 165.0 336.0 174.0 text 0
400.0 140.0 423.0 136.0 422.0 164.0 398.0 168.0 text 0
196.0 159.0 313.0 145.0 313.0 184.0 196.0 198.0 text 0
425.0 136.0 528.0 123.0 528.0 149.0 425.0 163.0 text 0
6.0 195.0 90.0 183.0 90.0 206.0 6.0 219.0 text 0
217.0 253.0 312.0 258.0 312.0 288.0 217.0 283.0 text 0
222.0 280.0 311.0 285.0 311.0 296.0 222.0 291.0 text 0
850.0 259.0 922.0 255.0 923.0 276.0 851.0 280.0 text 0
966.0 258.0 1070.0 255.0 1070.0 278.0 966.0 280.0 text 0
1071.0 261.0 1111.0 261.0 1110.0 278.0 1070.0 278.0 text 0
1111.0 258.0 1180.0 258.0 1183.0 276.0 1115.0 276.0 text 0
111.0 251.0 154.0 254.0 153.0 274.0 110.0 271.0 text 0
905.0 504.0 986.0 507.0 986.0 524.0 905.0 521.0 text 0
813.0 195.0 846.0 208.0 846.0 231.0 813.0 217.0 text 0
