643.0 80.0 770.0 44.0 772.0 73.0 646.0 109.0 text 0
1017.0 116.0 1101.0 128.0 1100.0 166.0 1016.0 155.0 text 0
1166.0 113.0 1241.0 125.0 1241.0 168.0 1166.0 155.0 text 0
1016.0 158.0 1098.0 165.0 1097.0 184.0 1015.0 176.0 text 0
357.0 334.0 390.0 334.0 387.0 359.0 355.0 359.0 text 0
720.0 160.0 764.0 162.0 767.0 180.0 723.0 177.0 text 0
42.0 220.0 67.0 221.0 67.0 234.0 42.0 233.0 text 0
1073.0 405.0 1124.0 412.0 1123.0 428.0 1072.0 422.0 text 0
194.0 213.0 288.0 215.0 285.0 236.0 191.0 234.0 text 0
303.0 220.0 357.0 221.0 355.0 235.0 301.0 234.0 text 0
