1035.0 138.0 1066.0 146.0 1068.0 175.0 1037.0 166.0 text 0
1027.0 108.0 1060.0 110.0 1063.0 141.0 1031.0 139.0 text 0
1146.0 48.0 1203.0 43.0 1207.0 71.0 1150.0 76.0 text 0
1108.0 174.0 1151.0 185.0 1150.0 213.0 1107.0 201.0 text 0
1148.0 186.0 1222.0 205.0 1221.0 229.0 1147.0 210.0 text 0
1090.0 61.0 1152.0 51.0 1151.0 78.0 1088.0 88.0 text 0
1148.0 15.0 1188.0 9.0 1191.0 41.0 1151.0 48.0 text 0
488.0 144.0 546.0 133.0 548.0 142.0 489.0 152.0 text 0
1111.0 203.0 1221.0 243.0 1226.0 276.0 1116.0 236.0 text 0
1141.0 312.0 1211.0 357.0 1212.0 382.0 1142.0 337.0 text 0
1138.0 339.0 1230.0 401.0 1236.0 435.0 1144.0 373.0 text 0
824.0 0.0 888.0 0.0 888.0 27.0 824.0 27.0 text 0
1141.0 373.0 1251.0 457.0 1250.0 482.0 1142.0 397.0 text 0
1152.0 405.0 1223.0 461.0 1224.0 481.0 1150.0 422.0 text 0
1089.0 0.0 1124.0 0.0 1134.0 1.0 1092.0 17.0 text 0
1103.0 20.0 1136.0 8.0 1141.0 30.0 1107.0 38.0 text 0
