512.0 71.0 569.0 72.0 569.0 95.0 512.0 94.0 text 0
413.0 105.0 428.0 105.0 428.0 127.0 413.0 126.0 text 0
545.0 42.0 583.0 44.0 584.0 63.0 545.0 61.0 text 0
411.0 73.0 425.0 73.0 425.0 92.0 412.0 92.0 text 0
439.0 71.0 463.0 71.0 463.0 93.0 439.0 93.0 text 0
495.0 41.0 542.0 43.0 542.0 62.0 495.0 60.0 text 0
469.0 71.0 509.0 70.0 507.0 97.0 467.0 98.0 text 0
450.0 39.0 492.0 40.0 491.0 60.0 449.0 59.0 text 0
439.0 104.0 464.0 104.0 465.0 126.0 439.0 125.0 text 0
472.0 103.0 527.0 103.0 527.0 126.0 472.0 126.0 text 0
532.0 103.0 563.0 103.0 563.0 126.0 532.0 126.0 text 0
416.0 138.0 429.0 140.0 429.0 158.0 416.0 157.0 text 0
441.0 134.0 467.0 134.0 467.0 158.0 441.0 158.0 text 0
472.0 132.0 548.0 132.0 548.0 161.0 472.0 161.0 text 0
553.0 134.0 630.0 133.0 630.0 161.0 553.0 161.0 text 0
