530.0 219.0 581.0 210.0 582.0 223.0 531.0 231.0 text 0
0.0 280.0 82.0 266.0 82.0 294.0 0.0 308.0 text 0
683.0 83.0 735.0 80.0 740.0 98.0 688.0 100.0 text 0
408.0 224.0 465.0 216.0 467.0 229.0 411.0 236.0 text 0
3.0 259.0 67.0 249.0 71.0 273.0 7.0 283.0 text 0
507.0 203.0 598.0 189.0 600.0 208.0 508.0 221.0 text 0
61.0 310.0 120.0 301.0 125.0 340.0 66.0 349.0 text 0
857.0 138.0 890.0 94.0 901.0 110.0 868.0 154.0 text 0
886.0 96.0 930.0 36.0 943.0 51.0 900.0 111.0 text 0
1012.0 123.0 1047.0 69.0 1065.0 83.0 1030.0 136.0 text 0
1048.0 65.0 1082.0 3.0 1095.0 16.0 1061.0 79.0 text 0
957.0 239.0 1020.0 134.0 1035.0 136.0 972.0 241.0 text 0
