272.0 198.0 361.0 171.0 378.0 201.0 290.0 228.0 text 0
350.0 165.0 377.0 158.0 382.0 173.0 355.0 180.0 text 0
366.0 40.0 411.0 21.0 431.0 63.0 386.0 81.0 text 0
192.0 81.0 239.0 82.0 237.0 107.0 190.0 106.0 text 0
246.0 88.0 282.0 103.0 268.0 118.0 231.0 104.0 text 0
278.0 78.0 365.0 43.0 372.0 61.0 286.0 96.0 text 0
286.0 95.0 313.0 83.0 320.0 97.0 292.0 110.0 text 0
312.0 84.0 367.0 62.0 375.0 77.0 320.0 100.0 text 0
295.0 108.0 340.0 91.0 346.0 106.0 300.0 124.0 text 0
339.0 88.0 382.0 71.0 389.0 88.0 346.0 106.0 text 0
242.0 126.0 284.0 118.0 290.0 136.0 251.0 147.0 text 0
565.0 701.0 583.0 703.0 583.0 710.0 567.0 710.0 text 0
