863.0 103.0 905.0 92.0 906.0 111.0 865.0 122.0 text 0
815.0 118.0 867.0 104.0 868.0 122.0 816.0 136.0 text 0
600.0 147.0 656.0 126.0 661.0 145.0 606.0 166.0 text 0
408.0 208.0 420.0 207.0 426.0 261.0 413.0 262.0 text 0
413.0 263.0 427.0 260.0 435.0 317.0 421.0 321.0 text 0
420.0 322.0 432.0 322.0 438.0 358.0 426.0 358.0 text 0
766.0 77.0 902.0 16.0 920.0 93.0 783.0 154.0 text 0
536.0 166.0 601.0 145.0 602.0 165.0 537.0 186.0 text 0
480.0 185.0 530.0 167.0 537.0 190.0 487.0 207.0 text 0
812.0 51.0 857.0 33.0 859.0 46.0 815.0 64.0 text 0
943.0 72.0 1028.0 41.0 1036.0 73.0 951.0 104.0 text 0
955.0 105.0 1047.0 83.0 1049.0 104.0 957.0 126.0 text 0
1241.0 176.0 1279.0 171.0 1278.0 192.0 1239.0 197.0 text 0
1245.0 205.0 1279.0 200.0 1279.0 223.0 1245.0 228.0 text 0
4.0 66.0 32.0 68.0 32.0 104.0 4.0 102.0 text 0
301.0 227.0 351.0 215.0 353.0 235.0 303.0 247.0 text 0
