666.0 17.0 730.0 4.0 738.0 42.0 673.0 55.0 text 0
739.0 10.0 792.0 0.0 792.0 27.0 739.0 37.0 text 0
796.0 48.0 818.0 46.0 818.0 61.0 796.0 63.0 text 0
816.0 46.0 827.0 45.0 827.0 57.0 816.0 58.0 text 0
825.0 44.0 836.0 43.0 836.0 55.0 825.0 56.0 text 0
799.0 66.0 837.0 57.0 837.0 76.0 799.0 85.0 text 0
956.0 4.0 999.0 0.0 1000.0 7.0 957.0 12.0 text 0
856.0 35.0 912.0 31.0 912.0 38.0 856.0 43.0 text 0
911.0 26.0 932.0 26.0 932.0 37.0 911.0 37.0 text 0
677.0 57.0 793.0 32.0 796.0 42.0 678.0 71.0 text 0
