891.0 97.0 952.0 82.0 953.0 116.0 892.0 132.0 text 0
556.0 262.0 583.0 171.0 610.0 193.0 582.0 284.0 text 0
68.0 247.0 131.0 261.0 127.0 292.0 63.0 278.0 text 0
1153.0 126.0 1183.0 120.0 1188.0 144.0 1158.0 151.0 text 0
1192.0 115.0 1228.0 107.0 1232.0 135.0 1197.0 143.0 text 0
471.0 243.0 492.0 244.0 493.0 256.0 472.0 255.0 text 0
499.0 231.0 548.0 213.0 551.0 234.0 502.0 252.0 text 0
421.0 275.0 453.0 271.0 454.0 285.0 422.0 289.0 text 0
613.0 231.0 658.0 228.0 660.0 239.0 614.0 243.0 text 0
1003.0 340.0 1052.0 335.0 1055.0 390.0 1006.0 395.0 text 0
