577.0 98.0 618.0 95.0 618.0 112.0 577.0 115.0 text 0
897.0 156.0 908.0 155.0 907.0 170.0 896.0 171.0 text 0
476.0 127.0 500.0 126.0 502.0 147.0 478.0 148.0 text 0
500.0 128.0 513.0 124.0 517.0 139.0 500.0 138.0 text 0
655.0 144.0 686.0 138.0 688.0 186.0 657.0 192.0 text 0
646.0 142.0 656.0 141.0 656.0 157.0 646.0 158.0 text 0
686.0 137.0 716.0 135.0 717.0 159.0 687.0 161.0 text 0
303.0 106.0 323.0 101.0 325.0 112.0 305.0 117.0 text 0
839.0 176.0 845.0 175.0 845.0 184.0 839.0 184.0 text 0
285.0 105.0 305.0 103.0 307.0 130.0 287.0 132.0 text 0
850.0 172.0 867.0 171.0 868.0 191.0 851.0 193.0 text 0
869.0 171.0 884.0 169.0 885.0 180.0 869.0 181.0 text 0
954.0 148.0 963.0 148.0 963.0 161.0 954.0 161.0 text 0
619.0 97.0 638.0 95.0 638.0 109.0 619.0 111.0 text 0
642.0 94.0 727.0 81.0 729.0 98.0 643.0 111.0 text 0
907.0 155.0 913.0 155.0 913.0 161.0 907.0 162.0 text 0
20.0 102.0 145.0 109.0 147.0 140.0 23.0 133.0 text 0
333.0 130.0 399.0 133.0 398.0 155.0 332.0 152.0 text 0
502.0 143.0 543.0 145.0 543.0 164.0 501.0 162.0 text 0
558.0 143.0 580.0 144.0 580.0 164.0 558.0 163.0 text 0
567.0 164.0 584.0 164.0 584.0 177.0 567.0 176.0 text 0
201.0 104.0 273.0 106.0 273.0 142.0 201.0 141.0 text 0
217.0 140.0 300.0 138.0 300.0 166.0 217.0 167.0 text 0
427.0 128.0 478.0 127.0 478.0 153.0 427.0 154.0 text 0
438.0 152.0 481.0 151.0 482.0 173.0 439.0 174.0 text 0
274.0 115.0 282.0 112.0 283.0 123.0 275.0 126.0 text 0
267.0 69.0 287.0 66.0 287.0 73.0 267.0 76.0 text 0
267.0 77.0 303.0 71.0 303.0 78.0 267.0 84.0 text 0
265.0 83.0 280.0 83.0 280.0 91.0 265.0 90.0 text 0
464.0 101.0 494.0 98.0 494.0 103.0 464.0 106.0 text 0
464.0 107.0 480.0 106.0 479.0 110.0 464.0 111.0 text 0
465.0 112.0 476.0 113.0 474.0 117.0 464.0 116.0 text 0
477.0 119.0 511.0 113.0 512.0 120.0 478.0 125.0 text 0
581.0 124.0 622.0 120.0 621.0 130.0 581.0 134.0 text 0
578.0 136.0 622.0 130.0 621.0 135.0 578.0 141.0 text 0
580.0 141.0 634.0 137.0 634.0 143.0 580.0 146.0 text 0
581.0 148.0 609.0 146.0 609.0 151.0 581.0 153.0 text 0
581.0 154.0 610.0 151.0 610.0 157.0 581.0 160.0 text 0
814.0 508.0 823.0 496.0 825.0 515.0 816.0 526.0 text 0
810.0 161.0 825.0 160.0 825.0 164.0 810.0 165.0 text 0
811.0 167.0 831.0 165.0 831.0 168.0 810.0 170.0 text 0
810.0 172.0 820.0 172.0 820.0 176.0 810.0 176.0 text 0
1189.0 267.0 1211.0 266.0 1211.0 282.0 1190.0 282.0 text 0
689.0 162.0 718.0 159.0 717.0 166.0 688.0 169.0 text 0
