639.0 176.0 651.0 176.0 652.0 192.0 640.0 192.0 text 0
323.0 263.0 371.0 262.0 370.0 272.0 322.0 273.0 text 0
1007.0 124.0 1021.0 122.0 1025.0 140.0 1010.0 142.0 text 0
1025.0 113.0 1096.0 106.0 1096.0 155.0 1025.0 162.0 text 0
1092.0 108.0 1131.0 103.0 1132.0 128.0 1093.0 134.0 text 0
1061.0 83.0 1075.0 82.0 1077.0 98.0 1063.0 100.0 text 0
1078.0 80.0 1108.0 76.0 1109.0 94.0 1079.0 97.0 text 0
949.0 98.0 999.0 88.0 1000.0 98.0 950.0 108.0 text 0
1009.0 531.0 1061.0 538.0 1059.0 552.0 1007.0 544.0 text 0
1015.0 545.0 1056.0 550.0 1056.0 561.0 1015.0 556.0 text 0
45.0 132.0 77.0 135.0 75.0 157.0 42.0 154.0 text 0
1017.0 615.0 1063.0 625.0 1062.0 641.0 1016.0 631.0 text 0
1.0 131.0 41.0 132.0 43.0 181.0 3.0 180.0 text 0
1022.0 627.0 1065.0 635.0 1062.0 650.0 1020.0 642.0 text 0
481.0 152.0 535.0 156.0 531.0 172.0 478.0 167.0 text 0
410.0 158.0 442.0 157.0 442.0 173.0 410.0 174.0 text 0
122.0 237.0 135.0 236.0 135.0 250.0 122.0 251.0 text 0
327.0 276.0 367.0 273.0 366.0 280.0 326.0 283.0 text 0
379.0 210.0 397.0 208.0 398.0 220.0 380.0 221.0 text 0
272.0 220.0 287.0 221.0 287.0 234.0 272.0 233.0 text 0
158.0 235.0 173.0 234.0 173.0 248.0 159.0 250.0 text 0
191.0 232.0 204.0 231.0 204.0 245.0 191.0 246.0 text 0
233.0 227.0 242.0 226.0 244.0 238.0 235.0 239.0 text 0
478.0 90.0 491.0 90.0 495.0 137.0 482.0 137.0 text 0
503.0 91.0 534.0 83.0 536.0 120.0 505.0 128.0 text 0
548.0 75.0 560.0 74.0 565.0 121.0 553.0 122.0 text 0
577.0 77.0 612.0 66.0 617.0 101.0 582.0 112.0 text 0
629.0 52.0 645.0 51.0 644.0 103.0 628.0 104.0 text 0
664.0 60.0 712.0 49.0 712.0 82.0 664.0 93.0 text 0
716.0 49.0 756.0 36.0 760.0 71.0 720.0 84.0 text 0
776.0 15.0 799.0 14.0 800.0 74.0 777.0 75.0 text 0
825.0 23.0 879.0 8.0 883.0 49.0 829.0 64.0 text 0
908.0 0.0 928.0 2.0 930.0 49.0 910.0 47.0 text 0
962.0 1.0 1023.0 2.0 1021.0 25.0 960.0 24.0 text 0
422.0 248.0 452.0 247.0 451.0 253.0 422.0 254.0 text 0
422.0 254.0 439.0 254.0 438.0 258.0 421.0 260.0 text 0
423.0 261.0 444.0 259.0 444.0 264.0 423.0 266.0 text 0
505.0 250.0 567.0 248.0 567.0 255.0 505.0 256.0 text 0
572.0 189.0 601.0 187.0 601.0 192.0 573.0 194.0 text 0
1003.0 58.0 1074.0 47.0 1074.0 64.0 1003.0 75.0 text 0
0.0 62.0 43.0 67.0 45.0 86.0 1.0 81.0 text 0
230.0 54.0 252.0 46.0 252.0 57.0 230.0 65.0 text 0
