1006.0 330.0 1135.0 332.0 1138.0 363.0 1009.0 361.0 text 0
29.0 47.0 99.0 41.0 99.0 67.0 29.0 74.0 text 0
103.0 32.0 308.0 34.0 307.0 74.0 102.0 72.0 text 0
320.0 36.0 401.0 51.0 390.0 78.0 309.0 64.0 text 0
90.0 75.0 180.0 68.0 180.0 86.0 90.0 93.0 text 0
188.0 70.0 253.0 71.0 249.0 88.0 183.0 87.0 text 0
257.0 68.0 306.0 72.0 305.0 90.0 256.0 86.0 text 0
45.0 77.0 87.0 72.0 87.0 90.0 45.0 95.0 text 0
737.0 42.0 769.0 40.0 768.0 62.0 736.0 64.0 text 0
639.0 102.0 660.0 100.0 660.0 114.0 639.0 116.0 text 0
571.0 124.0 589.0 124.0 589.0 135.0 571.0 135.0 text 0
490.0 6.0 516.0 5.0 516.0 16.0 490.0 17.0 text 0
493.0 16.0 551.0 15.0 550.0 23.0 492.0 24.0 text 0
493.0 24.0 550.0 25.0 549.0 33.0 492.0 32.0 text 0
1016.0 317.0 1055.0 317.0 1055.0 330.0 1016.0 330.0 text 0
1057.0 315.0 1100.0 317.0 1098.0 331.0 1055.0 328.0 text 0
1101.0 318.0 1116.0 318.0 1116.0 332.0 1101.0 332.0 text 0
1116.0 315.0 1130.0 316.0 1130.0 332.0 1116.0 331.0 text 0
16.0 234.0 35.0 235.0 32.0 248.0 13.0 247.0 text 0
169.0 105.0 198.0 105.0 198.0 122.0 169.0 122.0 text 0
217.0 102.0 241.0 104.0 238.0 117.0 213.0 115.0 text 0
230.0 132.0 250.0 131.0 251.0 144.0 231.0 145.0 text 0
276.0 128.0 293.0 130.0 291.0 143.0 273.0 142.0 text 0
