692.0 130.0 825.0 82.0 836.0 135.0 703.0 183.0 text 0
459.0 21.0 482.0 21.0 482.0 32.0 459.0 32.0 text 0
482.0 20.0 518.0 21.0 518.0 34.0 482.0 32.0 text 0
515.0 22.0 540.0 22.0 541.0 35.0 516.0 35.0 text 0
465.0 34.0 504.0 34.0 504.0 45.0 466.0 45.0 text 0
504.0 34.0 542.0 34.0 542.0 47.0 504.0 47.0 text 0
171.0 13.0 217.0 14.0 218.0 25.0 172.0 24.0 text 0
217.0 15.0 242.0 15.0 242.0 26.0 217.0 26.0 text 0
241.0 14.0 254.0 14.0 254.0 26.0 241.0 26.0 text 0
254.0 14.0 321.0 16.0 322.0 28.0 254.0 26.0 text 0
320.0 15.0 360.0 17.0 361.0 29.0 321.0 27.0 text 0
174.0 28.0 236.0 28.0 236.0 40.0 174.0 40.0 text 0
238.0 27.0 265.0 28.0 264.0 39.0 236.0 38.0 text 0
