988.0 71.0 1118.0 12.0 1127.0 82.0 997.0 141.0 text 0
141.0 162.0 201.0 162.0 202.0 186.0 142.0 186.0 text 0
660.0 155.0 669.0 155.0 670.0 201.0 661.0 201.0 text 0
661.0 205.0 672.0 204.0 673.0 255.0 662.0 256.0 text 0
659.0 261.0 673.0 263.0 675.0 292.0 660.0 290.0 text 0
722.0 135.0 886.0 94.0 887.0 116.0 723.0 157.0 text 0
115.0 237.0 183.0 237.0 181.0 245.0 112.0 245.0 text 0
110.0 248.0 183.0 246.0 183.0 255.0 110.0 257.0 text 0
1026.0 97.0 1113.0 81.0 1113.0 103.0 1026.0 120.0 text 0
572.0 165.0 611.0 157.0 612.0 175.0 573.0 183.0 text 0
625.0 154.0 654.0 144.0 655.0 164.0 626.0 174.0 text 0
1197.0 88.0 1278.0 80.0 1279.0 101.0 1198.0 110.0 text 0
1185.0 51.0 1278.0 31.0 1277.0 70.0 1184.0 90.0 text 0
352.0 37.0 384.0 38.0 384.0 67.0 352.0 66.0 text 0
