38.0 660.0 142.0 626.0 139.0 658.0 35.0 693.0 text 0
170.0 689.0 296.0 585.0 301.0 614.0 175.0 718.0 text 0
45.0 281.0 128.0 280.0 125.0 302.0 41.0 303.0 text 0
1080.0 202.0 1136.0 188.0 1139.0 215.0 1083.0 228.0 text 0
1143.0 180.0 1208.0 167.0 1210.0 206.0 1146.0 218.0 text 0
213.0 216.0 263.0 230.0 259.0 256.0 209.0 243.0 text 0
158.0 202.0 217.0 214.0 209.0 253.0 150.0 241.0 text 0
366.0 153.0 378.0 153.0 377.0 169.0 366.0 169.0 text 0
262.0 240.0 287.0 245.0 283.0 260.0 259.0 254.0 text 0
1238.0 238.0 1277.0 227.0 1279.0 261.0 1239.0 273.0 text 0
217.0 153.0 338.0 158.0 341.0 189.0 220.0 184.0 text 0
223.0 195.0 347.0 189.0 344.0 215.0 220.0 221.0 text 0
549.0 301.0 632.0 301.0 632.0 315.0 539.0 318.0 text 0
549.0 318.0 568.0 315.0 568.0 327.0 549.0 330.0 text 0
571.0 317.0 587.0 315.0 588.0 331.0 568.0 332.0 text 0
595.0 317.0 612.0 316.0 611.0 329.0 598.0 328.0 text 0
618.0 314.0 631.0 314.0 632.0 326.0 617.0 330.0 text 0
