580.0 306.0 596.0 308.0 593.0 363.0 578.0 361.0 text 0
738.0 312.0 760.0 313.0 761.0 377.0 739.0 376.0 text 0
758.0 338.0 781.0 340.0 781.0 376.0 758.0 375.0 text 0
757.0 223.0 782.0 225.0 781.0 337.0 756.0 335.0 text 0
811.0 151.0 841.0 151.0 840.0 168.0 810.0 168.0 text 0
810.0 171.0 837.0 170.0 836.0 196.0 809.0 197.0 text 0
735.0 242.0 757.0 240.0 760.0 307.0 738.0 310.0 text 0
578.0 246.0 592.0 248.0 593.0 306.0 579.0 304.0 text 0
590.0 332.0 612.0 331.0 609.0 365.0 587.0 366.0 text 0
591.0 236.0 610.0 238.0 611.0 331.0 592.0 328.0 text 0
468.0 212.0 533.0 204.0 530.0 226.0 465.0 234.0 text 0
190.0 220.0 240.0 227.0 235.0 246.0 185.0 238.0 text 0
