590.0 286.0 603.0 285.0 605.0 302.0 592.0 303.0 text 0
521.0 175.0 540.0 170.0 541.0 185.0 522.0 191.0 text 0
642.0 272.0 665.0 270.0 665.0 286.0 642.0 288.0 text 0
803.0 285.0 832.0 281.0 835.0 301.0 806.0 305.0 text 0
832.0 281.0 845.0 279.0 846.0 289.0 833.0 291.0 text 0
886.0 274.0 896.0 272.0 897.0 288.0 887.0 289.0 text 0
608.0 278.0 632.0 275.0 635.0 311.0 610.0 314.0 text 0
990.0 273.0 996.0 271.0 997.0 282.0 990.0 283.0 text 0
937.0 274.0 946.0 273.0 947.0 285.0 938.0 286.0 text 0
590.0 563.0 606.0 563.0 605.0 579.0 589.0 579.0 text 0
669.0 564.0 681.0 563.0 680.0 576.0 668.0 577.0 text 0
523.0 560.0 533.0 560.0 533.0 574.0 523.0 574.0 text 0
897.0 271.0 908.0 271.0 908.0 280.0 897.0 280.0 text 0
947.0 271.0 957.0 271.0 956.0 278.0 947.0 278.0 text 0
580.0 241.0 627.0 235.0 629.0 252.0 582.0 258.0 text 0
795.0 259.0 823.0 255.0 824.0 266.0 796.0 271.0 text 0
869.0 256.0 893.0 255.0 893.0 263.0 870.0 264.0 text 0
547.0 266.0 577.0 262.0 577.0 267.0 547.0 271.0 text 0
547.0 274.0 559.0 273.0 559.0 279.0 547.0 280.0 text 0
548.0 283.0 567.0 282.0 567.0 288.0 549.0 289.0 text 0
167.0 282.0 176.0 281.0 177.0 294.0 168.0 295.0 text 0
799.0 287.0 807.0 287.0 807.0 297.0 800.0 297.0 text 0
