562.0 45.0 592.0 46.0 593.0 56.0 562.0 57.0 text 0
516.0 54.0 539.0 53.0 540.0 65.0 518.0 64.0 text 0
1021.0 193.0 1033.0 193.0 1034.0 207.0 1020.0 207.0 text 0
1034.0 190.0 1068.0 192.0 1063.0 213.0 1032.0 207.0 text 0
1064.0 192.0 1111.0 194.0 1113.0 213.0 1065.0 212.0 text 0
990.0 190.0 1021.0 192.0 1020.0 211.0 992.0 208.0 text 0
793.0 71.0 915.0 29.0 920.0 97.0 792.0 120.0 text 0
965.0 188.0 992.0 191.0 991.0 210.0 966.0 204.0 text 0
350.0 42.0 372.0 43.0 371.0 65.0 352.0 65.0 text 0
396.0 43.0 425.0 44.0 427.0 58.0 395.0 55.0 text 0
424.0 43.0 442.0 44.0 445.0 56.0 425.0 55.0 text 0
443.0 45.0 450.0 44.0 452.0 57.0 443.0 54.0 text 0
449.0 44.0 470.0 44.0 474.0 57.0 452.0 58.0 text 0
397.0 53.0 450.0 55.0 450.0 64.0 396.0 64.0 text 0
515.0 42.0 552.0 43.0 552.0 56.0 515.0 56.0 text 0
551.0 44.0 562.0 44.0 562.0 55.0 551.0 56.0 text 0
538.0 54.0 576.0 55.0 576.0 67.0 539.0 66.0 text 0
516.0 72.0 528.0 74.0 528.0 86.0 518.0 86.0 text 0
529.0 73.0 555.0 73.0 556.0 87.0 527.0 86.0 text 0
555.0 73.0 582.0 73.0 582.0 86.0 553.0 88.0 text 0
198.0 139.0 221.0 138.0 223.0 154.0 200.0 154.0 text 0
224.0 138.0 257.0 138.0 258.0 153.0 223.0 154.0 text 0
260.0 136.0 290.0 139.0 292.0 153.0 260.0 153.0 text 0
212.0 123.0 237.0 125.0 236.0 139.0 211.0 137.0 text 0
236.0 126.0 257.0 124.0 258.0 138.0 237.0 138.0 text 0
260.0 126.0 276.0 127.0 276.0 137.0 260.0 137.0 text 0
212.0 153.0 228.0 155.0 230.0 169.0 214.0 170.0 text 0
230.0 154.0 276.0 154.0 276.0 168.0 229.0 170.0 text 0
237.0 259.0 273.0 256.0 275.0 269.0 235.0 271.0 text 0
273.0 255.0 299.0 255.0 299.0 270.0 274.0 269.0 text 0
218.0 270.0 282.0 268.0 280.0 282.0 216.0 284.0 text 0
