262.0 26.0 467.0 12.0 504.0 131.0 313.0 170.0 text 0
316.0 173.0 457.0 139.0 495.0 237.0 378.0 336.0 text 0
465.0 165.0 536.0 140.0 571.0 192.0 507.0 246.0 text 0
382.0 335.0 507.0 247.0 575.0 343.0 444.0 488.0 text 0
471.0 555.0 503.0 517.0 519.0 547.0 490.0 597.0 text 0
507.0 507.0 563.0 436.0 581.0 460.0 518.0 557.0 text 0
487.0 604.0 512.0 557.0 535.0 578.0 503.0 628.0 text 0
517.0 559.0 596.0 421.0 618.0 438.0 532.0 576.0 text 0
470.0 150.0 541.0 128.0 544.0 140.0 472.0 162.0 text 0
514.0 48.0 564.0 34.0 566.0 46.0 516.0 60.0 text 0
