1252.0 272.0 1268.0 271.0 1269.0 286.0 1251.0 288.0 text 0
1203.0 270.0 1222.0 245.0 1237.0 262.0 1216.0 283.0 text 0
979.0 141.0 1070.0 139.0 1072.0 163.0 985.0 165.0 text 0
1067.0 135.0 1122.0 133.0 1127.0 155.0 1072.0 160.0 text 0
1045.0 241.0 1122.0 237.0 1127.0 257.0 1046.0 264.0 text 0
673.0 149.0 699.0 150.0 705.0 167.0 679.0 170.0 text 0
632.0 142.0 674.0 145.0 678.0 167.0 636.0 160.0 text 0
530.0 240.0 585.0 245.0 590.0 263.0 532.0 262.0 text 0
253.0 30.0 343.0 105.0 337.0 155.0 255.0 103.0 text 0
1107.0 371.0 1166.0 368.0 1166.0 384.0 1107.0 386.0 text 0
1168.0 366.0 1251.0 361.0 1251.0 376.0 1168.0 382.0 text 0
923.0 430.0 987.0 423.0 988.0 436.0 924.0 443.0 text 0
