501.0 286.0 551.0 290.0 549.0 302.0 499.0 299.0 text 0
736.0 265.0 796.0 281.0 795.0 305.0 733.0 290.0 text 0
474.0 241.0 506.0 243.0 504.0 254.0 471.0 254.0 text 0
471.0 263.0 499.0 265.0 499.0 275.0 468.0 276.0 text 0
510.0 266.0 554.0 269.0 552.0 278.0 509.0 277.0 text 0
232.0 225.0 323.0 230.0 318.0 260.0 223.0 252.0 text 0
468.0 285.0 500.0 286.0 499.0 297.0 464.0 297.0 text 0
19.0 211.0 102.0 218.0 98.0 247.0 13.0 240.0 text 0
1221.0 375.0 1268.0 374.0 1268.0 391.0 1219.0 393.0 text 0
1122.0 381.0 1151.0 381.0 1154.0 390.0 1121.0 390.0 text 0
941.0 535.0 966.0 544.0 963.0 556.0 940.0 551.0 text 0
941.0 558.0 962.0 558.0 964.0 575.0 943.0 574.0 text 0
947.0 574.0 968.0 582.0 963.0 594.0 944.0 588.0 text 0
891.0 619.0 945.0 622.0 943.0 635.0 894.0 632.0 text 0
943.0 622.0 967.0 624.0 968.0 637.0 943.0 635.0 text 0
