882.0 72.0 1037.0 56.0 1037.0 87.0 879.0 96.0 text 0
887.0 285.0 900.0 287.0 900.0 305.0 887.0 301.0 text 0
891.0 250.0 916.0 250.0 921.0 274.0 888.0 270.0 text 0
922.0 251.0 956.0 255.0 954.0 275.0 918.0 272.0 text 0
890.0 268.0 921.0 272.0 918.0 290.0 887.0 283.0 text 0
918.0 271.0 991.0 282.0 987.0 300.0 919.0 290.0 text 0
1111.0 33.0 1157.0 32.0 1158.0 69.0 1115.0 72.0 text 0
902.0 286.0 912.0 287.0 912.0 305.0 902.0 303.0 text 0
912.0 287.0 927.0 290.0 927.0 307.0 913.0 305.0 text 0
930.0 291.0 944.0 294.0 941.0 311.0 927.0 307.0 text 0
81.0 105.0 140.0 102.0 144.0 133.0 88.0 138.0 text 0
883.0 314.0 970.0 325.0 970.0 350.0 880.0 336.0 text 0
1253.0 0.0 1278.0 1.0 1276.0 13.0 1255.0 14.0 text 0
