836.0 454.0 901.0 464.0 902.0 482.0 837.0 473.0 text 0
1129.0 65.0 1179.0 53.0 1182.0 68.0 1132.0 82.0 text 0
1044.0 536.0 1124.0 552.0 1118.0 575.0 1051.0 560.0 text 0
707.0 166.0 743.0 154.0 748.0 178.0 707.0 184.0 text 0
743.0 156.0 782.0 145.0 785.0 167.0 747.0 176.0 text 0
720.0 437.0 761.0 444.0 767.0 461.0 721.0 454.0 text 0
1039.0 88.0 1125.0 66.0 1127.0 81.0 1041.0 101.0 text 0
1120.0 86.0 1146.0 81.0 1146.0 93.0 1120.0 100.0 text 0
1075.0 94.0 1095.0 88.0 1097.0 105.0 1076.0 110.0 text 0
1096.0 88.0 1117.0 84.0 1119.0 100.0 1097.0 104.0 text 0
470.0 397.0 495.0 401.0 495.0 415.0 470.0 412.0 text 0
542.0 212.0 588.0 202.0 590.0 214.0 543.0 223.0 text 0
