1008.0 516.0 1120.0 527.0 1118.0 556.0 1007.0 545.0 text 0
712.0 41.0 838.0 30.0 838.0 45.0 712.0 56.0 text 0
996.0 203.0 1054.0 202.0 1053.0 223.0 995.0 224.0 text 0
928.0 507.0 1004.0 514.0 1002.0 544.0 926.0 537.0 text 0
361.0 449.0 459.0 459.0 458.0 487.0 359.0 478.0 text 0
720.0 78.0 831.0 69.0 832.0 84.0 722.0 93.0 text 0
34.0 266.0 90.0 268.0 88.0 293.0 31.0 291.0 text 0
1057.0 202.0 1132.0 202.0 1132.0 223.0 1057.0 223.0 text 0
760.0 18.0 786.0 17.0 786.0 34.0 760.0 35.0 text 0
610.0 287.0 668.0 287.0 666.0 307.0 609.0 306.0 text 0
936.0 604.0 969.0 604.0 969.0 646.0 936.0 646.0 text 0
21.0 1.0 39.0 1.0 41.0 19.0 23.0 19.0 text 0
