490.0 176.0 520.0 173.0 522.0 195.0 492.0 198.0 text 0
520.0 174.0 546.0 171.0 548.0 193.0 522.0 196.0 text 0
56.0 32.0 129.0 45.0 124.0 80.0 51.0 67.0 text 0
107.0 11.0 171.0 27.0 167.0 52.0 102.0 36.0 text 0
222.0 230.0 283.0 230.0 283.0 246.0 222.0 246.0 text 0
0.0 216.0 48.0 213.0 49.0 243.0 5.0 245.0 text 0
1071.0 81.0 1184.0 72.0 1189.0 106.0 1087.0 115.0 text 0
1094.0 114.0 1186.0 104.0 1196.0 139.0 1099.0 147.0 text 0
4.0 26.0 49.0 38.0 49.0 62.0 2.0 53.0 text 0
41.0 0.0 90.0 15.0 86.0 31.0 0.0 7.0 text 0
