857.0 114.0 901.0 105.0 902.0 121.0 858.0 130.0 text 0
475.0 205.0 533.0 209.0 528.0 217.0 471.0 214.0 text 0
458.0 241.0 516.0 244.0 513.0 260.0 455.0 257.0 text 0
420.0 257.0 503.0 258.0 493.0 271.0 410.0 270.0 text 0
477.0 199.0 546.0 203.0 544.0 211.0 475.0 207.0 text 0
438.0 239.0 460.0 240.0 456.0 258.0 434.0 257.0 text 0
367.0 238.0 438.0 241.0 433.0 258.0 362.0 255.0 text 0
900.0 101.0 954.0 90.0 956.0 108.0 902.0 120.0 text 0
854.0 129.0 924.0 115.0 927.0 131.0 856.0 146.0 text 0
856.0 158.0 938.0 144.0 940.0 161.0 858.0 174.0 text 0
857.0 174.0 986.0 155.0 986.0 173.0 858.0 192.0 text 0
986.0 154.0 1027.0 150.0 1027.0 167.0 986.0 171.0 text 0
