1110.0 396.0 1122.0 390.0 1132.0 418.0 1121.0 424.0 text 0
915.0 281.0 978.0 266.0 980.0 281.0 917.0 297.0 text 0
1126.0 371.0 1186.0 395.0 1183.0 479.0 1127.0 452.0 text 0
1184.0 395.0 1216.0 409.0 1216.0 448.0 1183.0 432.0 text 0
900.0 186.0 944.0 165.0 948.0 184.0 905.0 205.0 text 0
1093.0 295.0 1219.0 330.0 1216.0 401.0 1091.0 352.0 text 0
1093.0 211.0 1153.0 223.0 1148.0 290.0 1088.0 277.0 text 0
1101.0 380.0 1121.0 370.0 1125.0 385.0 1105.0 394.0 text 0
1000.0 124.0 1016.0 117.0 1023.0 150.0 1006.0 156.0 text 0
361.0 290.0 405.0 290.0 407.0 330.0 363.0 330.0 text 0
1173.0 264.0 1209.0 271.0 1207.0 304.0 1171.0 297.0 text 0
1166.0 148.0 1223.0 156.0 1213.0 258.0 1157.0 251.0 text 0
