781.0 10.0 812.0 9.0 813.0 22.0 781.0 22.0 text 0
903.0 4.0 919.0 3.0 920.0 16.0 903.0 16.0 text 0
864.0 5.0 876.0 5.0 877.0 18.0 865.0 18.0 text 0
875.0 4.0 883.0 4.0 883.0 18.0 876.0 18.0 text 0
883.0 5.0 897.0 4.0 898.0 16.0 884.0 17.0 text 0
813.0 9.0 850.0 7.0 850.0 18.0 813.0 20.0 text 0
898.0 4.0 904.0 4.0 902.0 16.0 896.0 16.0 text 0
934.0 4.0 952.0 3.0 952.0 16.0 934.0 17.0 text 0
242.0 29.0 409.0 22.0 408.0 35.0 241.0 42.0 text 0
285.0 7.0 379.0 6.0 378.0 22.0 284.0 22.0 text 0
310.0 101.0 411.0 110.0 410.0 140.0 312.0 146.0 text 0
178.0 92.0 306.0 100.0 304.0 144.0 182.0 150.0 text 0
281.0 176.0 368.0 167.0 368.0 189.0 285.0 202.0 text 0
