94.0 129.0 177.0 168.0 171.0 221.0 88.0 181.0 text 0
169.0 188.0 227.0 215.0 223.0 250.0 165.0 222.0 text 0
228.0 213.0 286.0 242.0 281.0 281.0 223.0 252.0 text 0
940.0 330.0 1037.0 328.0 1040.0 413.0 942.0 415.0 text 0
752.0 232.0 854.0 172.0 860.0 218.0 758.0 278.0 text 0
797.0 456.0 830.0 460.0 829.0 488.0 796.0 484.0 text 0
797.0 484.0 831.0 489.0 831.0 515.0 796.0 511.0 text 0
934.0 404.0 1015.0 437.0 1004.0 469.0 924.0 435.0 text 0
1009.0 425.0 1064.0 390.0 1082.0 424.0 1027.0 459.0 text 0
1018.0 268.0 1153.0 243.0 1158.0 269.0 1024.0 294.0 text 0
