863.0 194.0 1145.0 140.0 1161.0 225.0 880.0 280.0 text 0
222.0 322.0 279.0 336.0 277.0 354.0 220.0 340.0 text 0
972.0 284.0 1067.0 280.0 1069.0 313.0 975.0 317.0 text 0
910.0 297.0 937.0 296.0 936.0 314.0 909.0 315.0 text 0
1170.0 287.0 1193.0 286.0 1195.0 304.0 1171.0 305.0 text 0
1230.0 285.0 1270.0 284.0 1271.0 302.0 1231.0 303.0 text 0
1196.0 421.0 1219.0 423.0 1220.0 438.0 1197.0 436.0 text 0
833.0 298.0 861.0 297.0 861.0 316.0 833.0 317.0 text 0
862.0 301.0 876.0 298.0 877.0 310.0 863.0 312.0 text 0
936.0 296.0 950.0 296.0 949.0 306.0 935.0 306.0 text 0
1103.0 290.0 1129.0 290.0 1130.0 306.0 1105.0 306.0 text 0
