829.0 113.0 905.0 70.0 910.0 103.0 835.0 146.0 text 0
905.0 65.0 998.0 16.0 1003.0 53.0 910.0 102.0 text 0
410.0 113.0 447.0 107.0 445.0 135.0 408.0 141.0 text 0
452.0 113.0 521.0 115.0 521.0 140.0 452.0 137.0 text 0
566.0 124.0 622.0 126.0 620.0 144.0 563.0 142.0 text 0
409.0 137.0 468.0 137.0 467.0 154.0 408.0 154.0 text 0
465.0 141.0 486.0 141.0 486.0 154.0 465.0 154.0 text 0
424.0 160.0 447.0 160.0 447.0 170.0 424.0 170.0 text 0
448.0 160.0 469.0 160.0 470.0 169.0 448.0 169.0 text 0
471.0 160.0 517.0 160.0 517.0 169.0 471.0 169.0 text 0
519.0 159.0 544.0 160.0 544.0 170.0 519.0 169.0 text 0
434.0 175.0 452.0 173.0 453.0 183.0 435.0 185.0 text 0
453.0 173.0 488.0 171.0 488.0 181.0 453.0 182.0 text 0
569.0 168.0 629.0 170.0 629.0 181.0 569.0 178.0 text 0
