1067.0 33.0 1155.0 4.0 1165.0 43.0 1077.0 72.0 text 0
1115.0 50.0 1251.0 6.0 1263.0 63.0 1127.0 106.0 text 0
1067.0 83.0 1261.0 43.0 1273.0 137.0 1079.0 177.0 text 0
1140.0 148.0 1256.0 133.0 1269.0 202.0 1153.0 217.0 text 0
1089.0 196.0 1272.0 176.0 1276.0 256.0 1092.0 276.0 text 0
1129.0 234.0 1270.0 230.0 1273.0 291.0 1132.0 295.0 text 0
1180.0 284.0 1275.0 278.0 1275.0 337.0 1180.0 343.0 text 0
588.0 93.0 677.0 77.0 683.0 101.0 595.0 116.0 text 0
72.0 260.0 183.0 226.0 188.0 246.0 77.0 280.0 text 0
92.0 277.0 170.0 251.0 173.0 261.0 96.0 287.0 text 0
