465.0 504.0 573.0 493.0 576.0 561.0 467.0 572.0 text 0
1196.0 225.0 1236.0 221.0 1237.0 242.0 1197.0 246.0 text 0
1181.0 250.0 1252.0 243.0 1256.0 267.0 1185.0 274.0 text 0
1195.0 267.0 1258.0 264.0 1257.0 291.0 1193.0 294.0 text 0
1182.0 372.0 1246.0 365.0 1247.0 394.0 1183.0 401.0 text 0
1187.0 401.0 1229.0 394.0 1230.0 423.0 1188.0 430.0 text 0
1226.0 394.0 1249.0 393.0 1249.0 417.0 1226.0 418.0 text 0
809.0 162.0 846.0 157.0 848.0 178.0 811.0 183.0 text 0
926.0 290.0 961.0 283.0 963.0 313.0 928.0 320.0 text 0
929.0 318.0 966.0 312.0 970.0 342.0 933.0 348.0 text 0
