645.0 101.0 775.0 18.0 779.0 85.0 649.0 167.0 text 0
661.0 348.0 737.0 352.0 736.0 368.0 660.0 365.0 text 0
463.0 338.0 503.0 340.0 503.0 347.0 463.0 346.0 text 0
326.0 209.0 384.0 213.0 383.0 226.0 325.0 222.0 text 0
304.0 226.0 325.0 229.0 326.0 240.0 304.0 238.0 text 0
325.0 227.0 383.0 233.0 381.0 245.0 324.0 239.0 text 0
386.0 213.0 410.0 216.0 408.0 228.0 384.0 226.0 text 0
382.0 233.0 409.0 236.0 408.0 246.0 381.0 244.0 text 0
423.0 216.0 440.0 218.0 440.0 231.0 423.0 229.0 text 0
419.0 234.0 436.0 236.0 437.0 249.0 420.0 247.0 text 0
468.0 243.0 483.0 242.0 482.0 253.0 467.0 254.0 text 0
78.0 315.0 114.0 317.0 113.0 329.0 77.0 328.0 text 0
271.0 271.0 341.0 271.0 336.0 285.0 267.0 285.0 text 0
