1040.0 117.0 1092.0 114.0 1096.0 143.0 1043.0 146.0 text 0
671.0 176.0 700.0 174.0 698.0 195.0 669.0 197.0 text 0
742.0 170.0 813.0 165.0 817.0 183.0 746.0 187.0 text 0
826.0 165.0 895.0 161.0 897.0 182.0 828.0 186.0 text 0
895.0 160.0 950.0 160.0 950.0 181.0 895.0 181.0 text 0
948.0 161.0 1012.0 157.0 1013.0 176.0 949.0 180.0 text 0
638.0 257.0 681.0 265.0 682.0 282.0 639.0 274.0 text 0
735.0 305.0 768.0 303.0 769.0 310.0 736.0 313.0 text 0
588.0 340.0 606.0 339.0 605.0 358.0 587.0 359.0 text 0
587.0 358.0 605.0 356.0 605.0 369.0 587.0 371.0 text 0
221.0 330.0 319.0 325.0 321.0 347.0 223.0 353.0 text 0
233.0 295.0 340.0 290.0 343.0 307.0 237.0 311.0 text 0
230.0 369.0 305.0 367.0 303.0 386.0 229.0 388.0 text 0
