31.0 374.0 270.0 351.0 277.0 400.0 38.0 423.0 text 0
88.0 420.0 218.0 406.0 216.0 432.0 86.0 445.0 text 0
721.0 82.0 781.0 51.0 786.0 90.0 726.0 121.0 text 0
371.0 104.0 440.0 103.0 439.0 125.0 370.0 126.0 text 0
442.0 104.0 471.0 104.0 472.0 122.0 443.0 122.0 text 0
475.0 107.0 523.0 103.0 522.0 120.0 473.0 123.0 text 0
559.0 105.0 608.0 101.0 609.0 114.0 561.0 118.0 text 0
396.0 127.0 407.0 126.0 407.0 136.0 396.0 138.0 text 0
407.0 129.0 443.0 125.0 444.0 133.0 408.0 136.0 text 0
443.0 124.0 485.0 123.0 484.0 133.0 442.0 134.0 text 0
484.0 122.0 496.0 121.0 496.0 131.0 484.0 132.0 text 0
774.0 179.0 800.0 178.0 801.0 187.0 775.0 188.0 text 0
