872.0 153.0 951.0 178.0 939.0 206.0 860.0 181.0 text 0
302.0 56.0 352.0 71.0 349.0 85.0 299.0 71.0 text 0
351.0 67.0 399.0 82.0 396.0 97.0 348.0 83.0 text 0
987.0 248.0 1041.0 244.0 1039.0 261.0 985.0 265.0 text 0
1043.0 536.0 1120.0 546.0 1120.0 572.0 1043.0 562.0 text 0
1131.0 550.0 1212.0 563.0 1208.0 588.0 1127.0 575.0 text 0
656.0 586.0 682.0 594.0 680.0 608.0 653.0 601.0 text 0
683.0 597.0 711.0 607.0 708.0 620.0 680.0 610.0 text 0
629.0 251.0 690.0 256.0 687.0 274.0 626.0 268.0 text 0
688.0 257.0 719.0 261.0 717.0 277.0 686.0 274.0 text 0
