398.0 335.0 498.0 332.0 499.0 346.0 400.0 349.0 text 0
320.0 339.0 395.0 337.0 398.0 350.0 322.0 352.0 text 0
359.0 312.0 412.0 309.0 416.0 326.0 363.0 329.0 text 0
424.0 309.0 513.0 304.0 516.0 321.0 427.0 326.0 text 0
300.0 339.0 318.0 338.0 319.0 351.0 302.0 353.0 text 0
292.0 317.0 352.0 313.0 355.0 329.0 295.0 333.0 text 0
281.0 281.0 502.0 266.0 510.0 299.0 289.0 314.0 text 0
501.0 331.0 515.0 330.0 518.0 346.0 504.0 347.0 text 0
567.0 234.0 621.0 229.0 623.0 244.0 569.0 249.0 text 0
567.0 253.0 620.0 250.0 623.0 265.0 570.0 268.0 text 0
419.0 27.0 457.0 21.0 462.0 34.0 425.0 40.0 text 0
11.0 52.0 180.0 6.0 197.0 34.0 28.0 80.0 text 0
939.0 255.0 980.0 254.0 981.0 262.0 939.0 264.0 text 0
280.0 271.0 312.0 271.0 312.0 277.0 281.0 279.0 text 0
405.0 262.0 422.0 261.0 423.0 269.0 406.0 271.0 text 0
315.0 269.0 337.0 267.0 339.0 275.0 316.0 277.0 text 0
341.0 267.0 401.0 263.0 402.0 270.0 341.0 274.0 text 0
428.0 260.0 500.0 255.0 502.0 263.0 429.0 268.0 text 0
327.0 353.0 491.0 347.0 492.0 353.0 328.0 361.0 text 0
422.0 43.0 476.0 32.0 481.0 40.0 443.0 49.0 text 0
