232.0 489.0 249.0 471.0 252.0 487.0 236.0 504.0 text 0
298.0 236.0 346.0 234.0 346.0 246.0 298.0 247.0 text 0
548.0 267.0 600.0 264.0 601.0 282.0 549.0 285.0 text 0
639.0 206.0 715.0 206.0 713.0 220.0 638.0 220.0 text 0
461.0 234.0 512.0 230.0 509.0 242.0 458.0 247.0 text 0
862.0 47.0 900.0 21.0 900.0 58.0 862.0 85.0 text 0
800.0 92.0 855.0 54.0 860.0 88.0 803.0 125.0 text 0
310.0 69.0 330.0 68.0 330.0 96.0 310.0 97.0 text 0
310.0 486.0 351.0 475.0 355.0 486.0 314.0 496.0 text 0
801.0 223.0 847.0 226.0 849.0 239.0 804.0 237.0 text 0
908.0 12.0 924.0 0.0 967.0 2.0 913.0 44.0 text 0
0.0 248.0 25.0 249.0 24.0 260.0 0.0 259.0 text 0
711.0 213.0 761.0 211.0 763.0 219.0 713.0 221.0 text 0
