536.0 510.0 630.0 515.0 630.0 542.0 536.0 536.0 text 0
630.0 515.0 660.0 516.0 660.0 542.0 630.0 541.0 text 0
668.0 512.0 758.0 518.0 755.0 550.0 665.0 543.0 text 0
580.0 547.0 703.0 553.0 699.0 582.0 576.0 576.0 text 0
530.0 593.0 587.0 594.0 585.0 613.0 528.0 612.0 text 0
586.0 597.0 626.0 597.0 626.0 613.0 586.0 613.0 text 0
623.0 598.0 660.0 597.0 660.0 614.0 623.0 615.0 text 0
521.0 664.0 583.0 664.0 581.0 684.0 519.0 684.0 text 0
582.0 663.0 609.0 663.0 608.0 683.0 581.0 683.0 text 0
546.0 617.0 735.0 622.0 731.0 660.0 542.0 655.0 text 0
541.0 688.0 753.0 691.0 751.0 708.0 539.0 706.0 text 0
