325.0 224.0 377.0 220.0 374.0 244.0 322.0 248.0 text 0
712.0 208.0 736.0 207.0 736.0 218.0 712.0 219.0 text 0
638.0 198.0 672.0 194.0 673.0 211.0 639.0 215.0 text 0
671.0 196.0 735.0 192.0 733.0 208.0 670.0 213.0 text 0
639.0 212.0 689.0 209.0 690.0 222.0 640.0 225.0 text 0
689.0 212.0 713.0 209.0 712.0 216.0 688.0 219.0 text 0
1047.0 314.0 1152.0 310.0 1151.0 323.0 1046.0 327.0 text 0
1041.0 266.0 1148.0 265.0 1150.0 312.0 1043.0 313.0 text 0
259.0 267.0 285.0 264.0 285.0 283.0 259.0 286.0 text 0
762.0 235.0 825.0 231.0 825.0 243.0 762.0 247.0 text 0
318.0 603.0 371.0 611.0 370.0 634.0 317.0 626.0 text 0
592.0 248.0 622.0 250.0 620.0 269.0 590.0 267.0 text 0
142.0 2.0 213.0 25.0 210.0 93.0 138.0 70.0 text 0
220.0 23.0 333.0 91.0 330.0 168.0 217.0 100.0 text 0
