928.0 81.0 955.0 81.0 955.0 94.0 928.0 95.0 text 0
665.0 84.0 705.0 82.0 707.0 94.0 665.0 95.0 text 0
1147.0 169.0 1188.0 169.0 1188.0 192.0 1147.0 192.0 text 0
1187.0 167.0 1254.0 165.0 1256.0 190.0 1189.0 192.0 text 0
1138.0 219.0 1221.0 213.0 1225.0 232.0 1139.0 237.0 text 0
292.0 91.0 342.0 89.0 343.0 103.0 293.0 105.0 text 0
344.0 88.0 373.0 89.0 373.0 101.0 344.0 100.0 text 0
374.0 88.0 458.0 87.0 458.0 101.0 375.0 101.0 text 0
1108.0 168.0 1147.0 168.0 1149.0 193.0 1110.0 193.0 text 0
459.0 88.0 499.0 87.0 499.0 98.0 459.0 99.0 text 0
1083.0 87.0 1167.0 86.0 1169.0 106.0 1085.0 107.0 text 0
500.0 88.0 522.0 87.0 522.0 99.0 501.0 100.0 text 0
524.0 86.0 541.0 85.0 542.0 97.0 524.0 98.0 text 0
542.0 87.0 591.0 86.0 592.0 97.0 544.0 98.0 text 0
593.0 86.0 638.0 85.0 637.0 96.0 593.0 97.0 text 0
640.0 85.0 663.0 84.0 664.0 95.0 640.0 96.0 text 0
333.0 103.0 668.0 96.0 669.0 106.0 334.0 113.0 text 0
1225.0 215.0 1256.0 214.0 1256.0 231.0 1225.0 232.0 text 0
1259.0 167.0 1279.0 167.0 1279.0 188.0 1259.0 188.0 text 0
1260.0 215.0 1277.0 219.0 1278.0 233.0 1261.0 229.0 text 0
223.0 128.0 533.0 118.0 529.0 133.0 219.0 142.0 text 0
594.0 117.0 915.0 110.0 908.0 121.0 586.0 128.0 text 0
317.0 282.0 373.0 282.0 376.0 297.0 320.0 297.0 text 0
394.0 270.0 451.0 270.0 452.0 289.0 395.0 289.0 text 0
404.0 314.0 446.0 310.0 445.0 324.0 403.0 328.0 text 0
466.0 320.0 507.0 320.0 509.0 333.0 468.0 333.0 text 0
383.0 146.0 514.0 147.0 516.0 181.0 385.0 180.0 text 0
553.0 148.0 646.0 144.0 647.0 175.0 554.0 179.0 text 0
847.0 306.0 886.0 305.0 885.0 327.0 846.0 328.0 text 0
631.0 181.0 770.0 176.0 773.0 191.0 634.0 196.0 text 0
476.0 185.0 550.0 183.0 542.0 197.0 467.0 199.0 text 0
549.0 213.0 595.0 210.0 603.0 262.0 557.0 265.0 text 0
