1001.0 249.0 1062.0 255.0 1062.0 276.0 1001.0 270.0 text 0
980.0 37.0 1041.0 27.0 1042.0 53.0 981.0 63.0 text 0
981.0 80.0 1074.0 75.0 1078.0 130.0 985.0 134.0 text 0
994.0 185.0 1055.0 182.0 1056.0 205.0 994.0 202.0 text 0
1000.0 217.0 1060.0 219.0 1060.0 241.0 999.0 238.0 text 0
1043.0 26.0 1115.0 16.0 1115.0 43.0 1044.0 53.0 text 0
1058.0 187.0 1077.0 187.0 1077.0 206.0 1059.0 206.0 text 0
1060.0 223.0 1081.0 226.0 1083.0 242.0 1062.0 240.0 text 0
1079.0 181.0 1106.0 184.0 1107.0 207.0 1080.0 204.0 text 0
1082.0 222.0 1112.0 225.0 1112.0 244.0 1082.0 241.0 text 0
98.0 2.0 144.0 1.0 147.0 19.0 102.0 23.0 text 0
