243.0 1.0 331.0 62.0 327.0 105.0 173.0 0.0 text 0
331.0 71.0 396.0 111.0 392.0 149.0 327.0 109.0 text 0
435.0 291.0 484.0 292.0 482.0 318.0 433.0 317.0 text 0
440.0 320.0 465.0 320.0 464.0 342.0 439.0 342.0 text 0
23.0 262.0 87.0 265.0 88.0 299.0 22.0 298.0 text 0
901.0 505.0 982.0 581.0 975.0 665.0 894.0 589.0 text 0
781.0 170.0 822.0 141.0 823.0 186.0 782.0 215.0 text 0
932.0 19.0 958.0 1.0 1044.0 2.0 943.0 82.0 text 0
487.0 183.0 530.0 215.0 531.0 235.0 488.0 204.0 text 0
834.0 502.0 875.0 554.0 873.0 605.0 832.0 553.0 text 0
