1172.0 168.0 1192.0 166.0 1194.0 199.0 1174.0 201.0 text 0
1230.0 119.0 1277.0 110.0 1278.0 153.0 1231.0 162.0 text 0
672.0 167.0 687.0 162.0 687.0 179.0 672.0 184.0 text 0
683.0 161.0 707.0 162.0 705.0 182.0 681.0 181.0 text 0
711.0 160.0 791.0 161.0 791.0 186.0 711.0 185.0 text 0
674.0 184.0 691.0 181.0 690.0 197.0 673.0 200.0 text 0
917.0 11.0 1012.0 13.0 1012.0 49.0 917.0 47.0 text 0
789.0 10.0 913.0 9.0 916.0 47.0 792.0 48.0 text 0
675.0 213.0 698.0 211.0 699.0 228.0 676.0 229.0 text 0
671.0 195.0 792.0 198.0 793.0 214.0 672.0 211.0 text 0
1123.0 216.0 1170.0 216.0 1167.0 238.0 1120.0 238.0 text 0
1172.0 216.0 1227.0 215.0 1228.0 237.0 1173.0 238.0 text 0
1050.0 174.0 1083.0 164.0 1085.0 206.0 1052.0 216.0 text 0
699.0 213.0 736.0 213.0 738.0 224.0 700.0 225.0 text 0
739.0 210.0 793.0 211.0 793.0 225.0 739.0 224.0 text 0
694.0 183.0 736.0 184.0 736.0 197.0 694.0 196.0 text 0
738.0 183.0 792.0 185.0 793.0 197.0 739.0 195.0 text 0
884.0 185.0 922.0 182.0 924.0 197.0 885.0 201.0 text 0
878.0 114.0 931.0 114.0 936.0 134.0 882.0 134.0 text 0
1.0 27.0 53.0 48.0 52.0 95.0 0.0 74.0 text 0
316.0 171.0 358.0 190.0 360.0 228.0 318.0 209.0 text 0
1120.0 114.0 1267.0 77.0 1277.0 104.0 1130.0 141.0 text 0
