187.0 45.0 241.0 61.0 241.0 83.0 187.0 67.0 text 0
188.0 69.0 240.0 85.0 236.0 105.0 184.0 89.0 text 0
246.0 60.0 349.0 94.0 349.0 144.0 246.0 110.0 text 0
359.0 114.0 429.0 136.0 430.0 173.0 360.0 151.0 text 0
431.0 148.0 456.0 154.0 460.0 171.0 435.0 165.0 text 0
432.0 161.0 461.0 169.0 460.0 186.0 431.0 178.0 text 0
185.0 333.0 200.0 333.0 199.0 361.0 184.0 361.0 text 0
249.0 258.0 290.0 258.0 291.0 273.0 250.0 273.0 text 0
681.0 143.0 705.0 141.0 704.0 155.0 680.0 157.0 text 0
803.0 143.0 896.0 127.0 899.0 171.0 806.0 187.0 text 0
340.0 238.0 358.0 240.0 365.0 445.0 347.0 443.0 text 0
415.0 207.0 613.0 195.0 613.0 220.0 415.0 232.0 text 0
894.0 204.0 968.0 196.0 967.0 209.0 893.0 217.0 text 0
933.0 191.0 985.0 186.0 986.0 199.0 934.0 204.0 text 0
1024.0 170.0 1098.0 165.0 1101.0 188.0 1027.0 193.0 text 0
827.0 223.0 878.0 221.0 882.0 231.0 831.0 233.0 text 0
82.0 205.0 172.0 199.0 173.0 231.0 83.0 237.0 text 0
389.0 290.0 423.0 288.0 424.0 305.0 390.0 307.0 text 0
