660.0 307.0 693.0 304.0 695.0 316.0 662.0 319.0 text 0
105.0 245.0 142.0 254.0 141.0 272.0 104.0 263.0 text 0
110.0 277.0 154.0 287.0 149.0 321.0 105.0 311.0 text 0
280.0 314.0 325.0 312.0 322.0 337.0 277.0 339.0 text 0
321.0 374.0 351.0 372.0 350.0 394.0 320.0 396.0 text 0
1053.0 309.0 1079.0 306.0 1096.0 418.0 1070.0 421.0 text 0
1126.0 270.0 1152.0 266.0 1155.0 285.0 1129.0 289.0 text 0
599.0 310.0 632.0 309.0 632.0 319.0 599.0 320.0 text 0
93.0 261.0 155.0 275.0 153.0 286.0 91.0 272.0 text 0
589.0 319.0 645.0 316.0 644.0 328.0 588.0 331.0 text 0
649.0 318.0 708.0 313.0 709.0 324.0 650.0 329.0 text 0
586.0 328.0 647.0 324.0 647.0 344.0 586.0 348.0 text 0
645.0 323.0 708.0 320.0 710.0 344.0 647.0 347.0 text 0
1005.0 340.0 1044.0 338.0 1047.0 355.0 1008.0 357.0 text 0
980.0 584.0 1001.0 598.0 1001.0 624.0 980.0 610.0 text 0
982.0 610.0 1006.0 626.0 1004.0 652.0 980.0 636.0 text 0
