899.0 318.0 972.0 318.0 969.0 338.0 896.0 338.0 text 0
886.0 445.0 924.0 446.0 923.0 471.0 885.0 470.0 text 0
960.0 448.0 1015.0 452.0 1014.0 477.0 959.0 473.0 text 0
899.0 515.0 993.0 522.0 989.0 543.0 895.0 536.0 text 0
963.0 665.0 995.0 671.0 993.0 693.0 961.0 687.0 text 0
414.0 340.0 476.0 346.0 477.0 364.0 415.0 358.0 text 0
404.0 474.0 470.0 482.0 471.0 506.0 405.0 498.0 text 0
594.0 297.0 705.0 301.0 703.0 344.0 592.0 340.0 text 0
876.0 449.0 887.0 448.0 888.0 461.0 877.0 462.0 text 0
948.0 454.0 958.0 455.0 959.0 467.0 949.0 466.0 text 0
