647.0 186.0 713.0 181.0 717.0 226.0 650.0 232.0 text 0
659.0 234.0 708.0 231.0 706.0 253.0 657.0 256.0 text 0
652.0 293.0 732.0 303.0 731.0 325.0 651.0 315.0 text 0
647.0 263.0 730.0 267.0 729.0 283.0 646.0 278.0 text 0
550.0 146.0 586.0 134.0 587.0 168.0 551.0 181.0 text 0
588.0 136.0 605.0 130.0 605.0 158.0 588.0 165.0 text 0
601.0 134.0 642.0 123.0 647.0 151.0 606.0 162.0 text 0
563.0 176.0 623.0 161.0 623.0 181.0 563.0 196.0 text 0
569.0 197.0 622.0 185.0 624.0 373.0 573.0 356.0 text 0
1169.0 207.0 1266.0 198.0 1274.0 310.0 1176.0 306.0 text 0
671.0 167.0 687.0 166.0 688.0 181.0 672.0 182.0 text 0
1175.0 13.0 1226.0 1.0 1236.0 22.0 1176.0 39.0 text 0
