476.0 174.0 517.0 173.0 516.0 188.0 475.0 190.0 text 0
325.0 134.0 395.0 132.0 395.0 164.0 325.0 166.0 text 0
1066.0 136.0 1090.0 136.0 1090.0 155.0 1066.0 155.0 text 0
745.0 502.0 812.0 531.0 808.0 545.0 742.0 516.0 text 0
8.0 190.0 58.0 192.0 57.0 204.0 7.0 202.0 text 0
593.0 121.0 635.0 121.0 635.0 140.0 593.0 140.0 text 0
70.0 98.0 100.0 100.0 98.0 113.0 68.0 112.0 text 0
677.0 184.0 726.0 183.0 726.0 191.0 677.0 192.0 text 0
327.0 165.0 391.0 164.0 391.0 172.0 327.0 173.0 text 0
377.0 184.0 413.0 184.0 414.0 195.0 378.0 195.0 text 0
2.0 206.0 47.0 205.0 48.0 218.0 3.0 220.0 text 0
12.0 315.0 55.0 313.0 56.0 332.0 13.0 334.0 text 0
294.0 168.0 325.0 168.0 325.0 180.0 294.0 180.0 text 0
