540.0 225.0 658.0 284.0 642.0 324.0 524.0 265.0 text 0
675.0 287.0 777.0 340.0 754.0 380.0 652.0 327.0 text 0
181.0 54.0 269.0 97.0 260.0 130.0 172.0 86.0 text 0
273.0 98.0 309.0 117.0 297.0 148.0 262.0 129.0 text 0
309.0 115.0 400.0 160.0 390.0 195.0 299.0 150.0 text 0
147.0 39.0 181.0 55.0 171.0 84.0 137.0 68.0 text 0
399.0 159.0 535.0 224.0 524.0 262.0 388.0 197.0 text 0
86.0 7.0 145.0 38.0 135.0 68.0 76.0 37.0 text 0
780.0 339.0 985.0 445.0 967.0 493.0 762.0 387.0 text 0
998.0 441.0 1203.0 545.0 1181.0 599.0 977.0 495.0 text 0
200.0 463.0 231.0 492.0 222.0 519.0 190.0 490.0 text 0
233.0 493.0 319.0 569.0 305.0 593.0 219.0 518.0 text 0
319.0 567.0 441.0 671.0 427.0 700.0 304.0 595.0 text 0
199.0 508.0 386.0 685.0 370.0 712.0 182.0 535.0 text 0
19.0 293.0 108.0 376.0 95.0 449.0 6.0 366.0 text 0
