120.0 408.0 163.0 397.0 164.0 407.0 121.0 418.0 text 0
73.0 190.0 139.0 189.0 140.0 215.0 75.0 216.0 text 0
92.0 263.0 102.0 263.0 102.0 272.0 93.0 272.0 text 0
142.0 464.0 167.0 455.0 168.0 470.0 144.0 479.0 text 0
128.0 380.0 161.0 371.0 161.0 382.0 128.0 390.0 text 0
66.0 264.0 91.0 263.0 91.0 280.0 66.0 281.0 text 0
123.0 428.0 215.0 396.0 219.0 437.0 127.0 469.0 text 0
224.0 397.0 309.0 373.0 311.0 408.0 225.0 432.0 text 0
311.0 375.0 372.0 363.0 378.0 395.0 317.0 407.0 text 0
381.0 361.0 463.0 349.0 466.0 378.0 384.0 391.0 text 0
470.0 347.0 582.0 334.0 585.0 363.0 473.0 375.0 text 0
