302.0 65.0 463.0 54.0 468.0 77.0 307.0 88.0 text 0
468.0 55.0 571.0 60.0 569.0 80.0 466.0 75.0 text 0
400.0 226.0 482.0 222.0 480.0 246.0 398.0 251.0 text 0
488.0 223.0 519.0 221.0 516.0 242.0 485.0 244.0 text 0
523.0 225.0 576.0 224.0 575.0 242.0 522.0 243.0 text 0
430.0 245.0 443.0 244.0 442.0 258.0 429.0 260.0 text 0
443.0 245.0 486.0 242.0 485.0 257.0 442.0 261.0 text 0
488.0 246.0 532.0 245.0 531.0 255.0 487.0 256.0 text 0
535.0 244.0 550.0 243.0 548.0 254.0 532.0 255.0 text 0
613.0 230.0 657.0 231.0 657.0 245.0 613.0 244.0 text 0
470.0 260.0 594.0 258.0 593.0 270.0 469.0 272.0 text 0
481.0 270.0 551.0 269.0 552.0 278.0 482.0 279.0 text 0
778.0 240.0 841.0 203.0 844.0 229.0 781.0 266.0 text 0
2.0 298.0 49.0 302.0 47.0 323.0 0.0 319.0 text 0
