89.0 97.0 179.0 115.0 181.0 153.0 91.0 135.0 text 0
99.0 137.0 192.0 148.0 194.0 188.0 101.0 177.0 text 0
187.0 154.0 234.0 159.0 239.0 192.0 191.0 188.0 text 0
123.0 189.0 195.0 183.0 200.0 229.0 129.0 235.0 text 0
193.0 188.0 251.0 189.0 259.0 230.0 200.0 229.0 text 0
8.0 121.0 91.0 140.0 90.0 170.0 7.0 152.0 text 0
416.0 157.0 447.0 163.0 448.0 199.0 417.0 193.0 text 0
307.0 189.0 396.0 206.0 400.0 260.0 311.0 243.0 text 0
1053.0 127.0 1118.0 115.0 1121.0 140.0 1057.0 152.0 text 0
1150.0 83.0 1223.0 70.0 1224.0 90.0 1151.0 104.0 text 0
