167.0 85.0 221.0 88.0 222.0 113.0 168.0 110.0 text 0
47.0 196.0 364.0 173.0 371.0 225.0 54.0 248.0 text 0
14.0 492.0 106.0 465.0 114.0 507.0 22.0 534.0 text 0
60.0 255.0 366.0 225.0 370.0 246.0 63.0 276.0 text 0
72.0 411.0 128.0 398.0 133.0 421.0 76.0 433.0 text 0
131.0 57.0 202.0 60.0 203.0 85.0 132.0 83.0 text 0
462.0 90.0 545.0 90.0 547.0 115.0 464.0 115.0 text 0
198.0 58.0 248.0 60.0 252.0 84.0 202.0 83.0 text 0
85.0 313.0 150.0 303.0 155.0 330.0 91.0 340.0 text 0
117.0 560.0 182.0 535.0 192.0 606.0 127.0 631.0 text 0
128.0 633.0 196.0 602.0 208.0 671.0 141.0 702.0 text 0
6.0 360.0 134.0 333.0 138.0 396.0 9.0 423.0 text 0
3.0 425.0 75.0 408.0 75.0 438.0 3.0 454.0 text 0
2.0 625.0 90.0 590.0 90.0 654.0 2.0 689.0 text 0
