386.0 303.0 421.0 301.0 423.0 316.0 388.0 318.0 text 0
391.0 322.0 421.0 318.0 423.0 338.0 393.0 342.0 text 0
482.0 568.0 504.0 575.0 502.0 600.0 480.0 593.0 text 0
511.0 576.0 550.0 586.0 541.0 608.0 502.0 598.0 text 0
564.0 536.0 601.0 547.0 597.0 570.0 561.0 558.0 text 0
484.0 518.0 564.0 534.0 563.0 557.0 483.0 542.0 text 0
347.0 534.0 382.0 536.0 382.0 548.0 347.0 546.0 text 0
550.0 584.0 598.0 598.0 594.0 627.0 545.0 613.0 text 0
346.0 546.0 390.0 548.0 390.0 563.0 346.0 561.0 text 0
347.0 562.0 366.0 564.0 366.0 585.0 347.0 583.0 text 0
366.0 567.0 392.0 568.0 393.0 584.0 367.0 583.0 text 0
361.0 588.0 395.0 585.0 396.0 607.0 362.0 610.0 text 0
335.0 674.0 381.0 662.0 381.0 674.0 335.0 686.0 text 0
342.0 657.0 377.0 650.0 376.0 663.0 341.0 671.0 text 0
351.0 687.0 377.0 682.0 376.0 696.0 350.0 702.0 text 0
497.0 546.0 586.0 568.0 586.0 593.0 497.0 571.0 text 0
333.0 690.0 348.0 685.0 348.0 706.0 333.0 711.0 text 0
837.0 470.0 890.0 493.0 884.0 508.0 832.0 485.0 text 0
820.0 480.0 898.0 515.0 891.0 534.0 812.0 498.0 text 0
811.0 501.0 850.0 517.0 842.0 540.0 803.0 523.0 text 0
856.0 518.0 893.0 534.0 880.0 556.0 843.0 541.0 text 0
718.0 157.0 768.0 160.0 767.0 184.0 717.0 182.0 text 0
716.0 185.0 768.0 186.0 768.0 216.0 716.0 215.0 text 0
716.0 217.0 767.0 221.0 768.0 251.0 717.0 247.0 text 0
660.0 53.0 728.0 50.0 726.0 75.0 657.0 78.0 text 0
661.0 78.0 726.0 75.0 724.0 102.0 658.0 105.0 text 0
336.0 307.0 372.0 330.0 368.0 344.0 333.0 322.0 text 0
341.0 326.0 362.0 340.0 354.0 361.0 333.0 347.0 text 0
337.0 354.0 360.0 367.0 350.0 394.0 327.0 381.0 text 0
730.0 547.0 749.0 567.0 734.0 580.0 715.0 560.0 text 0
382.0 277.0 423.0 273.0 423.0 285.0 382.0 289.0 text 0
389.0 287.0 420.0 285.0 419.0 298.0 389.0 301.0 text 0
