698.0 577.0 755.0 591.0 753.0 604.0 696.0 591.0 text 0
722.0 600.0 752.0 605.0 747.0 618.0 717.0 613.0 text 0
604.0 105.0 652.0 127.0 651.0 160.0 603.0 137.0 text 0
651.0 131.0 696.0 150.0 694.0 178.0 648.0 160.0 text 0
542.0 275.0 583.0 271.0 584.0 285.0 543.0 290.0 text 0
558.0 87.0 601.0 103.0 601.0 135.0 558.0 120.0 text 0
552.0 288.0 605.0 285.0 604.0 302.0 551.0 305.0 text 0
557.0 335.0 596.0 334.0 596.0 343.0 557.0 344.0 text 0
560.0 307.0 598.0 305.0 598.0 320.0 560.0 322.0 text 0
557.0 322.0 582.0 322.0 580.0 332.0 555.0 332.0 text 0
596.0 357.0 638.0 358.0 637.0 376.0 595.0 375.0 text 0
601.0 377.0 636.0 377.0 634.0 401.0 598.0 401.0 text 0
605.0 404.0 642.0 403.0 638.0 425.0 602.0 426.0 text 0
965.0 236.0 1035.0 233.0 1040.0 253.0 970.0 256.0 text 0
580.0 586.0 601.0 586.0 597.0 604.0 576.0 604.0 text 0
532.0 604.0 594.0 605.0 593.0 623.0 531.0 622.0 text 0
522.0 625.0 536.0 625.0 534.0 644.0 520.0 644.0 text 0
521.0 587.0 577.0 588.0 576.0 605.0 520.0 604.0 text 0
536.0 623.0 564.0 623.0 562.0 645.0 534.0 645.0 text 0
710.0 567.0 744.0 575.0 742.0 587.0 707.0 580.0 text 0
564.0 624.0 601.0 623.0 600.0 644.0 563.0 645.0 text 0
695.0 593.0 705.0 595.0 702.0 608.0 692.0 606.0 text 0
702.0 595.0 724.0 600.0 720.0 614.0 697.0 609.0 text 0
892.0 244.0 967.0 238.0 966.0 261.0 891.0 266.0 text 0
255.0 200.0 286.0 200.0 286.0 297.0 255.0 297.0 text 0
1114.0 155.0 1161.0 125.0 1164.0 158.0 1117.0 188.0 text 0
1173.0 112.0 1253.0 62.0 1263.0 93.0 1183.0 143.0 text 0
404.0 505.0 418.0 510.0 413.0 530.0 401.0 530.0 text 0
396.0 503.0 404.0 503.0 403.0 514.0 398.0 517.0 text 0
404.0 470.0 429.0 477.0 429.0 490.0 398.0 482.0 text 0
194.0 625.0 255.0 600.0 258.0 641.0 205.0 660.0 text 0
426.0 621.0 447.0 618.0 450.0 629.0 425.0 632.0 text 0
659.0 595.0 684.0 604.0 678.0 612.0 654.0 602.0 text 0
557.0 427.0 586.0 424.0 584.0 438.0 556.0 438.0 text 0
403.0 482.0 425.0 488.0 422.0 499.0 400.0 493.0 text 0
402.0 493.0 418.0 499.0 417.0 509.0 400.0 503.0 text 0
585.0 425.0 604.0 427.0 603.0 440.0 585.0 438.0 text 0
566.0 438.0 601.0 440.0 601.0 456.0 566.0 454.0 text 0
423.0 631.0 455.0 626.0 455.0 635.0 423.0 640.0 text 0
423.0 641.0 455.0 638.0 458.0 650.0 426.0 653.0 text 0
219.0 664.0 234.0 658.0 236.0 706.0 221.0 712.0 text 0
205.0 669.0 219.0 665.0 220.0 692.0 206.0 696.0 text 0
659.0 601.0 675.0 610.0 672.0 617.0 656.0 608.0 text 0
653.0 606.0 671.0 616.0 666.0 628.0 649.0 618.0 text 0
651.0 619.0 668.0 629.0 660.0 642.0 642.0 631.0 text 0
395.0 2.0 448.0 2.0 460.0 127.0 407.0 127.0 text 0
460.0 44.0 501.0 61.0 504.0 150.0 462.0 133.0 text 0
505.0 37.0 551.0 51.0 551.0 162.0 505.0 147.0 text 0
