990.0 517.0 1004.0 514.0 1007.0 529.0 994.0 532.0 text 0
515.0 573.0 533.0 571.0 532.0 587.0 514.0 589.0 text 0
723.0 108.0 842.0 57.0 854.0 94.0 735.0 145.0 text 0
917.0 395.0 989.0 386.0 998.0 420.0 927.0 429.0 text 0
991.0 382.0 1021.0 377.0 1030.0 419.0 1000.0 424.0 text 0
438.0 170.0 488.0 175.0 488.0 196.0 438.0 191.0 text 0
1123.0 379.0 1177.0 368.0 1179.0 381.0 1125.0 392.0 text 0
362.0 158.0 436.0 168.0 436.0 191.0 362.0 180.0 text 0
696.0 558.0 712.0 555.0 713.0 571.0 697.0 574.0 text 0
392.0 611.0 412.0 604.0 413.0 623.0 393.0 630.0 text 0
993.0 538.0 1014.0 532.0 1017.0 547.0 996.0 553.0 text 0
708.0 536.0 730.0 536.0 730.0 548.0 708.0 549.0 text 0
430.0 630.0 448.0 624.0 450.0 640.0 432.0 646.0 text 0
503.0 609.0 516.0 604.0 517.0 617.0 504.0 622.0 text 0
328.0 552.0 366.0 545.0 365.0 560.0 336.0 565.0 text 0
395.0 490.0 415.0 487.0 415.0 497.0 395.0 501.0 text 0
430.0 475.0 441.0 475.0 464.0 500.0 440.0 505.0 text 0
1128.0 362.0 1146.0 359.0 1148.0 366.0 1130.0 368.0 text 0
1113.0 364.0 1155.0 356.0 1158.0 371.0 1116.0 379.0 text 0
1136.0 389.0 1177.0 382.0 1179.0 392.0 1138.0 399.0 text 0
712.0 548.0 733.0 548.0 734.0 557.0 714.0 557.0 text 0
713.0 565.0 736.0 564.0 739.0 573.0 715.0 573.0 text 0
