990.0 198.0 1017.0 188.0 1021.0 226.0 993.0 236.0 text 0
1021.0 177.0 1063.0 164.0 1064.0 211.0 1022.0 224.0 text 0
1068.0 153.0 1145.0 127.0 1146.0 184.0 1070.0 210.0 text 0
422.0 2.0 497.0 52.0 498.0 142.0 422.0 106.0 text 0
633.0 166.0 701.0 215.0 701.0 235.0 630.0 202.0 text 0
701.0 383.0 712.0 383.0 713.0 421.0 702.0 421.0 text 0
1249.0 283.0 1256.0 283.0 1257.0 299.0 1250.0 299.0 text 0
1266.0 283.0 1275.0 283.0 1276.0 296.0 1267.0 296.0 text 0
1257.0 287.0 1268.0 286.0 1268.0 296.0 1257.0 296.0 text 0
294.0 1.0 421.0 0.0 420.0 80.0 296.0 11.0 text 0
