537.0 20.0 678.0 14.0 678.0 45.0 537.0 51.0 text 0
538.0 49.0 604.0 48.0 604.0 72.0 538.0 73.0 text 0
610.0 43.0 638.0 42.0 638.0 72.0 610.0 73.0 text 0
539.0 76.0 577.0 77.0 577.0 102.0 539.0 102.0 text 0
583.0 74.0 645.0 74.0 646.0 102.0 584.0 102.0 text 0
700.0 460.0 716.0 462.0 715.0 485.0 699.0 483.0 text 0
699.0 488.0 714.0 490.0 713.0 515.0 698.0 513.0 text 0
699.0 519.0 714.0 522.0 715.0 543.0 700.0 540.0 text 0
751.0 76.0 812.0 72.0 809.0 97.0 751.0 101.0 text 0
820.0 66.0 885.0 66.0 884.0 96.0 820.0 97.0 text 0
897.0 71.0 956.0 71.0 956.0 97.0 898.0 97.0 text 0
733.0 64.0 762.0 53.0 765.0 61.0 737.0 72.0 text 0
817.0 111.0 878.0 112.0 878.0 119.0 817.0 119.0 text 0
970.0 66.0 1017.0 64.0 1017.0 95.0 970.0 95.0 text 0
800.0 12.0 838.0 4.0 885.0 4.0 802.0 27.0 text 0
945.0 3.0 989.0 3.0 986.0 20.0 946.0 22.0 text 0
664.0 166.0 706.0 163.0 692.0 289.0 650.0 278.0 text 0
1050.0 264.0 1108.0 272.0 1106.0 291.0 1053.0 283.0 text 0
1087.0 297.0 1112.0 298.0 1112.0 317.0 1086.0 316.0 text 0
1021.0 291.0 1081.0 293.0 1078.0 313.0 1021.0 312.0 text 0
664.0 426.0 729.0 439.0 728.0 456.0 663.0 445.0 text 0
717.0 464.0 727.0 466.0 727.0 476.0 717.0 474.0 text 0
716.0 494.0 726.0 494.0 726.0 505.0 716.0 504.0 text 0
716.0 523.0 726.0 524.0 726.0 534.0 716.0 533.0 text 0
716.0 474.0 733.0 477.0 731.0 482.0 716.0 478.0 text 0
715.0 504.0 731.0 508.0 731.0 516.0 715.0 512.0 text 0
715.0 533.0 733.0 536.0 733.0 544.0 716.0 540.0 text 0
659.0 454.0 697.0 459.0 695.0 538.0 659.0 529.0 text 0
593.0 432.0 641.0 440.0 642.0 460.0 593.0 451.0 text 0
543.0 419.0 584.0 422.0 582.0 447.0 543.0 442.0 text 0
598.0 519.0 645.0 528.0 645.0 543.0 597.0 530.0 text 0
543.0 502.0 585.0 508.0 585.0 523.0 543.0 514.0 text 0
503.0 363.0 526.0 361.0 526.0 393.0 503.0 393.0 text 0
489.0 292.0 517.0 300.0 517.0 324.0 489.0 319.0 text 0
19.0 33.0 123.0 30.0 140.0 165.0 37.0 168.0 text 0
144.0 33.0 198.0 33.0 198.0 46.0 144.0 46.0 text 0
196.0 36.0 241.0 35.0 242.0 44.0 197.0 46.0 text 0
149.0 69.0 210.0 63.0 210.0 78.0 149.0 84.0 text 0
217.0 113.0 246.0 112.0 245.0 117.0 216.0 119.0 text 0
0.0 240.0 33.0 239.0 35.0 258.0 0.0 259.0 text 0
0.0 329.0 21.0 327.0 21.0 340.0 0.0 342.0 text 0
281.0 249.0 297.0 233.0 299.0 244.0 285.0 257.0 text 0
1008.0 130.0 1026.0 124.0 1030.0 145.0 1013.0 152.0 text 0
535.0 1.0 657.0 1.0 657.0 8.0 535.0 17.0 text 0
1058.0 1.0 1273.0 1.0 1273.0 22.0 1058.0 30.0 text 0
