5.0 70.0 148.0 56.0 149.0 98.0 5.0 112.0 text 0
477.0 168.0 505.0 165.0 512.0 195.0 484.0 198.0 text 0
350.0 183.0 384.0 175.0 386.0 197.0 352.0 204.0 text 0
304.0 212.0 340.0 207.0 342.0 226.0 306.0 232.0 text 0
340.0 206.0 393.0 197.0 396.0 218.0 344.0 226.0 text 0
304.0 191.0 345.0 184.0 348.0 203.0 307.0 210.0 text 0
416.0 178.0 442.0 175.0 447.0 207.0 421.0 210.0 text 0
368.0 267.0 383.0 261.0 396.0 292.0 381.0 298.0 text 0
357.0 271.0 367.0 267.0 376.0 288.0 366.0 293.0 text 0
382.0 258.0 402.0 250.0 410.0 272.0 391.0 280.0 text 0
534.0 121.0 590.0 108.0 598.0 149.0 542.0 162.0 text 0
535.0 195.0 592.0 191.0 599.0 239.0 542.0 242.0 text 0
809.0 103.0 841.0 97.0 842.0 109.0 810.0 116.0 text 0
