326.0 621.0 473.0 572.0 491.0 587.0 344.0 634.0 text 0
87.0 618.0 220.0 611.0 220.0 636.0 86.0 640.0 text 0
80.0 288.0 161.0 296.0 155.0 325.0 77.0 312.0 text 0
74.0 320.0 156.0 325.0 154.0 355.0 75.0 347.0 text 0
71.0 346.0 160.0 350.0 157.0 381.0 71.0 373.0 text 0
90.0 261.0 172.0 270.0 162.0 298.0 81.0 290.0 text 0
1082.0 108.0 1096.0 110.0 1096.0 133.0 1086.0 133.0 text 0
1094.0 93.0 1166.0 88.0 1176.0 145.0 1102.0 153.0 text 0
373.0 301.0 435.0 300.0 438.0 321.0 374.0 323.0 text 0
405.0 128.0 431.0 134.0 430.0 152.0 404.0 146.0 text 0
397.0 150.0 436.0 155.0 436.0 178.0 397.0 173.0 text 0
