327.0 209.0 390.0 217.0 388.0 238.0 325.0 226.0 text 0
521.0 236.0 628.0 252.0 624.0 273.0 517.0 256.0 text 0
164.0 484.0 191.0 485.0 187.0 500.0 160.0 499.0 text 0
186.0 487.0 232.0 494.0 231.0 509.0 185.0 503.0 text 0
16.0 466.0 63.0 473.0 61.0 485.0 14.0 478.0 text 0
163.0 445.0 222.0 454.0 214.0 474.0 155.0 465.0 text 0
205.0 522.0 215.0 524.0 210.0 543.0 201.0 542.0 text 0
34.0 499.0 46.0 502.0 43.0 521.0 31.0 518.0 text 0
359.0 462.0 416.0 470.0 412.0 484.0 355.0 476.0 text 0
116.0 626.0 208.0 613.0 211.0 645.0 119.0 658.0 text 0
39.0 110.0 66.0 107.0 63.0 120.0 41.0 124.0 text 0
398.0 431.0 404.0 430.0 403.0 441.0 397.0 441.0 text 0
