410.0 129.0 465.0 138.0 457.0 156.0 403.0 147.0 text 0
462.0 137.0 505.0 143.0 500.0 161.0 457.0 155.0 text 0
504.0 143.0 552.0 150.0 546.0 166.0 498.0 159.0 text 0
491.0 22.0 524.0 24.0 524.0 39.0 491.0 37.0 text 0
525.0 23.0 548.0 23.0 548.0 38.0 525.0 38.0 text 0
530.0 63.0 540.0 63.0 541.0 87.0 531.0 87.0 text 0
524.0 63.0 530.0 63.0 531.0 77.0 524.0 77.0 text 0
540.0 62.0 550.0 62.0 550.0 75.0 540.0 75.0 text 0
306.0 47.0 315.0 47.0 316.0 64.0 307.0 64.0 text 0
366.0 48.0 373.0 48.0 375.0 67.0 368.0 67.0 text 0
