291.0 554.0 313.0 544.0 315.0 560.0 293.0 570.0 text 0
210.0 427.0 318.0 393.0 324.0 423.0 217.0 457.0 text 0
421.0 429.0 491.0 400.0 496.0 419.0 426.0 448.0 text 0
436.0 440.0 485.0 421.0 489.0 435.0 440.0 454.0 text 0
515.0 470.0 550.0 457.0 555.0 469.0 520.0 483.0 text 0
210.0 387.0 293.0 366.0 300.0 409.0 218.0 429.0 text 0
220.0 458.0 258.0 446.0 270.0 492.0 233.0 504.0 text 0
269.0 444.0 309.0 429.0 322.0 472.0 282.0 487.0 text 0
259.0 459.0 280.0 451.0 285.0 472.0 263.0 479.0 text 0
459.0 177.0 480.0 172.0 482.0 190.0 460.0 195.0 text 0
454.0 199.0 492.0 189.0 498.0 211.0 459.0 221.0 text 0
220.0 573.0 289.0 547.0 298.0 583.0 229.0 610.0 text 0
308.0 533.0 374.0 507.0 385.0 542.0 319.0 569.0 text 0
211.0 526.0 259.0 505.0 264.0 525.0 217.0 546.0 text 0
257.0 505.0 322.0 480.0 328.0 502.0 262.0 527.0 text 0
328.0 483.0 342.0 474.0 347.0 494.0 332.0 503.0 text 0
255.0 531.0 353.0 493.0 361.0 511.0 263.0 550.0 text 0
782.0 260.0 808.0 256.0 809.0 269.0 783.0 271.0 text 0
781.0 270.0 815.0 265.0 816.0 276.0 782.0 280.0 text 0
783.0 280.0 813.0 276.0 814.0 288.0 783.0 291.0 text 0
785.0 289.0 817.0 287.0 819.0 299.0 787.0 301.0 text 0
819.0 147.0 844.0 144.0 847.0 169.0 822.0 172.0 text 0
395.0 262.0 427.0 257.0 436.0 275.0 402.0 282.0 text 0
417.0 468.0 520.0 425.0 523.0 439.0 418.0 481.0 text 0
445.0 253.0 485.0 246.0 490.0 264.0 457.0 271.0 text 0
396.0 523.0 508.0 468.0 515.0 491.0 404.0 541.0 text 0
