2.0 274.0 94.0 277.0 93.0 300.0 2.0 299.0 text 0
51.0 361.0 132.0 355.0 132.0 376.0 52.0 380.0 text 0
52.0 303.0 124.0 305.0 124.0 333.0 53.0 334.0 text 0
102.0 275.0 154.0 275.0 153.0 301.0 102.0 300.0 text 0
51.0 239.0 105.0 243.0 105.0 270.0 51.0 269.0 text 0
5.0 362.0 47.0 360.0 47.0 382.0 5.0 382.0 text 0
136.0 357.0 196.0 355.0 196.0 371.0 135.0 375.0 text 0
0.0 385.0 27.0 384.0 27.0 407.0 3.0 408.0 text 0
31.0 383.0 78.0 381.0 78.0 400.0 30.0 402.0 text 0
81.0 380.0 117.0 379.0 117.0 396.0 82.0 399.0 text 0
1247.0 291.0 1278.0 288.0 1279.0 315.0 1248.0 317.0 text 0
3.0 235.0 47.0 240.0 47.0 268.0 2.0 263.0 text 0
0.0 307.0 44.0 308.0 47.0 331.0 3.0 332.0 text 0
328.0 1.0 365.0 15.0 361.0 59.0 287.0 12.0 text 0
689.0 244.0 832.0 266.0 846.0 377.0 705.0 413.0 text 0
512.0 310.0 534.0 309.0 535.0 328.0 511.0 331.0 text 0
376.0 276.0 428.0 307.0 422.0 318.0 376.0 295.0 text 0
1238.0 267.0 1276.0 266.0 1277.0 290.0 1241.0 290.0 text 0
900.0 217.0 935.0 212.0 937.0 239.0 904.0 242.0 text 0
969.0 250.0 992.0 250.0 994.0 263.0 970.0 263.0 text 0
946.0 605.0 985.0 610.0 984.0 635.0 948.0 632.0 text 0
999.0 484.0 1025.0 485.0 1029.0 503.0 1000.0 502.0 text 0
713.0 436.0 843.0 393.0 854.0 500.0 725.0 611.0 text 0
