752.0 585.0 827.0 595.0 820.0 690.0 750.0 667.0 text 0
635.0 202.0 659.0 201.0 660.0 222.0 643.0 223.0 text 0
394.0 219.0 512.0 214.0 514.0 247.0 405.0 257.0 text 0
516.0 220.0 558.0 220.0 560.0 240.0 516.0 240.0 text 0
560.0 211.0 642.0 206.0 645.0 239.0 557.0 246.0 text 0
1072.0 173.0 1221.0 164.0 1220.0 195.0 1067.0 206.0 text 0
1074.0 149.0 1172.0 148.0 1171.0 165.0 1082.0 174.0 text 0
527.0 590.0 610.0 597.0 595.0 670.0 517.0 657.0 text 0
320.0 602.0 407.0 602.0 382.0 680.0 307.0 670.0 text 0
148.0 598.0 215.0 605.0 185.0 680.0 131.0 655.0 text 0
287.0 326.0 368.0 321.0 377.0 381.0 297.0 386.0 text 0
837.0 396.0 865.0 397.0 863.0 410.0 836.0 409.0 text 0
