765.0 468.0 819.0 452.0 824.0 464.0 770.0 481.0 text 0
878.0 447.0 953.0 425.0 956.0 463.0 882.0 485.0 text 0
955.0 425.0 997.0 414.0 1001.0 449.0 959.0 461.0 text 0
161.0 372.0 201.0 366.0 204.0 378.0 164.0 384.0 text 0
206.0 366.0 221.0 363.0 223.0 372.0 208.0 374.0 text 0
225.0 361.0 231.0 360.0 232.0 370.0 226.0 372.0 text 0
152.0 386.0 198.0 378.0 201.0 390.0 155.0 397.0 text 0
202.0 379.0 217.0 377.0 219.0 386.0 204.0 388.0 text 0
221.0 375.0 241.0 371.0 242.0 382.0 222.0 385.0 text 0
867.0 422.0 995.0 383.0 999.0 391.0 871.0 430.0 text 0
886.0 492.0 997.0 458.0 1001.0 466.0 889.0 500.0 text 0
1120.0 358.0 1147.0 351.0 1150.0 362.0 1123.0 369.0 text 0
1118.0 373.0 1151.0 364.0 1155.0 374.0 1121.0 384.0 text 0
