454.0 316.0 495.0 317.0 495.0 327.0 454.0 327.0 text 0
415.0 330.0 475.0 330.0 475.0 343.0 415.0 343.0 text 0
418.0 270.0 438.0 270.0 438.0 282.0 417.0 282.0 text 0
442.0 272.0 473.0 272.0 473.0 284.0 441.0 283.0 text 0
477.0 272.0 550.0 274.0 550.0 286.0 477.0 284.0 text 0
456.0 246.0 521.0 249.0 521.0 259.0 456.0 255.0 text 0
423.0 287.0 464.0 288.0 464.0 298.0 423.0 297.0 text 0
420.0 244.0 453.0 245.0 452.0 256.0 419.0 255.0 text 0
474.0 288.0 513.0 289.0 513.0 299.0 474.0 298.0 text 0
415.0 300.0 474.0 302.0 474.0 313.0 415.0 311.0 text 0
478.0 301.0 519.0 303.0 518.0 314.0 478.0 312.0 text 0
522.0 303.0 542.0 303.0 541.0 314.0 522.0 314.0 text 0
418.0 315.0 444.0 316.0 443.0 328.0 417.0 327.0 text 0
488.0 333.0 504.0 332.0 503.0 342.0 487.0 343.0 text 0
508.0 330.0 538.0 331.0 538.0 344.0 508.0 343.0 text 0
416.0 345.0 459.0 345.0 458.0 357.0 415.0 357.0 text 0
462.0 345.0 503.0 345.0 502.0 357.0 461.0 357.0 text 0
414.0 360.0 449.0 360.0 448.0 371.0 414.0 371.0 text 0
416.0 373.0 435.0 373.0 434.0 386.0 413.0 387.0 text 0
439.0 374.0 466.0 374.0 466.0 386.0 438.0 386.0 text 0
469.0 373.0 511.0 374.0 511.0 389.0 469.0 388.0 text 0
512.0 373.0 542.0 373.0 542.0 388.0 512.0 388.0 text 0
413.0 388.0 456.0 388.0 456.0 402.0 413.0 402.0 text 0
456.0 388.0 497.0 388.0 497.0 403.0 456.0 403.0 text 0
414.0 414.0 500.0 414.0 499.0 437.0 413.0 437.0 text 0
