491.0 518.0 520.0 525.0 521.0 548.0 493.0 541.0 text 0
526.0 526.0 582.0 537.0 583.0 565.0 526.0 554.0 text 0
499.0 550.0 578.0 571.0 578.0 611.0 499.0 590.0 text 0
761.0 411.0 867.0 420.0 868.0 439.0 763.0 430.0 text 0
733.0 291.0 888.0 291.0 892.0 394.0 738.0 394.0 text 0
791.0 389.0 889.0 389.0 894.0 418.0 796.0 418.0 text 0
749.0 434.0 809.0 439.0 809.0 453.0 750.0 448.0 text 0
810.0 439.0 888.0 446.0 889.0 458.0 810.0 453.0 text 0
144.0 44.0 210.0 36.0 220.0 99.0 143.0 123.0 text 0
147.0 108.0 219.0 94.0 220.0 142.0 148.0 157.0 text 0
