5.0 605.0 60.0 584.0 61.0 616.0 6.0 638.0 text 0
803.0 563.0 924.0 568.0 928.0 591.0 807.0 586.0 text 0
375.0 382.0 451.0 369.0 452.0 399.0 375.0 419.0 text 0
472.0 367.0 499.0 360.0 499.0 387.0 472.0 394.0 text 0
504.0 360.0 550.0 356.0 551.0 375.0 504.0 387.0 text 0
310.0 395.0 365.0 384.0 365.0 422.0 309.0 438.0 text 0
558.0 351.0 577.0 347.0 578.0 366.0 559.0 372.0 text 0
303.0 216.0 565.0 245.0 564.0 325.0 301.0 351.0 text 0
579.0 345.0 595.0 344.0 596.0 362.0 580.0 364.0 text 0
628.0 146.0 684.0 142.0 686.0 190.0 630.0 194.0 text 0
694.0 154.0 822.0 144.0 822.0 162.0 694.0 172.0 text 0
1042.0 130.0 1142.0 124.0 1143.0 151.0 1043.0 157.0 text 0
844.0 245.0 854.0 244.0 854.0 261.0 844.0 261.0 text 0
6.0 264.0 68.0 264.0 64.0 286.0 2.0 286.0 text 0
856.0 244.0 937.0 241.0 937.0 258.0 857.0 261.0 text 0
5.0 143.0 137.0 164.0 136.0 222.0 4.0 201.0 text 0
20.0 342.0 128.0 335.0 124.0 365.0 16.0 372.0 text 0
17.0 430.0 127.0 412.0 120.0 442.0 10.0 461.0 text 0
0.0 516.0 58.0 500.0 59.0 528.0 1.0 545.0 text 0
946.0 569.0 1067.0 570.0 1069.0 590.0 948.0 589.0 text 0
1042.0 114.0 1065.0 113.0 1065.0 124.0 1042.0 125.0 text 0
1064.0 112.0 1119.0 109.0 1119.0 119.0 1065.0 123.0 text 0
1119.0 108.0 1145.0 107.0 1146.0 118.0 1120.0 119.0 text 0
822.0 267.0 860.0 266.0 861.0 283.0 823.0 284.0 text 0
861.0 266.0 920.0 265.0 921.0 279.0 862.0 280.0 text 0
920.0 264.0 961.0 264.0 964.0 278.0 922.0 277.0 text 0
878.0 284.0 942.0 282.0 943.0 298.0 879.0 299.0 text 0
842.0 285.0 879.0 284.0 879.0 299.0 842.0 300.0 text 0
1085.0 567.0 1153.0 568.0 1155.0 580.0 1087.0 578.0 text 0
1045.0 259.0 1157.0 255.0 1161.0 293.0 1049.0 297.0 text 0
1050.0 304.0 1174.0 299.0 1177.0 335.0 1053.0 340.0 text 0
832.0 310.0 961.0 307.0 965.0 343.0 836.0 345.0 text 0
903.0 405.0 992.0 408.0 994.0 437.0 905.0 435.0 text 0
825.0 496.0 950.0 496.0 951.0 510.0 826.0 510.0 text 0
12.0 690.0 48.0 681.0 46.0 708.0 10.0 717.0 text 0
1106.0 553.0 1129.0 555.0 1137.0 568.0 1103.0 571.0 text 0
