385.0 268.0 411.0 271.0 412.0 288.0 386.0 286.0 text 0
94.0 185.0 154.0 195.0 156.0 224.0 96.0 214.0 text 0
1161.0 32.0 1252.0 26.0 1256.0 63.0 1165.0 70.0 text 0
991.0 233.0 1037.0 230.0 1037.0 248.0 991.0 252.0 text 0
1039.0 227.0 1117.0 221.0 1115.0 246.0 1037.0 251.0 text 0
478.0 239.0 511.0 241.0 511.0 255.0 478.0 253.0 text 0
77.0 336.0 135.0 333.0 134.0 360.0 77.0 363.0 text 0
620.0 191.0 659.0 198.0 658.0 231.0 619.0 224.0 text 0
813.0 256.0 878.0 258.0 880.0 283.0 815.0 281.0 text 0
905.0 272.0 960.0 268.0 960.0 286.0 905.0 289.0 text 0
0.0 173.0 64.0 180.0 64.0 206.0 0.0 200.0 text 0
168.0 209.0 209.0 214.0 210.0 233.0 169.0 228.0 text 0
233.0 369.0 256.0 371.0 257.0 383.0 234.0 381.0 text 0
274.0 372.0 300.0 372.0 299.0 385.0 273.0 385.0 text 0
320.0 368.0 340.0 366.0 343.0 384.0 323.0 386.0 text 0
96.0 373.0 133.0 370.0 138.0 427.0 102.0 430.0 text 0
968.0 234.0 989.0 235.0 990.0 254.0 969.0 253.0 text 0
859.0 107.0 943.0 142.0 947.0 216.0 863.0 180.0 text 0
183.0 271.0 243.0 276.0 244.0 291.0 184.0 286.0 text 0
484.0 253.0 511.0 254.0 511.0 268.0 484.0 267.0 text 0
744.0 291.0 782.0 292.0 782.0 305.0 744.0 304.0 text 0
171.0 429.0 187.0 429.0 187.0 444.0 171.0 444.0 text 0
