551.0 361.0 572.0 367.0 568.0 381.0 548.0 375.0 text 0
534.0 357.0 550.0 361.0 544.0 386.0 528.0 382.0 text 0
1061.0 282.0 1074.0 286.0 1072.0 304.0 1059.0 299.0 text 0
1005.0 318.0 1086.0 334.0 1076.0 360.0 995.0 345.0 text 0
1135.0 325.0 1180.0 333.0 1178.0 347.0 1133.0 338.0 text 0
1015.0 278.0 1058.0 285.0 1053.0 300.0 1009.0 293.0 text 0
819.0 281.0 890.0 292.0 882.0 312.0 811.0 300.0 text 0
987.0 443.0 1064.0 463.0 1061.0 484.0 984.0 464.0 text 0
1185.0 501.0 1278.0 526.0 1273.0 543.0 1180.0 518.0 text 0
598.0 148.0 624.0 151.0 623.0 164.0 596.0 161.0 text 0
628.0 154.0 678.0 161.0 676.0 171.0 626.0 164.0 text 0
667.0 114.0 742.0 122.0 741.0 138.0 667.0 131.0 text 0
822.0 416.0 874.0 431.0 873.0 444.0 822.0 432.0 text 0
880.0 430.0 951.0 450.0 949.0 466.0 877.0 446.0 text 0
1075.0 294.0 1124.0 295.0 1125.0 310.0 1076.0 309.0 text 0
1126.0 312.0 1158.0 317.0 1157.0 329.0 1125.0 323.0 text 0
1232.0 317.0 1278.0 327.0 1278.0 341.0 1230.0 333.0 text 0
1218.0 364.0 1277.0 383.0 1277.0 402.0 1207.0 386.0 text 0
682.0 404.0 728.0 418.0 728.0 426.0 682.0 413.0 text 0
598.0 413.0 625.0 421.0 622.0 430.0 596.0 422.0 text 0
681.0 436.0 728.0 451.0 728.0 460.0 681.0 445.0 text 0
824.0 472.0 840.0 480.0 832.0 494.0 816.0 486.0 text 0
1185.0 602.0 1273.0 632.0 1260.0 651.0 1173.0 621.0 text 0
