597.0 63.0 636.0 51.0 636.0 69.0 597.0 82.0 text 0
378.0 100.0 436.0 106.0 433.0 134.0 375.0 128.0 text 0
499.0 163.0 563.0 164.0 562.0 187.0 498.0 187.0 text 0
523.0 87.0 566.0 72.0 567.0 90.0 524.0 103.0 text 0
567.0 73.0 596.0 64.0 597.0 80.0 569.0 89.0 text 0
400.0 160.0 496.0 163.0 495.0 189.0 399.0 186.0 text 0
557.0 101.0 604.0 87.0 605.0 108.0 557.0 122.0 text 0
605.0 88.0 628.0 82.0 628.0 102.0 606.0 108.0 text 0
627.0 82.0 637.0 78.0 639.0 99.0 629.0 103.0 text 0
722.0 24.0 744.0 16.0 745.0 38.0 723.0 46.0 text 0
763.0 7.0 778.0 2.0 781.0 26.0 766.0 31.0 text 0
506.0 22.0 551.0 6.0 551.0 23.0 506.0 40.0 text 0
553.0 5.0 580.0 0.0 590.0 6.0 554.0 20.0 text 0
785.0 2.0 817.0 0.0 821.0 12.0 788.0 24.0 text 0
