1029.0 322.0 1080.0 332.0 1079.0 355.0 1028.0 344.0 text 0
1023.0 95.0 1159.0 84.0 1159.0 128.0 1023.0 139.0 text 0
1085.0 142.0 1142.0 139.0 1139.0 166.0 1081.0 168.0 text 0
1027.0 190.0 1104.0 190.0 1101.0 244.0 1028.0 242.0 text 0
1026.0 288.0 1086.0 297.0 1084.0 318.0 1024.0 309.0 text 0
1026.0 144.0 1080.0 141.0 1080.0 165.0 1025.0 169.0 text 0
1028.0 356.0 1079.0 368.0 1078.0 389.0 1027.0 376.0 text 0
1083.0 300.0 1098.0 304.0 1097.0 321.0 1083.0 316.0 text 0
1081.0 336.0 1097.0 340.0 1097.0 357.0 1081.0 353.0 text 0
1080.0 371.0 1098.0 377.0 1096.0 393.0 1079.0 387.0 text 0
1102.0 299.0 1123.0 303.0 1123.0 324.0 1102.0 320.0 text 0
1101.0 336.0 1123.0 340.0 1121.0 361.0 1099.0 357.0 text 0
1101.0 374.0 1122.0 378.0 1121.0 398.0 1100.0 394.0 text 0
