1161.0 388.0 1277.0 395.0 1271.0 450.0 1155.0 442.0 text 0
1168.0 210.0 1279.0 210.0 1278.0 292.0 1167.0 292.0 text 0
1156.0 449.0 1207.0 453.0 1204.0 476.0 1154.0 471.0 text 0
1211.0 453.0 1275.0 459.0 1272.0 483.0 1208.0 477.0 text 0
1151.0 480.0 1221.0 485.0 1218.0 511.0 1148.0 506.0 text 0
1120.0 383.0 1151.0 387.0 1146.0 437.0 1114.0 433.0 text 0
1144.0 536.0 1276.0 551.0 1272.0 577.0 1141.0 562.0 text 0
1147.0 507.0 1212.0 515.0 1209.0 537.0 1144.0 529.0 text 0
1117.0 325.0 1165.0 329.0 1158.0 388.0 1110.0 383.0 text 0
1172.0 159.0 1243.0 163.0 1239.0 215.0 1167.0 211.0 text 0
163.0 377.0 216.0 362.0 221.0 394.0 168.0 409.0 text 0
1177.0 97.0 1277.0 104.0 1273.0 155.0 1170.0 150.0 text 0
1165.0 331.0 1278.0 327.0 1279.0 392.0 1160.0 392.0 text 0
900.0 459.0 938.0 461.0 940.0 523.0 902.0 521.0 text 0
1226.0 484.0 1278.0 488.0 1278.0 512.0 1222.0 507.0 text 0
1219.0 511.0 1279.0 517.0 1279.0 544.0 1214.0 537.0 text 0
1246.0 156.0 1279.0 156.0 1276.0 211.0 1241.0 211.0 text 0
856.0 20.0 874.0 20.0 874.0 33.0 856.0 33.0 text 0
878.0 20.0 904.0 20.0 903.0 32.0 877.0 31.0 text 0
908.0 20.0 925.0 20.0 922.0 31.0 905.0 31.0 text 0
889.0 38.0 914.0 38.0 912.0 51.0 887.0 51.0 text 0
917.0 39.0 928.0 39.0 928.0 52.0 917.0 51.0 text 0
848.0 57.0 912.0 57.0 910.0 71.0 847.0 70.0 text 0
847.0 71.0 879.0 72.0 879.0 83.0 847.0 82.0 text 0
881.0 71.0 893.0 72.0 894.0 83.0 880.0 83.0 text 0
915.0 59.0 932.0 59.0 929.0 71.0 912.0 71.0 text 0
