27.0 235.0 64.0 235.0 65.0 267.0 28.0 268.0 text 0
72.0 235.0 135.0 231.0 134.0 254.0 71.0 258.0 text 0
137.0 228.0 270.0 221.0 271.0 244.0 138.0 251.0 text 0
1146.0 266.0 1226.0 259.0 1230.0 306.0 1150.0 313.0 text 0
726.0 165.0 756.0 166.0 757.0 182.0 727.0 181.0 text 0
756.0 168.0 784.0 172.0 783.0 183.0 756.0 180.0 text 0
738.0 180.0 777.0 184.0 776.0 195.0 737.0 191.0 text 0
1036.0 210.0 1104.0 201.0 1106.0 211.0 1038.0 220.0 text 0
1222.0 273.0 1260.0 270.0 1260.0 278.0 1222.0 280.0 text 0
1224.0 282.0 1277.0 278.0 1277.0 285.0 1224.0 289.0 text 0
