909.0 580.0 997.0 562.0 999.0 612.0 911.0 630.0 text 0
279.0 223.0 320.0 222.0 321.0 260.0 279.0 261.0 text 0
674.0 43.0 701.0 43.0 701.0 58.0 674.0 57.0 text 0
786.0 45.0 811.0 45.0 811.0 60.0 786.0 59.0 text 0
892.0 46.0 916.0 46.0 916.0 61.0 892.0 61.0 text 0
476.0 38.0 536.0 41.0 536.0 51.0 477.0 48.0 text 0
480.0 51.0 540.0 53.0 540.0 62.0 477.0 61.0 text 0
479.0 60.0 522.0 63.0 522.0 71.0 479.0 68.0 text 0
601.0 40.0 635.0 41.0 635.0 52.0 600.0 52.0 text 0
600.0 53.0 648.0 53.0 648.0 62.0 600.0 62.0 text 0
716.0 41.0 769.0 42.0 769.0 54.0 715.0 54.0 text 0
715.0 54.0 778.0 55.0 778.0 65.0 715.0 63.0 text 0
825.0 43.0 856.0 43.0 856.0 55.0 824.0 55.0 text 0
824.0 56.0 874.0 56.0 873.0 65.0 824.0 65.0 text 0
983.0 683.0 1022.0 677.0 1022.0 690.0 984.0 695.0 text 0
1023.0 676.0 1037.0 675.0 1037.0 686.0 1024.0 688.0 text 0
982.0 697.0 1031.0 689.0 1032.0 701.0 983.0 709.0 text 0
263.0 210.0 333.0 210.0 333.0 215.0 263.0 215.0 text 0
