72.0 291.0 105.0 284.0 113.0 318.0 80.0 324.0 text 0
89.0 348.0 114.0 341.0 121.0 373.0 96.0 380.0 text 0
126.0 282.0 135.0 279.0 138.0 294.0 129.0 296.0 text 0
141.0 277.0 156.0 274.0 160.0 287.0 145.0 291.0 text 0
159.0 274.0 209.0 263.0 213.0 274.0 163.0 285.0 text 0
212.0 261.0 253.0 253.0 256.0 265.0 215.0 273.0 text 0
258.0 253.0 285.0 249.0 287.0 257.0 258.0 264.0 text 0
194.0 300.0 260.0 285.0 264.0 295.0 198.0 310.0 text 0
180.0 253.0 258.0 238.0 261.0 248.0 183.0 262.0 text 0
135.0 332.0 146.0 329.0 149.0 343.0 139.0 346.0 text 0
138.0 353.0 149.0 348.0 154.0 363.0 143.0 368.0 text 0
151.0 327.0 166.0 324.0 170.0 337.0 156.0 340.0 text 0
156.0 347.0 171.0 344.0 174.0 357.0 159.0 360.0 text 0
170.0 322.0 205.0 313.0 209.0 327.0 174.0 336.0 text 0
209.0 314.0 233.0 308.0 236.0 322.0 212.0 327.0 text 0
173.0 342.0 224.0 330.0 229.0 344.0 178.0 357.0 text 0
228.0 329.0 280.0 318.0 281.0 333.0 229.0 344.0 text 0
293.0 308.0 322.0 302.0 322.0 308.0 294.0 314.0 text 0
302.0 313.0 317.0 310.0 318.0 315.0 303.0 319.0 text 0
317.0 309.0 334.0 305.0 336.0 310.0 319.0 314.0 text 0
303.0 319.0 332.0 311.0 333.0 317.0 304.0 324.0 text 0
141.0 370.0 157.0 365.0 158.0 371.0 142.0 375.0 text 0
162.0 365.0 175.0 361.0 177.0 366.0 164.0 370.0 text 0
182.0 360.0 199.0 355.0 199.0 361.0 183.0 365.0 text 0
199.0 354.0 205.0 352.0 205.0 359.0 199.0 361.0 text 0
207.0 352.0 222.0 349.0 222.0 355.0 208.0 359.0 text 0
225.0 348.0 240.0 344.0 241.0 350.0 226.0 354.0 text 0
242.0 344.0 260.0 340.0 260.0 346.0 243.0 349.0 text 0
263.0 339.0 272.0 337.0 272.0 341.0 263.0 344.0 text 0
273.0 335.0 292.0 331.0 291.0 337.0 272.0 342.0 text 0
294.0 330.0 312.0 326.0 311.0 333.0 293.0 337.0 text 0
313.0 325.0 340.0 318.0 341.0 324.0 314.0 331.0 text 0
