739.0 659.0 819.0 625.0 823.0 650.0 743.0 684.0 text 0
850.0 618.0 918.0 589.0 923.0 611.0 855.0 640.0 text 0
132.0 119.0 193.0 103.0 198.0 121.0 137.0 138.0 text 0
111.0 23.0 183.0 1.0 192.0 29.0 120.0 50.0 text 0
366.0 50.0 422.0 34.0 428.0 54.0 372.0 70.0 text 0
243.0 83.0 303.0 65.0 308.0 90.0 248.0 108.0 text 0
986.0 538.0 1063.0 505.0 1075.0 540.0 997.0 573.0 text 0
17.0 155.0 85.0 136.0 90.0 151.0 22.0 170.0 text 0
680.0 695.0 717.0 679.0 718.0 699.0 681.0 715.0 text 0
475.0 694.0 508.0 679.0 519.0 712.0 482.0 719.0 text 0
423.0 34.0 475.0 21.0 480.0 41.0 428.0 54.0 text 0
773.0 666.0 817.0 651.0 820.0 672.0 776.0 687.0 text 0
999.0 573.0 1075.0 538.0 1076.0 560.0 1000.0 595.0 text 0
518.0 24.0 565.0 9.0 567.0 22.0 520.0 37.0 text 0
0.0 55.0 83.0 31.0 84.0 62.0 1.0 86.0 text 0
144.0 53.0 195.0 38.0 199.0 51.0 147.0 65.0 text 0
242.0 8.0 270.0 1.0 303.0 15.0 244.0 33.0 text 0
514.0 7.0 558.0 0.0 561.0 10.0 519.0 23.0 text 0
468.0 694.0 473.0 713.0 474.0 719.0 419.0 719.0 text 0
626.0 718.0 675.0 697.0 679.0 712.0 664.0 719.0 text 0
