1264.0 95.0 1276.0 94.0 1276.0 110.0 1264.0 110.0 text 0
528.0 423.0 575.0 424.0 574.0 437.0 526.0 435.0 text 0
443.0 485.0 485.0 367.0 510.0 381.0 468.0 499.0 text 0
390.0 427.0 451.0 426.0 451.0 445.0 390.0 446.0 text 0
530.0 390.0 586.0 393.0 584.0 409.0 528.0 407.0 text 0
534.0 327.0 599.0 328.0 596.0 354.0 531.0 353.0 text 0
527.0 409.0 585.0 409.0 584.0 423.0 525.0 423.0 text 0
528.0 437.0 585.0 438.0 584.0 448.0 527.0 446.0 text 0
1229.0 13.0 1278.0 19.0 1279.0 41.0 1230.0 36.0 text 0
1244.0 39.0 1278.0 42.0 1279.0 68.0 1245.0 64.0 text 0
456.0 272.0 519.0 276.0 518.0 285.0 455.0 285.0 text 0
1246.0 70.0 1278.0 71.0 1279.0 88.0 1247.0 86.0 text 0
1254.0 226.0 1277.0 227.0 1279.0 245.0 1256.0 244.0 text 0
1167.0 238.0 1219.0 234.0 1219.0 246.0 1167.0 249.0 text 0
281.0 88.0 297.0 107.0 296.0 117.0 280.0 98.0 text 0
288.0 84.0 300.0 96.0 297.0 105.0 286.0 92.0 text 0
284.0 65.0 301.0 82.0 299.0 94.0 283.0 76.0 text 0
568.0 346.0 591.0 346.0 588.0 356.0 565.0 356.0 text 0
530.0 362.0 545.0 363.0 545.0 371.0 530.0 370.0 text 0
528.0 370.0 544.0 371.0 544.0 380.0 529.0 379.0 text 0
530.0 380.0 545.0 381.0 546.0 389.0 530.0 389.0 text 0
1238.0 0.0 1278.0 1.0 1278.0 15.0 1240.0 8.0 text 0
