149.0 232.0 178.0 222.0 181.0 230.0 151.0 240.0 text 0
156.0 251.0 191.0 239.0 192.0 246.0 158.0 258.0 text 0
105.0 237.0 138.0 228.0 143.0 244.0 110.0 253.0 text 0
111.0 258.0 140.0 250.0 146.0 267.0 117.0 274.0 text 0
113.0 282.0 149.0 274.0 156.0 292.0 120.0 300.0 text 0
105.0 214.0 125.0 208.0 130.0 222.0 110.0 229.0 text 0
680.0 145.0 696.0 142.0 698.0 157.0 681.0 160.0 text 0
249.0 193.0 323.0 180.0 330.0 215.0 257.0 228.0 text 0
143.0 219.0 167.0 211.0 172.0 222.0 149.0 230.0 text 0
157.0 258.0 193.0 247.0 194.0 255.0 159.0 266.0 text 0
159.0 269.0 176.0 265.0 178.0 272.0 161.0 277.0 text 0
1216.0 172.0 1246.0 170.0 1246.0 183.0 1217.0 185.0 text 0
1132.0 252.0 1157.0 252.0 1160.0 265.0 1135.0 265.0 text 0
1133.0 238.0 1180.0 240.0 1180.0 252.0 1134.0 250.0 text 0
1145.0 224.0 1173.0 226.0 1174.0 239.0 1146.0 237.0 text 0
1248.0 168.0 1279.0 165.0 1279.0 180.0 1248.0 182.0 text 0
1130.0 179.0 1157.0 179.0 1160.0 192.0 1133.0 192.0 text 0
