270.0 219.0 333.0 217.0 330.0 242.0 266.0 244.0 text 0
344.0 237.0 454.0 234.0 448.0 272.0 338.0 275.0 text 0
87.0 253.0 263.0 248.0 259.0 281.0 82.0 287.0 text 0
642.0 237.0 731.0 234.0 732.0 252.0 643.0 255.0 text 0
899.0 205.0 1251.0 192.0 1260.0 220.0 908.0 233.0 text 0
274.0 246.0 330.0 243.0 328.0 276.0 272.0 279.0 text 0
7.0 260.0 80.0 256.0 73.0 289.0 0.0 292.0 text 0
3.0 226.0 168.0 219.0 166.0 249.0 1.0 256.0 text 0
172.0 217.0 257.0 217.0 255.0 249.0 170.0 249.0 text 0
596.0 238.0 637.0 238.0 635.0 259.0 594.0 259.0 text 0
476.0 207.0 731.0 193.0 737.0 238.0 481.0 251.0 text 0
