463.0 327.0 481.0 323.0 482.0 329.0 464.0 333.0 text 0
446.0 333.0 463.0 329.0 464.0 334.0 447.0 338.0 text 0
257.0 337.0 329.0 315.0 335.0 335.0 263.0 357.0 text 0
638.0 399.0 654.0 394.0 655.0 402.0 639.0 406.0 text 0
653.0 395.0 670.0 391.0 672.0 397.0 655.0 401.0 text 0
159.0 367.0 257.0 339.0 264.0 358.0 166.0 386.0 text 0
691.0 379.0 712.0 373.0 714.0 384.0 693.0 390.0 text 0
102.0 385.0 162.0 368.0 166.0 387.0 106.0 404.0 text 0
440.0 315.0 471.0 307.0 472.0 312.0 441.0 320.0 text 0
470.0 305.0 489.0 300.0 491.0 306.0 472.0 311.0 text 0
442.0 320.0 463.0 315.0 464.0 320.0 443.0 326.0 text 0
444.0 326.0 488.0 312.0 489.0 320.0 445.0 333.0 text 0
463.0 314.0 483.0 310.0 484.0 315.0 464.0 320.0 text 0
480.0 322.0 496.0 318.0 497.0 323.0 481.0 327.0 text 0
447.0 338.0 469.0 333.0 470.0 340.0 448.0 345.0 text 0
469.0 331.0 483.0 328.0 484.0 334.0 469.0 337.0 text 0
482.0 327.0 499.0 323.0 500.0 329.0 483.0 333.0 text 0
439.0 357.0 459.0 352.0 460.0 357.0 440.0 362.0 text 0
460.0 350.0 480.0 345.0 480.0 351.0 459.0 356.0 text 0
481.0 344.0 495.0 341.0 496.0 346.0 482.0 350.0 text 0
439.0 363.0 461.0 357.0 463.0 363.0 441.0 369.0 text 0
461.0 356.0 481.0 351.0 482.0 357.0 462.0 362.0 text 0
442.0 368.0 462.0 363.0 463.0 370.0 443.0 375.0 text 0
460.0 362.0 482.0 357.0 484.0 363.0 462.0 368.0 text 0
482.0 353.0 503.0 348.0 505.0 356.0 484.0 361.0 text 0
