1158.0 230.0 1240.0 232.0 1241.0 257.0 1159.0 255.0 text 0
1143.0 251.0 1188.0 254.0 1185.0 282.0 1140.0 280.0 text 0
660.0 105.0 728.0 120.0 727.0 149.0 659.0 133.0 text 0
657.0 135.0 729.0 150.0 728.0 179.0 655.0 163.0 text 0
1155.0 40.0 1250.0 36.0 1248.0 63.0 1153.0 68.0 text 0
879.0 89.0 985.0 84.0 984.0 113.0 879.0 119.0 text 0
1254.0 32.0 1279.0 31.0 1279.0 61.0 1254.0 62.0 text 0
794.0 95.0 879.0 93.0 876.0 121.0 791.0 123.0 text 0
1150.0 68.0 1277.0 63.0 1278.0 95.0 1150.0 99.0 text 0
1072.0 70.0 1104.0 84.0 1100.0 123.0 1069.0 109.0 text 0
1067.0 108.0 1120.0 134.0 1118.0 170.0 1065.0 144.0 text 0
1069.0 154.0 1122.0 177.0 1120.0 208.0 1066.0 185.0 text 0
1068.0 192.0 1107.0 204.0 1104.0 239.0 1065.0 227.0 text 0
1245.0 235.0 1279.0 236.0 1279.0 260.0 1245.0 260.0 text 0
1143.0 229.0 1160.0 229.0 1158.0 256.0 1141.0 256.0 text 0
1190.0 254.0 1250.0 254.0 1249.0 283.0 1189.0 283.0 text 0
1254.0 260.0 1274.0 260.0 1274.0 287.0 1254.0 286.0 text 0
776.0 392.0 840.0 408.0 839.0 427.0 774.0 411.0 text 0
844.0 407.0 870.0 411.0 868.0 433.0 841.0 429.0 text 0
870.0 409.0 920.0 420.0 918.0 441.0 868.0 429.0 text 0
924.0 419.0 968.0 429.0 964.0 450.0 920.0 441.0 text 0
966.0 426.0 1008.0 434.0 1008.0 458.0 966.0 449.0 text 0
912.0 440.0 991.0 457.0 990.0 479.0 911.0 462.0 text 0
772.0 411.0 893.0 436.0 890.0 458.0 769.0 433.0 text 0
893.0 435.0 915.0 440.0 913.0 462.0 891.0 457.0 text 0
992.0 456.0 1008.0 458.0 1004.0 481.0 988.0 479.0 text 0
1255.0 424.0 1269.0 428.0 1269.0 438.0 1255.0 434.0 text 0
851.0 612.0 949.0 650.0 916.0 678.0 813.0 640.0 text 0
1249.0 411.0 1278.0 419.0 1277.0 442.0 1248.0 434.0 text 0
1242.0 594.0 1278.0 605.0 1277.0 705.0 1233.0 689.0 text 0
