523.0 549.0 550.0 539.0 554.0 552.0 527.0 563.0 text 0
582.0 479.0 605.0 470.0 612.0 493.0 590.0 502.0 text 0
340.0 253.0 360.0 247.0 365.0 260.0 345.0 266.0 text 0
360.0 245.0 389.0 237.0 392.0 253.0 364.0 261.0 text 0
389.0 236.0 459.0 217.0 460.0 233.0 391.0 252.0 text 0
319.0 259.0 341.0 251.0 346.0 264.0 323.0 271.0 text 0
452.0 217.0 487.0 206.0 494.0 221.0 459.0 232.0 text 0
283.0 270.0 321.0 259.0 324.0 272.0 286.0 283.0 text 0
488.0 203.0 601.0 170.0 610.0 189.0 497.0 222.0 text 0
604.0 173.0 638.0 163.0 640.0 177.0 610.0 186.0 text 0
636.0 161.0 713.0 140.0 719.0 155.0 637.0 179.0 text 0
357.0 297.0 427.0 271.0 434.0 290.0 364.0 316.0 text 0
429.0 270.0 493.0 250.0 500.0 270.0 437.0 290.0 text 0
610.0 205.0 663.0 190.0 664.0 205.0 610.0 219.0 text 0
474.0 309.0 508.0 299.0 512.0 313.0 479.0 323.0 text 0
664.0 192.0 715.0 174.0 716.0 188.0 666.0 202.0 text 0
542.0 285.0 586.0 270.0 591.0 285.0 548.0 300.0 text 0
438.0 320.0 475.0 310.0 479.0 325.0 442.0 335.0 text 0
506.0 297.0 547.0 285.0 550.0 299.0 509.0 310.0 text 0
583.0 267.0 598.0 263.0 604.0 279.0 590.0 282.0 text 0
596.0 263.0 645.0 249.0 652.0 265.0 603.0 280.0 text 0
644.0 248.0 684.0 235.0 690.0 252.0 650.0 265.0 text 0
438.0 339.0 509.0 315.0 522.0 343.0 450.0 367.0 text 0
520.0 307.0 590.0 285.0 599.0 314.0 528.0 336.0 text 0
593.0 281.0 693.0 249.0 700.0 279.0 600.0 310.0 text 0
483.0 352.0 513.0 344.0 520.0 367.0 490.0 375.0 text 0
515.0 342.0 610.0 310.0 618.0 330.0 523.0 362.0 text 0
612.0 305.0 677.0 283.0 683.0 307.0 619.0 329.0 text 0
389.0 562.0 408.0 555.0 415.0 576.0 396.0 583.0 text 0
408.0 557.0 490.0 526.0 497.0 546.0 414.0 577.0 text 0
534.0 499.0 577.0 482.0 586.0 508.0 543.0 524.0 text 0
605.0 471.0 632.0 458.0 641.0 479.0 614.0 492.0 text 0
633.0 459.0 721.0 424.0 728.0 441.0 640.0 476.0 text 0
719.0 422.0 749.0 412.0 759.0 429.0 729.0 439.0 text 0
751.0 406.0 796.0 389.0 803.0 409.0 759.0 427.0 text 0
795.0 387.0 826.0 376.0 833.0 394.0 802.0 405.0 text 0
186.0 384.0 297.0 399.0 318.0 473.0 230.0 542.0 text 0
253.0 593.0 273.0 576.0 284.0 610.0 264.0 627.0 text 0
275.0 573.0 301.0 538.0 311.0 568.0 285.0 603.0 text 0
302.0 535.0 336.0 489.0 345.0 517.0 311.0 563.0 text 0
459.0 578.0 523.0 551.0 527.0 565.0 463.0 592.0 text 0
489.0 521.0 532.0 505.0 540.0 525.0 496.0 541.0 text 0
463.0 592.0 524.0 564.0 527.0 577.0 466.0 605.0 text 0
634.0 502.0 719.0 468.0 721.0 478.0 636.0 511.0 text 0
636.0 514.0 668.0 501.0 671.0 511.0 639.0 524.0 text 0
670.0 498.0 718.0 478.0 720.0 490.0 673.0 509.0 text 0
786.0 432.0 809.0 424.0 811.0 435.0 789.0 443.0 text 0
810.0 422.0 836.0 413.0 838.0 424.0 812.0 432.0 text 0
789.0 443.0 842.0 422.0 845.0 432.0 793.0 453.0 text 0
472.0 630.0 561.0 591.0 565.0 600.0 476.0 639.0 text 0
483.0 651.0 540.0 624.0 543.0 636.0 486.0 663.0 text 0
648.0 549.0 679.0 536.0 684.0 545.0 652.0 558.0 text 0
679.0 533.0 719.0 516.0 724.0 525.0 684.0 543.0 text 0
653.0 558.0 687.0 543.0 690.0 551.0 656.0 566.0 text 0
657.0 578.0 716.0 552.0 722.0 561.0 663.0 587.0 text 0
799.0 475.0 873.0 443.0 879.0 452.0 805.0 484.0 text 0
807.0 494.0 866.0 470.0 870.0 479.0 811.0 504.0 text 0
812.0 504.0 839.0 491.0 844.0 501.0 818.0 514.0 text 0
28.0 483.0 97.0 465.0 103.0 494.0 34.0 512.0 text 0
1.0 323.0 92.0 339.0 109.0 393.0 1.0 386.0 text 0
796.0 109.0 986.0 46.0 995.0 64.0 802.0 129.0 text 0
618.0 216.0 719.0 186.0 729.0 210.0 628.0 244.0 text 0
379.0 306.0 481.0 279.0 484.0 289.0 384.0 319.0 text 0
515.0 461.0 579.0 438.0 588.0 462.0 523.0 487.0 text 0
665.0 407.0 721.0 387.0 728.0 404.0 671.0 427.0 text 0
517.0 407.0 537.0 402.0 542.0 416.0 521.0 422.0 text 0
450.0 563.0 492.0 549.0 495.0 560.0 455.0 576.0 text 0
625.0 486.0 653.0 478.0 659.0 493.0 629.0 503.0 text 0
779.0 420.0 811.0 409.0 813.0 418.0 784.0 429.0 text 0
466.0 602.0 537.0 573.0 543.0 583.0 468.0 614.0 text 0
639.0 522.0 710.0 493.0 713.0 503.0 644.0 536.0 text 0
790.0 452.0 850.0 431.0 853.0 438.0 796.0 463.0 text 0
468.0 612.0 505.0 601.0 509.0 612.0 475.0 627.0 text 0
477.0 642.0 509.0 629.0 513.0 638.0 479.0 650.0 text 0
643.0 536.0 669.0 525.0 671.0 537.0 649.0 546.0 text 0
652.0 565.0 677.0 555.0 684.0 567.0 659.0 578.0 text 0
794.0 463.0 826.0 452.0 832.0 457.0 796.0 474.0 text 0
803.0 483.0 823.0 478.0 828.0 483.0 805.0 491.0 text 0
1203.0 225.0 1275.0 211.0 1274.0 238.0 1219.0 252.0 text 0
1193.0 185.0 1216.0 180.0 1223.0 198.0 1202.0 209.0 text 0
866.0 214.0 911.0 192.0 938.0 256.0 890.0 274.0 text 0
954.0 189.0 984.0 180.0 1001.0 237.0 976.0 248.0 text 0
820.0 159.0 898.0 149.0 898.0 171.0 824.0 182.0 text 0
