706.0 416.0 730.0 402.0 742.0 437.0 718.0 450.0 text 0
736.0 409.0 782.0 389.0 792.0 416.0 746.0 436.0 text 0
623.0 329.0 646.0 332.0 645.0 352.0 622.0 349.0 text 0
647.0 330.0 663.0 332.0 663.0 353.0 646.0 352.0 text 0
666.0 331.0 697.0 335.0 696.0 358.0 664.0 354.0 text 0
677.0 282.0 810.0 285.0 813.0 331.0 680.0 329.0 text 0
700.0 322.0 821.0 336.0 820.0 373.0 700.0 359.0 text 0
623.0 296.0 678.0 298.0 676.0 330.0 621.0 329.0 text 0
719.0 456.0 775.0 422.0 783.0 439.0 725.0 478.0 text 0
776.0 423.0 806.0 406.0 812.0 421.0 782.0 438.0 text 0
766.0 481.0 795.0 484.0 796.0 501.0 766.0 498.0 text 0
791.0 476.0 846.0 481.0 851.0 506.0 796.0 501.0 text 0
746.0 487.0 873.0 515.0 869.0 556.0 755.0 517.0 text 0
3.0 461.0 91.0 450.0 92.0 467.0 4.0 478.0 text 0
