98.0 564.0 117.0 561.0 118.0 574.0 99.0 577.0 text 0
627.0 430.0 645.0 423.0 633.0 629.0 615.0 636.0 text 0
393.0 412.0 410.0 410.0 409.0 424.0 392.0 426.0 text 0
608.0 540.0 617.0 539.0 617.0 557.0 607.0 558.0 text 0
607.0 560.0 617.0 559.0 617.0 581.0 607.0 582.0 text 0
366.0 417.0 390.0 414.0 391.0 428.0 367.0 432.0 text 0
607.0 583.0 617.0 582.0 615.0 613.0 605.0 613.0 text 0
605.0 613.0 614.0 613.0 613.0 638.0 604.0 638.0 text 0
118.0 557.0 174.0 544.0 175.0 558.0 119.0 572.0 text 0
93.0 580.0 177.0 558.0 180.0 570.0 96.0 591.0 text 0
100.0 488.0 192.0 468.0 195.0 496.0 103.0 516.0 text 0
64.0 486.0 100.0 477.0 103.0 517.0 67.0 525.0 text 0
70.0 527.0 107.0 517.0 110.0 547.0 72.0 557.0 text 0
719.0 380.0 729.0 382.0 729.0 393.0 719.0 392.0 text 0
364.0 524.0 413.0 510.0 414.0 696.0 368.0 711.0 text 0
367.0 431.0 415.0 424.0 415.0 431.0 366.0 440.0 text 0
173.0 689.0 255.0 657.0 261.0 713.0 184.0 719.0 text 0
509.0 453.0 537.0 462.0 534.0 488.0 511.0 484.0 text 0
869.0 344.0 895.0 349.0 893.0 362.0 870.0 358.0 text 0
