762.0 287.0 796.0 283.0 799.0 316.0 765.0 320.0 text 0
426.0 279.0 472.0 274.0 473.0 286.0 427.0 290.0 text 0
159.0 86.0 188.0 83.0 189.0 95.0 161.0 98.0 text 0
188.0 79.0 211.0 77.0 212.0 93.0 190.0 95.0 text 0
212.0 76.0 285.0 71.0 286.0 87.0 213.0 93.0 text 0
110.0 88.0 158.0 83.0 161.0 98.0 113.0 103.0 text 0
286.0 71.0 320.0 67.0 320.0 83.0 286.0 87.0 text 0
333.0 243.0 488.0 224.0 496.0 254.0 341.0 273.0 text 0
205.0 97.0 245.0 94.0 245.0 109.0 205.0 112.0 text 0
245.0 95.0 258.0 95.0 257.0 109.0 245.0 109.0 text 0
258.0 92.0 288.0 90.0 290.0 106.0 259.0 107.0 text 0
290.0 90.0 322.0 87.0 323.0 102.0 291.0 104.0 text 0
921.0 32.0 1057.0 20.0 1061.0 78.0 924.0 91.0 text 0
913.0 108.0 1097.0 88.0 1102.0 137.0 917.0 157.0 text 0
1003.0 153.0 1115.0 135.0 1117.0 168.0 1005.0 186.0 text 0
414.0 421.0 462.0 415.0 464.0 430.0 416.0 435.0 text 0
331.0 291.0 377.0 286.0 378.0 298.0 332.0 303.0 text 0
403.0 281.0 426.0 278.0 427.0 293.0 403.0 295.0 text 0
471.0 272.0 506.0 268.0 507.0 282.0 473.0 286.0 text 0
339.0 304.0 365.0 302.0 365.0 316.0 340.0 318.0 text 0
365.0 303.0 390.0 300.0 390.0 311.0 366.0 315.0 text 0
392.0 298.0 422.0 294.0 422.0 307.0 392.0 312.0 text 0
421.0 295.0 446.0 293.0 446.0 304.0 421.0 306.0 text 0
446.0 291.0 476.0 288.0 476.0 299.0 446.0 302.0 text 0
475.0 287.0 505.0 284.0 506.0 295.0 476.0 298.0 text 0
356.0 320.0 394.0 314.0 394.0 327.0 356.0 332.0 text 0
392.0 313.0 420.0 311.0 420.0 322.0 392.0 324.0 text 0
419.0 309.0 443.0 307.0 445.0 317.0 420.0 320.0 text 0
444.0 305.0 467.0 302.0 467.0 315.0 444.0 318.0 text 0
466.0 301.0 493.0 299.0 495.0 312.0 467.0 314.0 text 0
412.0 350.0 445.0 346.0 446.0 362.0 413.0 366.0 text 0
380.0 371.0 481.0 356.0 484.0 371.0 382.0 386.0 text 0
382.0 385.0 482.0 371.0 484.0 387.0 385.0 400.0 text 0
382.0 399.0 492.0 384.0 493.0 400.0 383.0 416.0 text 0
296.0 339.0 552.0 306.0 550.0 322.0 294.0 355.0 text 0
318.0 454.0 560.0 414.0 563.0 430.0 321.0 470.0 text 0
334.0 468.0 554.0 431.0 556.0 443.0 336.0 480.0 text 0
327.0 484.0 557.0 440.0 561.0 455.0 331.0 499.0 text 0
401.0 483.0 493.0 466.0 496.0 480.0 404.0 497.0 text 0
378.0 287.0 402.0 284.0 402.0 296.0 379.0 298.0 text 0
768.0 335.0 807.0 334.0 812.0 365.0 773.0 366.0 text 0
775.0 380.0 807.0 383.0 811.0 414.0 779.0 411.0 text 0
779.0 430.0 805.0 433.0 808.0 463.0 782.0 460.0 text 0
782.0 472.0 810.0 480.0 815.0 515.0 787.0 507.0 text 0
789.0 521.0 817.0 519.0 821.0 557.0 793.0 559.0 text 0
383.0 508.0 450.0 497.0 454.0 514.0 387.0 525.0 text 0
455.0 496.0 517.0 484.0 520.0 499.0 458.0 511.0 text 0
319.0 539.0 583.0 489.0 584.0 500.0 320.0 550.0 text 0
371.0 541.0 538.0 510.0 541.0 522.0 374.0 553.0 text 0
338.0 561.0 568.0 517.0 572.0 526.0 342.0 570.0 text 0
362.0 567.0 554.0 530.0 557.0 543.0 365.0 580.0 text 0
367.0 581.0 556.0 538.0 549.0 554.0 360.0 597.0 text 0
429.0 589.0 501.0 572.0 505.0 589.0 433.0 606.0 text 0
1116.0 113.0 1261.0 97.0 1266.0 115.0 1120.0 131.0 text 0
1116.0 133.0 1260.0 116.0 1262.0 130.0 1118.0 147.0 text 0
1120.0 147.0 1273.0 127.0 1273.0 144.0 1120.0 164.0 text 0
997.0 199.0 1127.0 181.0 1128.0 194.0 998.0 211.0 text 0
998.0 211.0 1128.0 192.0 1128.0 206.0 998.0 225.0 text 0
1009.0 224.0 1122.0 207.0 1123.0 218.0 1010.0 235.0 text 0
991.0 240.0 1153.0 210.0 1156.0 225.0 994.0 255.0 text 0
1053.0 248.0 1087.0 242.0 1088.0 257.0 1054.0 263.0 text 0
1029.0 267.0 1109.0 253.0 1109.0 268.0 1030.0 282.0 text 0
1018.0 284.0 1113.0 266.0 1113.0 283.0 1019.0 301.0 text 0
1036.0 294.0 1114.0 281.0 1115.0 293.0 1038.0 306.0 text 0
1056.0 313.0 1092.0 304.0 1092.0 317.0 1056.0 326.0 text 0
978.0 339.0 1164.0 305.0 1164.0 316.0 978.0 351.0 text 0
990.0 354.0 1156.0 320.0 1156.0 329.0 990.0 364.0 text 0
984.0 367.0 1159.0 331.0 1159.0 339.0 984.0 376.0 text 0
1026.0 389.0 1132.0 371.0 1133.0 382.0 1026.0 401.0 text 0
973.0 412.0 1172.0 369.0 1174.0 379.0 975.0 422.0 text 0
1016.0 413.0 1141.0 388.0 1143.0 398.0 1017.0 423.0 text 0
985.0 433.0 1145.0 396.0 1149.0 406.0 989.0 443.0 text 0
1003.0 441.0 1154.0 405.0 1157.0 416.0 1006.0 452.0 text 0
876.0 267.0 900.0 263.0 903.0 297.0 879.0 302.0 text 0
885.0 317.0 909.0 313.0 912.0 347.0 889.0 351.0 text 0
882.0 364.0 912.0 365.0 919.0 396.0 889.0 395.0 text 0
894.0 408.0 916.0 407.0 920.0 447.0 899.0 447.0 text 0
904.0 456.0 921.0 456.0 925.0 489.0 908.0 489.0 text 0
909.0 506.0 926.0 503.0 930.0 537.0 913.0 539.0 text 0
