1111.0 177.0 1194.0 177.0 1194.0 194.0 1111.0 194.0 text 0
1100.0 198.0 1125.0 198.0 1125.0 210.0 1100.0 210.0 text 0
1137.0 198.0 1200.0 199.0 1200.0 210.0 1137.0 209.0 text 0
1101.0 215.0 1112.0 215.0 1112.0 224.0 1101.0 224.0 text 0
1149.0 214.0 1201.0 215.0 1200.0 227.0 1148.0 226.0 text 0
1096.0 230.0 1129.0 230.0 1130.0 241.0 1097.0 241.0 text 0
1160.0 230.0 1179.0 230.0 1178.0 241.0 1160.0 241.0 text 0
1183.0 230.0 1200.0 230.0 1198.0 242.0 1182.0 241.0 text 0
1111.0 246.0 1130.0 246.0 1131.0 256.0 1112.0 255.0 text 0
1131.0 245.0 1183.0 245.0 1185.0 255.0 1133.0 255.0 text 0
1132.0 644.0 1160.0 645.0 1159.0 665.0 1131.0 664.0 text 0
1127.0 687.0 1156.0 688.0 1156.0 707.0 1127.0 706.0 text 0
1066.0 685.0 1083.0 685.0 1083.0 706.0 1066.0 705.0 text 0
