333.0 84.0 536.0 91.0 536.0 125.0 333.0 118.0 text 0
585.0 80.0 621.0 83.0 621.0 104.0 585.0 101.0 text 0
623.0 81.0 657.0 85.0 657.0 107.0 623.0 103.0 text 0
576.0 106.0 628.0 107.0 634.0 124.0 582.0 123.0 text 0
591.0 288.0 641.0 286.0 643.0 312.0 593.0 314.0 text 0
610.0 345.0 667.0 338.0 668.0 364.0 611.0 371.0 text 0
598.0 411.0 667.0 396.0 673.0 428.0 604.0 443.0 text 0
697.0 85.0 741.0 83.0 745.0 181.0 702.0 184.0 text 0
699.0 184.0 744.0 181.0 746.0 201.0 701.0 204.0 text 0
1079.0 105.0 1097.0 105.0 1099.0 165.0 1081.0 168.0 text 0
1079.0 167.0 1098.0 163.0 1100.0 180.0 1081.0 184.0 text 0
21.0 185.0 48.0 184.0 49.0 190.0 21.0 191.0 text 0
143.0 183.0 166.0 181.0 166.0 194.0 143.0 196.0 text 0
167.0 183.0 189.0 182.0 190.0 193.0 169.0 195.0 text 0
191.0 183.0 215.0 181.0 215.0 193.0 191.0 194.0 text 0
596.0 322.0 653.0 311.0 653.0 321.0 595.0 332.0 text 0
633.0 334.0 669.0 328.0 669.0 336.0 633.0 341.0 text 0
599.0 379.0 636.0 372.0 636.0 382.0 600.0 389.0 text 0
621.0 393.0 669.0 382.0 669.0 394.0 621.0 405.0 text 0
