614.0 187.0 655.0 192.0 654.0 211.0 613.0 206.0 text 0
617.0 169.0 644.0 173.0 640.0 191.0 613.0 187.0 text 0
623.0 133.0 655.0 137.0 654.0 153.0 622.0 148.0 text 0
656.0 141.0 667.0 142.0 667.0 147.0 656.0 147.0 text 0
669.0 138.0 703.0 141.0 702.0 156.0 668.0 153.0 text 0
710.0 119.0 739.0 122.0 740.0 141.0 712.0 139.0 text 0
713.0 139.0 784.0 146.0 782.0 165.0 712.0 158.0 text 0
665.0 156.0 715.0 160.0 714.0 178.0 664.0 174.0 text 0
615.0 109.0 704.0 119.0 704.0 138.0 615.0 128.0 text 0
616.0 149.0 655.0 154.0 653.0 173.0 614.0 169.0 text 0
723.0 159.0 757.0 161.0 757.0 181.0 723.0 178.0 text 0
780.0 166.0 828.0 169.0 827.0 187.0 779.0 184.0 text 0
652.0 173.0 705.0 178.0 703.0 197.0 650.0 191.0 text 0
801.0 186.0 830.0 187.0 829.0 205.0 800.0 204.0 text 0
809.0 205.0 827.0 206.0 826.0 224.0 808.0 223.0 text 0
190.0 158.0 206.0 159.0 206.0 176.0 190.0 175.0 text 0
369.0 177.0 407.0 178.0 407.0 195.0 368.0 194.0 text 0
334.0 158.0 357.0 159.0 356.0 173.0 334.0 171.0 text 0
382.0 157.0 406.0 158.0 407.0 176.0 383.0 175.0 text 0
193.0 138.0 217.0 140.0 217.0 158.0 193.0 156.0 text 0
283.0 135.0 314.0 135.0 315.0 154.0 283.0 153.0 text 0
323.0 137.0 355.0 137.0 355.0 156.0 323.0 155.0 text 0
198.0 121.0 234.0 123.0 233.0 139.0 197.0 137.0 text 0
270.0 117.0 327.0 118.0 327.0 135.0 270.0 134.0 text 0
302.0 100.0 329.0 100.0 329.0 117.0 302.0 117.0 text 0
