1094.0 224.0 1143.0 219.0 1144.0 233.0 1095.0 237.0 text 0
1032.0 115.0 1070.0 114.0 1071.0 141.0 1034.0 142.0 text 0
805.0 91.0 879.0 64.0 880.0 79.0 806.0 105.0 text 0
737.0 185.0 756.0 180.0 757.0 194.0 738.0 198.0 text 0
736.0 198.0 786.0 185.0 786.0 203.0 736.0 216.0 text 0
790.0 95.0 804.0 92.0 806.0 109.0 793.0 112.0 text 0
844.0 147.0 887.0 137.0 890.0 179.0 848.0 189.0 text 0
732.0 120.0 791.0 98.0 791.0 114.0 732.0 136.0 text 0
802.0 479.0 851.0 486.0 851.0 499.0 802.0 492.0 text 0
1074.0 213.0 1093.0 211.0 1097.0 238.0 1078.0 240.0 text 0
1092.0 212.0 1104.0 211.0 1106.0 223.0 1094.0 225.0 text 0
1073.0 115.0 1094.0 116.0 1097.0 141.0 1076.0 140.0 text 0
1098.0 124.0 1137.0 124.0 1140.0 141.0 1101.0 142.0 text 0
1137.0 118.0 1170.0 119.0 1173.0 142.0 1140.0 141.0 text 0
1173.0 124.0 1220.0 124.0 1223.0 146.0 1176.0 145.0 text 0
1217.0 121.0 1257.0 122.0 1262.0 144.0 1222.0 143.0 text 0
1046.0 151.0 1076.0 151.0 1079.0 176.0 1049.0 176.0 text 0
1079.0 152.0 1113.0 151.0 1115.0 175.0 1081.0 176.0 text 0
1115.0 151.0 1149.0 151.0 1150.0 178.0 1117.0 178.0 text 0
1150.0 151.0 1194.0 149.0 1196.0 172.0 1152.0 175.0 text 0
1194.0 151.0 1230.0 150.0 1234.0 172.0 1198.0 173.0 text 0
