724.0 102.0 1010.0 102.0 1010.0 140.0 724.0 140.0 text 0
741.0 368.0 794.0 385.0 786.0 396.0 733.0 379.0 text 0
980.0 69.0 1027.0 70.0 1025.0 82.0 978.0 81.0 text 0
901.0 145.0 962.0 145.0 964.0 157.0 903.0 157.0 text 0
966.0 144.0 1006.0 146.0 1006.0 158.0 966.0 157.0 text 0
949.0 70.0 980.0 70.0 980.0 82.0 949.0 81.0 text 0
830.0 240.0 962.0 269.0 955.0 283.0 823.0 254.0 text 0
799.0 383.0 853.0 399.0 842.0 412.0 789.0 396.0 text 0
852.0 399.0 919.0 419.0 909.0 433.0 842.0 413.0 text 0
735.0 379.0 788.0 398.0 776.0 410.0 723.0 392.0 text 0
786.0 396.0 815.0 405.0 805.0 419.0 776.0 410.0 text 0
736.0 422.0 864.0 465.0 861.0 478.0 733.0 435.0 text 0
1189.0 271.0 1220.0 271.0 1219.0 284.0 1189.0 284.0 text 0
726.0 144.0 801.0 146.0 804.0 164.0 730.0 162.0 text 0
810.0 146.0 894.0 144.0 894.0 157.0 810.0 159.0 text 0
754.0 355.0 898.0 396.0 893.0 409.0 746.0 366.0 text 0
772.0 260.0 787.0 264.0 768.0 289.0 749.0 283.0 text 0
735.0 328.0 792.0 263.0 821.0 268.0 773.0 338.0 text 0
769.0 344.0 811.0 283.0 838.0 288.0 796.0 352.0 text 0
954.0 295.0 997.0 304.0 991.0 319.0 954.0 311.0 text 0
