595.0 276.0 624.0 277.0 624.0 291.0 595.0 290.0 text 0
23.0 117.0 33.0 116.0 34.0 132.0 24.0 133.0 text 0
90.0 109.0 104.0 110.0 97.0 128.0 83.0 126.0 text 0
240.0 213.0 282.0 189.0 291.0 203.0 250.0 227.0 text 0
964.0 486.0 985.0 482.0 995.0 510.0 974.0 514.0 text 0
37.0 109.0 84.0 105.0 83.0 125.0 36.0 129.0 text 0
991.0 476.0 1084.0 478.0 1085.0 511.0 992.0 509.0 text 0
1100.0 480.0 1130.0 491.0 1115.0 520.0 1086.0 509.0 text 0
629.0 277.0 675.0 276.0 674.0 291.0 628.0 291.0 text 0
592.0 313.0 635.0 314.0 635.0 329.0 592.0 329.0 text 0
1031.0 191.0 1125.0 189.0 1127.0 292.0 1033.0 294.0 text 0
594.0 180.0 734.0 180.0 736.0 203.0 596.0 203.0 text 0
985.0 154.0 1154.0 150.0 1154.0 168.0 985.0 172.0 text 0
866.0 173.0 948.0 172.0 948.0 183.0 866.0 184.0 text 0
972.0 507.0 1125.0 510.0 1117.0 542.0 979.0 539.0 text 0
