1159.0 445.0 1178.0 443.0 1177.0 480.0 1158.0 482.0 text 0
378.0 387.0 506.0 382.0 506.0 396.0 378.0 401.0 text 0
801.0 553.0 874.0 549.0 876.0 559.0 803.0 563.0 text 0
819.0 563.0 862.0 561.0 862.0 569.0 819.0 571.0 text 0
771.0 478.0 795.0 536.0 784.0 538.0 760.0 480.0 text 0
378.0 362.0 506.0 356.0 506.0 384.0 378.0 390.0 text 0
1058.0 487.0 1072.0 489.0 1062.0 583.0 1048.0 581.0 text 0
1156.0 498.0 1174.0 499.0 1172.0 565.0 1155.0 565.0 text 0
1181.0 461.0 1194.0 460.0 1192.0 512.0 1179.0 513.0 text 0
1209.0 460.0 1221.0 460.0 1220.0 512.0 1208.0 511.0 text 0
1076.0 491.0 1091.0 493.0 1083.0 567.0 1068.0 565.0 text 0
