659.0 157.0 698.0 154.0 698.0 178.0 659.0 180.0 text 0
902.0 239.0 909.0 239.0 909.0 248.0 902.0 248.0 text 0
654.0 224.0 702.0 222.0 703.0 233.0 655.0 235.0 text 0
671.0 216.0 688.0 217.0 688.0 223.0 670.0 223.0 text 0
907.0 159.0 913.0 158.0 914.0 167.0 907.0 166.0 text 0
662.0 180.0 693.0 179.0 692.0 201.0 662.0 202.0 text 0
906.0 191.0 913.0 190.0 913.0 199.0 906.0 199.0 text 0
905.0 133.0 918.0 133.0 918.0 141.0 905.0 141.0 text 0
920.0 133.0 953.0 130.0 953.0 139.0 920.0 141.0 text 0
910.0 241.0 959.0 239.0 960.0 245.0 910.0 247.0 text 0
914.0 192.0 953.0 191.0 953.0 198.0 914.0 199.0 text 0
915.0 160.0 953.0 159.0 953.0 165.0 915.0 166.0 text 0
