172.0 116.0 254.0 132.0 245.0 164.0 164.0 148.0 text 0
256.0 131.0 344.0 146.0 337.0 183.0 249.0 168.0 text 0
345.0 149.0 417.0 164.0 412.0 197.0 341.0 182.0 text 0
861.0 18.0 1153.0 67.0 1150.0 108.0 858.0 60.0 text 0
1051.0 16.0 1136.0 32.0 1133.0 62.0 1047.0 47.0 text 0
629.0 0.0 701.0 0.0 701.0 27.0 628.0 13.0 text 0
703.0 0.0 740.0 1.0 741.0 31.0 703.0 26.0 text 0
743.0 0.0 861.0 19.0 866.0 60.0 743.0 38.0 text 0
856.0 0.0 983.0 0.0 982.0 31.0 852.0 8.0 text 0
211.0 324.0 275.0 328.0 277.0 362.0 208.0 357.0 text 0
