200.0 547.0 442.0 533.0 449.0 597.0 208.0 610.0 text 0
89.0 399.0 171.0 395.0 172.0 435.0 89.0 439.0 text 0
231.0 399.0 287.0 392.0 288.0 425.0 232.0 431.0 text 0
292.0 392.0 389.0 387.0 385.0 426.0 289.0 431.0 text 0
100.0 439.0 247.0 432.0 245.0 455.0 99.0 462.0 text 0
172.0 399.0 229.0 397.0 229.0 432.0 173.0 434.0 text 0
432.0 416.0 488.0 414.0 488.0 428.0 432.0 429.0 text 0
50.0 558.0 199.0 546.0 196.0 609.0 48.0 620.0 text 0
49.0 618.0 147.0 612.0 150.0 674.0 52.0 680.0 text 0
150.0 610.0 373.0 597.0 378.0 661.0 154.0 675.0 text 0
440.0 429.0 483.0 426.0 482.0 436.0 439.0 439.0 text 0
436.0 408.0 482.0 407.0 482.0 415.0 436.0 416.0 text 0
437.0 401.0 482.0 399.0 480.0 407.0 435.0 408.0 text 0
4.0 404.0 81.0 403.0 76.0 455.0 0.0 456.0 text 0
