144.0 179.0 170.0 177.0 172.0 194.0 146.0 196.0 text 0
49.0 139.0 73.0 135.0 74.0 151.0 50.0 155.0 text 0
82.0 33.0 103.0 29.0 102.0 47.0 81.0 51.0 text 0
102.0 26.0 115.0 26.0 114.0 45.0 102.0 45.0 text 0
8.0 155.0 27.0 154.0 27.0 174.0 8.0 175.0 text 0
221.0 4.0 243.0 0.0 245.0 22.0 224.0 26.0 text 0
26.0 153.0 37.0 153.0 39.0 172.0 28.0 172.0 text 0
499.0 97.0 536.0 94.0 539.0 120.0 501.0 123.0 text 0
171.0 14.0 220.0 5.0 221.0 27.0 172.0 36.0 text 0
512.0 144.0 557.0 143.0 556.0 163.0 512.0 164.0 text 0
538.0 94.0 559.0 92.0 558.0 118.0 537.0 120.0 text 0
582.0 89.0 628.0 84.0 631.0 103.0 584.0 107.0 text 0
48.0 476.0 227.0 478.0 223.0 524.0 44.0 523.0 text 0
687.0 583.0 728.0 589.0 727.0 597.0 687.0 592.0 text 0
696.0 593.0 718.0 596.0 717.0 604.0 695.0 601.0 text 0
675.0 599.0 743.0 606.0 742.0 615.0 675.0 607.0 text 0
830.0 594.0 874.0 599.0 874.0 605.0 830.0 600.0 text 0
825.0 600.0 883.0 606.0 883.0 614.0 824.0 608.0 text 0
836.0 609.0 872.0 613.0 871.0 620.0 835.0 616.0 text 0
817.0 615.0 892.0 622.0 891.0 631.0 816.0 624.0 text 0
167.0 38.0 473.0 0.0 491.0 166.0 179.0 191.0 text 0
247.0 0.0 309.0 0.0 309.0 8.0 249.0 21.0 text 0
554.0 113.0 633.0 104.0 636.0 150.0 559.0 155.0 text 0
119.0 35.0 158.0 30.0 158.0 59.0 119.0 65.0 text 0
27.0 174.0 76.0 172.0 79.0 198.0 31.0 205.0 text 0
638.0 701.0 665.0 682.0 715.0 719.0 659.0 719.0 text 0
