1076.0 77.0 1190.0 76.0 1196.0 111.0 1082.0 112.0 text 0
766.0 334.0 819.0 333.0 818.0 347.0 764.0 348.0 text 0
698.0 167.0 739.0 166.0 739.0 178.0 698.0 179.0 text 0
705.0 178.0 733.0 178.0 733.0 185.0 705.0 185.0 text 0
743.0 76.0 781.0 52.0 784.0 82.0 746.0 106.0 text 0
754.0 99.0 780.0 86.0 781.0 102.0 756.0 115.0 text 0
480.0 192.0 505.0 191.0 505.0 206.0 480.0 207.0 text 0
552.0 112.0 579.0 111.0 579.0 125.0 552.0 126.0 text 0
740.0 74.0 780.0 53.0 783.0 80.0 741.0 107.0 text 0
753.0 102.0 781.0 86.0 782.0 101.0 753.0 116.0 text 0
590.0 70.0 627.0 66.0 626.0 76.0 591.0 80.0 text 0
553.0 136.0 577.0 136.0 577.0 141.0 555.0 142.0 text 0
583.0 0.0 621.0 0.0 626.0 31.0 587.0 36.0 text 0
549.0 84.0 577.0 82.0 577.0 110.0 551.0 110.0 text 0
527.0 139.0 547.0 141.0 550.0 161.0 531.0 163.0 text 0
427.0 188.0 476.0 188.0 475.0 202.0 428.0 203.0 text 0
487.0 211.0 505.0 213.0 505.0 218.0 486.0 218.0 text 0
1195.0 74.0 1279.0 77.0 1279.0 109.0 1201.0 111.0 text 0
0.0 178.0 74.0 166.0 73.0 197.0 1.0 210.0 text 0
0.0 82.0 17.0 81.0 16.0 91.0 0.0 92.0 text 0
0.0 0.0 19.0 0.0 19.0 34.0 1.0 31.0 text 0
600.0 158.0 624.0 142.0 626.0 158.0 602.0 177.0 text 0
571.0 190.0 586.0 179.0 588.0 193.0 574.0 203.0 text 0
555.0 213.0 565.0 207.0 566.0 215.0 557.0 223.0 text 0
361.0 365.0 388.0 363.0 389.0 375.0 361.0 378.0 text 0
