416.0 594.0 448.0 590.0 449.0 602.0 417.0 606.0 text 0
449.0 589.0 461.0 587.0 462.0 600.0 449.0 602.0 text 0
344.0 620.0 441.0 603.0 442.0 616.0 345.0 633.0 text 0
440.0 603.0 529.0 587.0 532.0 600.0 443.0 616.0 text 0
374.0 633.0 401.0 629.0 401.0 638.0 374.0 642.0 text 0
403.0 628.0 419.0 625.0 419.0 634.0 403.0 637.0 text 0
418.0 625.0 442.0 620.0 443.0 630.0 418.0 634.0 text 0
442.0 620.0 470.0 615.0 472.0 625.0 444.0 630.0 text 0
471.0 614.0 483.0 613.0 484.0 624.0 472.0 625.0 text 0
483.0 612.0 508.0 609.0 508.0 619.0 483.0 622.0 text 0
1230.0 304.0 1276.0 290.0 1277.0 320.0 1242.0 332.0 text 0
1205.0 313.0 1230.0 304.0 1234.0 315.0 1210.0 324.0 text 0
