315.0 93.0 344.0 90.0 344.0 107.0 315.0 110.0 text 0
238.0 90.0 311.0 87.0 311.0 110.0 238.0 113.0 text 0
100.0 96.0 157.0 92.0 156.0 117.0 99.0 120.0 text 0
158.0 94.0 203.0 93.0 204.0 113.0 159.0 114.0 text 0
204.0 93.0 235.0 91.0 236.0 111.0 205.0 113.0 text 0
436.0 399.0 469.0 391.0 474.0 435.0 440.0 443.0 text 0
131.0 438.0 419.0 386.0 420.0 454.0 132.0 506.0 text 0
646.0 81.0 668.0 81.0 669.0 97.0 647.0 97.0 text 0
668.0 81.0 737.0 77.0 739.0 93.0 670.0 97.0 text 0
736.0 80.0 771.0 79.0 771.0 94.0 737.0 95.0 text 0
771.0 76.0 783.0 77.0 783.0 90.0 771.0 89.0 text 0
784.0 77.0 829.0 74.0 828.0 89.0 783.0 91.0 text 0
106.0 124.0 348.0 111.0 350.0 132.0 108.0 144.0 text 0
649.0 106.0 831.0 95.0 831.0 104.0 649.0 115.0 text 0
854.0 203.0 907.0 198.0 908.0 210.0 855.0 215.0 text 0
957.0 550.0 1025.0 530.0 1025.0 542.0 957.0 562.0 text 0
956.0 562.0 1030.0 542.0 1028.0 554.0 954.0 574.0 text 0
957.0 572.0 1019.0 554.0 1019.0 571.0 957.0 590.0 text 0
1145.0 490.0 1200.0 476.0 1199.0 487.0 1144.0 501.0 text 0
1142.0 501.0 1200.0 488.0 1200.0 498.0 1142.0 511.0 text 0
1142.0 512.0 1193.0 499.0 1193.0 510.0 1142.0 523.0 text 0
