830.0 497.0 861.0 498.0 863.0 527.0 832.0 526.0 text 0
791.0 531.0 812.0 531.0 814.0 560.0 792.0 560.0 text 0
938.0 333.0 1107.0 328.0 1110.0 361.0 941.0 366.0 text 0
768.0 372.0 983.0 368.0 982.0 401.0 768.0 405.0 text 0
790.0 464.0 859.0 463.0 861.0 498.0 792.0 499.0 text 0
767.0 338.0 933.0 335.0 934.0 368.0 768.0 371.0 text 0
790.0 500.0 828.0 501.0 829.0 527.0 791.0 527.0 text 0
766.0 310.0 872.0 308.0 875.0 335.0 768.0 337.0 text 0
810.0 527.0 866.0 529.0 867.0 572.0 811.0 569.0 text 0
777.0 598.0 800.0 599.0 802.0 629.0 779.0 629.0 text 0
782.0 630.0 800.0 629.0 802.0 660.0 783.0 661.0 text 0
804.0 596.0 894.0 599.0 895.0 633.0 805.0 630.0 text 0
804.0 631.0 889.0 634.0 889.0 663.0 803.0 660.0 text 0
806.0 668.0 875.0 668.0 876.0 686.0 807.0 685.0 text 0
808.0 688.0 876.0 688.0 876.0 706.0 808.0 705.0 text 0
808.0 708.0 886.0 707.0 886.0 718.0 808.0 719.0 text 0
