583.0 213.0 619.0 213.0 619.0 229.0 583.0 229.0 text 0
895.0 351.0 926.0 351.0 926.0 365.0 895.0 365.0 text 0
675.0 368.0 698.0 368.0 697.0 374.0 675.0 374.0 text 0
679.0 377.0 698.0 377.0 699.0 384.0 679.0 384.0 text 0
535.0 183.0 565.0 185.0 565.0 202.0 535.0 201.0 text 0
674.0 358.0 692.0 358.0 693.0 363.0 675.0 364.0 text 0
568.0 183.0 603.0 185.0 603.0 204.0 568.0 202.0 text 0
606.0 186.0 630.0 186.0 630.0 202.0 607.0 202.0 text 0
622.0 213.0 639.0 213.0 640.0 229.0 623.0 229.0 text 0
619.0 240.0 645.0 240.0 645.0 256.0 619.0 256.0 text 0
578.0 257.0 594.0 257.0 594.0 273.0 578.0 273.0 text 0
544.0 240.0 617.0 240.0 617.0 256.0 544.0 255.0 text 0
549.0 258.0 573.0 258.0 573.0 272.0 549.0 272.0 text 0
862.0 212.0 873.0 212.0 872.0 232.0 861.0 231.0 text 0
696.0 291.0 716.0 288.0 717.0 306.0 696.0 309.0 text 0
