70.0 183.0 100.0 176.0 105.0 205.0 76.0 212.0 text 0
277.0 228.0 340.0 220.0 343.0 246.0 280.0 255.0 text 0
354.0 129.0 386.0 128.0 389.0 162.0 357.0 163.0 text 0
396.0 133.0 480.0 134.0 482.0 164.0 398.0 164.0 text 0
283.0 142.0 341.0 138.0 341.0 152.0 283.0 156.0 text 0
100.0 176.0 182.0 153.0 188.0 183.0 105.0 205.0 text 0
247.0 229.0 274.0 227.0 277.0 254.0 250.0 256.0 text 0
278.0 283.0 332.0 274.0 334.0 290.0 279.0 299.0 text 0
159.0 255.0 198.0 238.0 212.0 291.0 174.0 308.0 text 0
178.0 323.0 210.0 322.0 240.0 488.0 207.0 489.0 text 0
210.0 497.0 246.0 502.0 253.0 558.0 218.0 553.0 text 0
287.0 393.0 313.0 387.0 315.0 397.0 289.0 403.0 text 0
293.0 437.0 319.0 427.0 321.0 438.0 295.0 448.0 text 0
