649.0 216.0 728.0 215.0 729.0 229.0 649.0 230.0 text 0
437.0 272.0 543.0 271.0 544.0 351.0 438.0 351.0 text 0
446.0 127.0 481.0 128.0 480.0 140.0 446.0 139.0 text 0
539.0 125.0 591.0 124.0 590.0 139.0 538.0 140.0 text 0
445.0 158.0 479.0 158.0 479.0 171.0 445.0 171.0 text 0
446.0 96.0 529.0 94.0 529.0 107.0 446.0 109.0 text 0
536.0 92.0 592.0 92.0 592.0 106.0 536.0 107.0 text 0
538.0 154.0 592.0 154.0 592.0 170.0 537.0 170.0 text 0
536.0 374.0 563.0 373.0 563.0 388.0 537.0 388.0 text 0
536.0 444.0 581.0 443.0 581.0 458.0 536.0 459.0 text 0
536.0 408.0 590.0 408.0 590.0 423.0 536.0 423.0 text 0
439.0 377.0 510.0 378.0 511.0 389.0 439.0 388.0 text 0
439.0 413.0 469.0 412.0 469.0 422.0 439.0 423.0 text 0
439.0 445.0 478.0 445.0 477.0 459.0 438.0 460.0 text 0
