27.0 114.0 78.0 117.0 78.0 139.0 28.0 137.0 text 0
240.0 276.0 251.0 276.0 252.0 318.0 241.0 318.0 text 0
251.0 275.0 270.0 276.0 271.0 300.0 251.0 300.0 text 0
270.0 274.0 304.0 276.0 303.0 320.0 269.0 317.0 text 0
518.0 227.0 559.0 222.0 559.0 243.0 519.0 248.0 text 0
518.0 248.0 558.0 246.0 559.0 263.0 519.0 265.0 text 0
520.0 273.0 548.0 271.0 550.0 302.0 521.0 304.0 text 0
523.0 325.0 554.0 328.0 554.0 341.0 523.0 339.0 text 0
526.0 344.0 556.0 347.0 555.0 360.0 525.0 356.0 text 0
524.0 361.0 557.0 366.0 556.0 380.0 524.0 375.0 text 0
