676.0 46.0 709.0 37.0 713.0 54.0 679.0 62.0 text 0
280.0 51.0 303.0 49.0 303.0 62.0 281.0 64.0 text 0
569.0 70.0 599.0 63.0 604.0 80.0 574.0 87.0 text 0
496.0 87.0 565.0 71.0 570.0 88.0 501.0 104.0 text 0
298.0 3.0 335.0 0.0 336.0 10.0 299.0 13.0 text 0
604.0 61.0 618.0 58.0 623.0 75.0 609.0 78.0 text 0
294.0 15.0 338.0 13.0 339.0 26.0 295.0 28.0 text 0
308.0 48.0 329.0 46.0 330.0 59.0 309.0 61.0 text 0
335.0 46.0 357.0 44.0 358.0 57.0 336.0 59.0 text 0
281.0 66.0 303.0 63.0 304.0 76.0 281.0 79.0 text 0
307.0 64.0 330.0 61.0 330.0 73.0 307.0 76.0 text 0
335.0 60.0 357.0 59.0 357.0 73.0 335.0 73.0 text 0
381.0 44.0 407.0 41.0 408.0 53.0 382.0 55.0 text 0
