993.0 543.0 1010.0 544.0 1013.0 561.0 996.0 560.0 text 0
1014.0 546.0 1067.0 548.0 1065.0 563.0 1012.0 561.0 text 0
971.0 317.0 1244.0 276.0 1257.0 337.0 984.0 379.0 text 0
886.0 391.0 967.0 381.0 975.0 421.0 895.0 431.0 text 0
973.0 379.0 1120.0 360.0 1129.0 404.0 982.0 424.0 text 0
942.0 347.0 977.0 343.0 984.0 380.0 949.0 384.0 text 0
1122.0 355.0 1266.0 335.0 1277.0 381.0 1133.0 401.0 text 0
871.0 345.0 934.0 333.0 941.0 383.0 878.0 394.0 text 0
951.0 447.0 996.0 447.0 997.0 462.0 952.0 462.0 text 0
996.0 446.0 1012.0 446.0 1011.0 460.0 995.0 460.0 text 0
1010.0 444.0 1045.0 444.0 1047.0 461.0 1011.0 461.0 text 0
1221.0 477.0 1234.0 476.0 1237.0 496.0 1225.0 497.0 text 0
1203.0 401.0 1255.0 397.0 1265.0 439.0 1212.0 443.0 text 0
1235.0 479.0 1274.0 474.0 1277.0 509.0 1238.0 513.0 text 0
897.0 473.0 917.0 476.0 917.0 492.0 897.0 489.0 text 0
918.0 477.0 930.0 477.0 930.0 492.0 918.0 492.0 text 0
928.0 474.0 967.0 475.0 969.0 494.0 930.0 493.0 text 0
968.0 475.0 1023.0 475.0 1024.0 494.0 969.0 494.0 text 0
1022.0 470.0 1048.0 469.0 1050.0 491.0 1024.0 492.0 text 0
1048.0 472.0 1129.0 473.0 1128.0 493.0 1047.0 492.0 text 0
903.0 493.0 924.0 497.0 922.0 513.0 902.0 509.0 text 0
924.0 499.0 935.0 498.0 935.0 513.0 924.0 513.0 text 0
935.0 497.0 957.0 496.0 957.0 511.0 935.0 512.0 text 0
954.0 494.0 1061.0 496.0 1062.0 517.0 955.0 515.0 text 0
1061.0 496.0 1130.0 496.0 1131.0 519.0 1062.0 519.0 text 0
915.0 516.0 964.0 517.0 964.0 537.0 915.0 536.0 text 0
964.0 516.0 1002.0 518.0 1002.0 539.0 964.0 537.0 text 0
1009.0 517.0 1060.0 520.0 1061.0 541.0 1010.0 538.0 text 0
1060.0 522.0 1108.0 521.0 1108.0 540.0 1060.0 541.0 text 0
964.0 544.0 996.0 546.0 997.0 558.0 965.0 556.0 text 0
927.0 556.0 994.0 560.0 993.0 575.0 927.0 571.0 text 0
992.0 560.0 1011.0 561.0 1010.0 577.0 991.0 575.0 text 0
1008.0 561.0 1028.0 560.0 1027.0 575.0 1007.0 576.0 text 0
1024.0 562.0 1076.0 565.0 1074.0 581.0 1022.0 578.0 text 0
1073.0 562.0 1110.0 565.0 1110.0 582.0 1072.0 580.0 text 0
902.0 583.0 926.0 585.0 926.0 600.0 902.0 598.0 text 0
926.0 586.0 941.0 588.0 941.0 600.0 926.0 598.0 text 0
940.0 586.0 969.0 587.0 969.0 602.0 940.0 601.0 text 0
993.0 606.0 1062.0 614.0 1063.0 629.0 994.0 622.0 text 0
1061.0 616.0 1092.0 618.0 1091.0 631.0 1060.0 630.0 text 0
1092.0 613.0 1190.0 622.0 1190.0 642.0 1093.0 633.0 text 0
1190.0 622.0 1238.0 627.0 1236.0 646.0 1189.0 642.0 text 0
912.0 676.0 949.0 680.0 948.0 695.0 911.0 690.0 text 0
948.0 682.0 975.0 688.0 972.0 701.0 945.0 695.0 text 0
973.0 684.0 1030.0 692.0 1029.0 708.0 973.0 700.0 text 0
1222.0 660.0 1247.0 664.0 1246.0 681.0 1222.0 678.0 text 0
1247.0 665.0 1279.0 669.0 1277.0 685.0 1245.0 681.0 text 0
978.0 635.0 996.0 637.0 996.0 650.0 978.0 648.0 text 0
994.0 639.0 1016.0 639.0 1015.0 652.0 994.0 652.0 text 0
1013.0 639.0 1032.0 641.0 1032.0 654.0 1013.0 652.0 text 0
1031.0 640.0 1047.0 642.0 1046.0 656.0 1029.0 655.0 text 0
1048.0 642.0 1066.0 644.0 1066.0 657.0 1048.0 655.0 text 0
979.0 649.0 991.0 651.0 989.0 664.0 978.0 662.0 text 0
991.0 652.0 1016.0 655.0 1015.0 668.0 990.0 664.0 text 0
1016.0 653.0 1032.0 655.0 1032.0 671.0 1015.0 669.0 text 0
1030.0 655.0 1060.0 659.0 1058.0 674.0 1028.0 670.0 text 0
1216.0 458.0 1275.0 454.0 1278.0 466.0 1218.0 470.0 text 0
1224.0 678.0 1277.0 688.0 1278.0 705.0 1225.0 695.0 text 0
1215.0 441.0 1265.0 441.0 1265.0 448.0 1216.0 449.0 text 0
