459.0 237.0 507.0 231.0 508.0 242.0 460.0 248.0 text 0
510.0 258.0 563.0 249.0 564.0 258.0 511.0 267.0 text 0
816.0 56.0 860.0 51.0 863.0 70.0 820.0 75.0 text 0
1134.0 89.0 1200.0 88.0 1199.0 105.0 1133.0 107.0 text 0
518.0 226.0 552.0 221.0 555.0 251.0 520.0 257.0 text 0
814.0 36.0 848.0 33.0 850.0 50.0 816.0 53.0 text 0
460.0 219.0 504.0 214.0 505.0 232.0 460.0 237.0 text 0
70.0 78.0 268.0 78.0 270.0 106.0 72.0 106.0 text 0
457.0 244.0 507.0 242.0 508.0 269.0 457.0 271.0 text 0
472.0 284.0 524.0 275.0 525.0 283.0 472.0 292.0 text 0
471.0 293.0 521.0 284.0 523.0 293.0 474.0 302.0 text 0
474.0 301.0 529.0 292.0 529.0 300.0 474.0 309.0 text 0
474.0 326.0 524.0 315.0 525.0 324.0 475.0 335.0 text 0
476.0 335.0 547.0 319.0 547.0 328.0 477.0 344.0 text 0
477.0 343.0 562.0 324.0 563.0 333.0 477.0 352.0 text 0
52.0 1.0 268.0 5.0 269.0 76.0 53.0 72.0 text 0
18.0 74.0 44.0 74.0 46.0 101.0 21.0 101.0 text 0
