830.0 95.0 878.0 74.0 886.0 130.0 838.0 152.0 text 0
931.0 314.0 969.0 318.0 969.0 325.0 931.0 322.0 text 0
858.0 349.0 889.0 352.0 889.0 368.0 859.0 365.0 text 0
855.0 273.0 896.0 272.0 896.0 281.0 856.0 283.0 text 0
854.0 243.0 892.0 241.0 893.0 252.0 855.0 254.0 text 0
881.0 67.0 985.0 1.0 1023.0 63.0 890.0 128.0 text 0
944.0 298.0 985.0 298.0 985.0 308.0 944.0 308.0 text 0
935.0 323.0 1021.0 333.0 1022.0 341.0 935.0 332.0 text 0
938.0 333.0 965.0 338.0 965.0 346.0 937.0 341.0 text 0
584.0 183.0 679.0 158.0 686.0 193.0 591.0 218.0 text 0
321.0 248.0 393.0 245.0 394.0 264.0 323.0 268.0 text 0
402.0 246.0 441.0 245.0 440.0 263.0 401.0 264.0 text 0
381.0 263.0 443.0 261.0 442.0 268.0 380.0 270.0 text 0
