41.0 680.0 100.0 661.0 103.0 679.0 44.0 698.0 text 0
570.0 637.0 639.0 615.0 644.0 635.0 575.0 657.0 text 0
559.0 547.0 649.0 521.0 653.0 541.0 563.0 567.0 text 0
951.0 703.0 1024.0 666.0 1031.0 699.0 988.0 718.0 text 0
624.0 45.0 645.0 42.0 652.0 135.0 631.0 137.0 text 0
42.0 646.0 160.0 614.0 163.0 650.0 45.0 681.0 text 0
168.0 610.0 231.0 595.0 236.0 627.0 172.0 642.0 text 0
631.0 145.0 651.0 144.0 660.0 252.0 640.0 253.0 text 0
565.0 586.0 626.0 567.0 634.0 617.0 573.0 636.0 text 0
302.0 695.0 410.0 660.0 415.0 682.0 307.0 717.0 text 0
105.0 661.0 234.0 624.0 235.0 640.0 107.0 677.0 text 0
256.0 514.0 355.0 490.0 360.0 500.0 260.0 524.0 text 0
395.0 502.0 478.0 477.0 484.0 496.0 401.0 521.0 text 0
681.0 513.0 750.0 495.0 751.0 513.0 683.0 531.0 text 0
535.0 453.0 575.0 503.0 544.0 512.0 504.0 462.0 text 0
92.0 525.0 195.0 504.0 195.0 515.0 91.0 536.0 text 0
764.0 39.0 778.0 38.0 778.0 89.0 764.0 90.0 text 0
780.0 2.0 796.0 1.0 796.0 92.0 780.0 93.0 text 0
568.0 478.0 616.0 459.0 641.0 486.0 593.0 505.0 text 0
681.0 382.0 778.0 442.0 774.0 457.0 677.0 397.0 text 0
2.0 687.0 46.0 674.0 42.0 695.0 0.0 708.0 text 0
1.0 667.0 19.0 660.0 12.0 685.0 0.0 690.0 text 0
362.0 467.0 475.0 439.0 477.0 449.0 368.0 476.0 text 0
634.0 451.0 664.0 481.0 647.0 487.0 617.0 457.0 text 0
658.0 450.0 691.0 478.0 668.0 481.0 635.0 453.0 text 0
649.0 429.0 706.0 472.0 688.0 476.0 631.0 432.0 text 0
679.0 431.0 733.0 468.0 720.0 472.0 666.0 434.0 text 0
767.0 104.0 783.0 104.0 788.0 136.0 772.0 136.0 text 0
844.0 459.0 880.0 454.0 880.0 473.0 844.0 478.0 text 0
761.0 0.0 777.0 0.0 777.0 33.0 761.0 33.0 text 0
619.0 1.0 633.0 1.0 635.0 30.0 621.0 29.0 text 0
627.0 48.0 640.0 245.0 630.0 248.0 617.0 51.0 text 0
511.0 502.0 541.0 542.0 539.0 556.0 508.0 515.0 text 0
