474.0 189.0 511.0 188.0 510.0 203.0 473.0 205.0 text 0
620.0 165.0 679.0 165.0 680.0 186.0 620.0 185.0 text 0
262.0 197.0 321.0 196.0 322.0 209.0 263.0 210.0 text 0
324.0 196.0 386.0 192.0 387.0 207.0 325.0 210.0 text 0
386.0 193.0 400.0 193.0 400.0 206.0 387.0 206.0 text 0
228.0 198.0 263.0 198.0 264.0 214.0 229.0 213.0 text 0
400.0 192.0 449.0 190.0 449.0 205.0 401.0 207.0 text 0
213.0 201.0 229.0 200.0 230.0 212.0 214.0 213.0 text 0
449.0 191.0 473.0 190.0 473.0 202.0 448.0 203.0 text 0
589.0 192.0 645.0 190.0 646.0 211.0 590.0 213.0 text 0
664.0 189.0 707.0 188.0 707.0 208.0 664.0 210.0 text 0
620.0 217.0 651.0 216.0 653.0 239.0 623.0 240.0 text 0
649.0 217.0 677.0 216.0 677.0 237.0 649.0 237.0 text 0
646.0 188.0 662.0 187.0 661.0 210.0 646.0 210.0 text 0
1171.0 163.0 1186.0 161.0 1186.0 177.0 1172.0 178.0 text 0
683.0 562.0 804.0 522.0 811.0 553.0 690.0 593.0 text 0
1016.0 106.0 1133.0 106.0 1135.0 134.0 1018.0 134.0 text 0
