20.0 157.0 37.0 168.0 28.0 183.0 10.0 171.0 text 0
602.0 64.0 644.0 64.0 649.0 309.0 608.0 308.0 text 0
257.0 167.0 294.0 163.0 294.0 178.0 257.0 182.0 text 0
290.0 164.0 309.0 161.0 311.0 175.0 293.0 178.0 text 0
308.0 160.0 349.0 157.0 350.0 171.0 308.0 175.0 text 0
571.0 322.0 648.0 320.0 648.0 336.0 571.0 339.0 text 0
1.0 78.0 125.0 67.0 125.0 112.0 1.0 122.0 text 0
236.0 157.0 251.0 146.0 261.0 163.0 246.0 174.0 text 0
501.0 151.0 590.0 151.0 590.0 175.0 501.0 175.0 text 0
198.0 165.0 219.0 166.0 219.0 185.0 198.0 185.0 text 0
166.0 150.0 182.0 160.0 172.0 175.0 156.0 165.0 text 0
75.0 166.0 90.0 155.0 100.0 168.0 86.0 179.0 text 0
49.0 173.0 66.0 173.0 65.0 191.0 48.0 191.0 text 0
829.0 27.0 835.0 24.0 836.0 42.0 829.0 45.0 text 0
830.0 51.0 836.0 49.0 836.0 67.0 830.0 70.0 text 0
828.0 76.0 838.0 73.0 838.0 91.0 828.0 94.0 text 0
828.0 100.0 839.0 98.0 838.0 115.0 828.0 118.0 text 0
828.0 126.0 838.0 121.0 839.0 138.0 829.0 142.0 text 0
828.0 166.0 840.0 163.0 840.0 180.0 828.0 183.0 text 0
796.0 43.0 816.0 38.0 817.0 54.0 797.0 60.0 text 0
795.0 64.0 817.0 57.0 817.0 77.0 795.0 85.0 text 0
797.0 87.0 820.0 78.0 820.0 99.0 797.0 108.0 text 0
797.0 110.0 819.0 102.0 817.0 123.0 795.0 132.0 text 0
796.0 133.0 819.0 124.0 819.0 141.0 797.0 150.0 text 0
801.0 170.0 815.0 168.0 816.0 185.0 803.0 188.0 text 0
964.0 85.0 1048.0 92.0 1050.0 125.0 965.0 118.0 text 0
488.0 177.0 566.0 175.0 570.0 197.0 492.0 200.0 text 0
