323.0 354.0 393.0 362.0 392.0 376.0 322.0 369.0 text 0
595.0 206.0 626.0 210.0 623.0 227.0 593.0 223.0 text 0
528.0 130.0 549.0 133.0 546.0 154.0 525.0 152.0 text 0
220.0 36.0 308.0 50.0 305.0 64.0 217.0 50.0 text 0
230.0 343.0 305.0 351.0 303.0 368.0 228.0 359.0 text 0
589.0 143.0 632.0 149.0 629.0 169.0 586.0 162.0 text 0
879.0 192.0 925.0 200.0 924.0 216.0 878.0 208.0 text 0
964.0 201.0 985.0 206.0 982.0 225.0 961.0 220.0 text 0
962.0 347.0 1024.0 351.0 1020.0 372.0 958.0 367.0 text 0
1208.0 483.0 1275.0 492.0 1271.0 520.0 1205.0 511.0 text 0
1060.0 371.0 1120.0 375.0 1118.0 401.0 1058.0 397.0 text 0
735.0 352.0 758.0 354.0 755.0 383.0 731.0 382.0 text 0
1034.0 335.0 1128.0 340.0 1128.0 360.0 1034.0 355.0 text 0
3.0 212.0 61.0 223.0 57.0 251.0 0.0 240.0 text 0
