975.0 564.0 1014.0 573.0 1008.0 612.0 969.0 603.0 text 0
1004.0 509.0 1074.0 525.0 1071.0 543.0 1001.0 527.0 text 0
1039.0 383.0 1124.0 393.0 1123.0 420.0 1038.0 410.0 text 0
996.0 488.0 1034.0 496.0 1033.0 516.0 994.0 507.0 text 0
1037.0 495.0 1076.0 503.0 1072.0 524.0 1033.0 515.0 text 0
771.0 35.0 825.0 19.0 827.0 42.0 774.0 58.0 text 0
1073.0 505.0 1167.0 525.0 1163.0 543.0 1069.0 523.0 text 0
722.0 53.0 775.0 35.0 775.0 61.0 722.0 79.0 text 0
1071.0 523.0 1141.0 541.0 1140.0 560.0 1070.0 543.0 text 0
1120.0 576.0 1176.0 591.0 1174.0 630.0 1118.0 615.0 text 0
1033.0 577.0 1101.0 594.0 1096.0 611.0 1028.0 594.0 text 0
1018.0 641.0 1046.0 652.0 1045.0 672.0 1017.0 662.0 text 0
1051.0 651.0 1111.0 674.0 1106.0 694.0 1046.0 672.0 text 0
984.0 646.0 1047.0 673.0 1044.0 694.0 980.0 667.0 text 0
924.0 489.0 946.0 487.0 945.0 512.0 923.0 514.0 text 0
945.0 489.0 975.0 489.0 975.0 514.0 945.0 515.0 text 0
