58.0 80.0 191.0 71.0 194.0 114.0 61.0 123.0 text 0
147.0 21.0 176.0 21.0 176.0 36.0 147.0 36.0 text 0
328.0 75.0 391.0 81.0 387.0 112.0 326.0 113.0 text 0
401.0 76.0 448.0 84.0 445.0 108.0 402.0 111.0 text 0
780.0 7.0 1015.0 6.0 1016.0 37.0 788.0 42.0 text 0
221.0 72.0 311.0 80.0 312.0 117.0 222.0 118.0 text 0
113.0 19.0 144.0 19.0 144.0 33.0 113.0 33.0 text 0
257.0 28.0 308.0 28.0 308.0 57.0 257.0 57.0 text 0
140.0 120.0 196.0 115.0 195.0 129.0 141.0 133.0 text 0
86.0 176.0 110.0 177.0 112.0 189.0 89.0 196.0 text 0
101.0 193.0 129.0 185.0 132.0 198.0 103.0 204.0 text 0
223.0 175.0 244.0 150.0 294.0 183.0 235.0 197.0 text 0
140.0 239.0 174.0 232.0 176.0 247.0 142.0 256.0 text 0
