520.0 141.0 572.0 133.0 574.0 147.0 522.0 154.0 text 0
760.0 518.0 878.0 494.0 879.0 508.0 761.0 532.0 text 0
575.0 451.0 656.0 436.0 655.0 448.0 574.0 463.0 text 0
570.0 324.0 641.0 311.0 642.0 323.0 572.0 335.0 text 0
457.0 594.0 516.0 579.0 518.0 594.0 459.0 610.0 text 0
595.0 543.0 674.0 527.0 675.0 539.0 596.0 555.0 text 0
438.0 471.0 498.0 460.0 499.0 475.0 440.0 487.0 text 0
503.0 130.0 563.0 122.0 564.0 135.0 504.0 144.0 text 0
134.0 200.0 197.0 189.0 199.0 204.0 136.0 215.0 text 0
150.0 212.0 206.0 201.0 209.0 216.0 153.0 227.0 text 0
129.0 527.0 191.0 516.0 195.0 529.0 132.0 541.0 text 0
347.0 615.0 403.0 604.0 404.0 617.0 349.0 628.0 text 0
365.0 623.0 414.0 614.0 416.0 625.0 367.0 635.0 text 0
424.0 350.0 490.0 337.0 491.0 349.0 426.0 362.0 text 0
