206.0 389.0 300.0 368.0 303.0 391.0 209.0 412.0 text 0
164.0 250.0 230.0 252.0 232.0 268.0 166.0 266.0 text 0
463.0 251.0 524.0 253.0 524.0 265.0 463.0 264.0 text 0
572.0 410.0 647.0 412.0 647.0 423.0 573.0 421.0 text 0
674.0 412.0 743.0 417.0 743.0 429.0 674.0 424.0 text 0
1083.0 407.0 1124.0 407.0 1124.0 424.0 1082.0 424.0 text 0
585.0 442.0 632.0 444.0 631.0 458.0 584.0 455.0 text 0
489.0 414.0 524.0 414.0 524.0 430.0 489.0 430.0 text 0
138.0 491.0 180.0 500.0 178.0 520.0 136.0 511.0 text 0
182.0 284.0 199.0 285.0 199.0 301.0 182.0 299.0 text 0
189.0 269.0 215.0 271.0 218.0 311.0 192.0 309.0 text 0
263.0 274.0 290.0 257.0 292.0 282.0 264.0 299.0 text 0
258.0 259.0 297.0 236.0 297.0 250.0 257.0 273.0 text 0
265.0 310.0 302.0 285.0 302.0 299.0 265.0 325.0 text 0
131.0 103.0 139.0 103.0 147.0 147.0 138.0 147.0 text 0
699.0 266.0 738.0 268.0 737.0 279.0 698.0 278.0 text 0
974.0 262.0 1018.0 266.0 1017.0 291.0 973.0 286.0 text 0
459.0 284.0 506.0 286.0 506.0 293.0 459.0 291.0 text 0
459.0 292.0 501.0 293.0 501.0 297.0 459.0 296.0 text 0
68.0 86.0 86.0 88.0 115.0 200.0 96.0 199.0 text 0
230.0 429.0 263.0 436.0 260.0 447.0 228.0 439.0 text 0
1204.0 442.0 1251.0 444.0 1252.0 457.0 1205.0 456.0 text 0
910.0 486.0 937.0 486.0 937.0 496.0 910.0 496.0 text 0
904.0 496.0 949.0 500.0 949.0 507.0 904.0 502.0 text 0
900.0 503.0 957.0 509.0 958.0 516.0 901.0 509.0 text 0
909.0 507.0 950.0 511.0 950.0 518.0 909.0 514.0 text 0
925.0 526.0 959.0 529.0 959.0 536.0 925.0 533.0 text 0
931.0 553.0 965.0 558.0 965.0 566.0 931.0 560.0 text 0
933.0 585.0 968.0 589.0 968.0 596.0 933.0 592.0 text 0
940.0 614.0 978.0 619.0 979.0 628.0 941.0 623.0 text 0
941.0 621.0 963.0 623.0 963.0 631.0 941.0 628.0 text 0
945.0 649.0 970.0 653.0 971.0 663.0 947.0 658.0 text 0
943.0 659.0 976.0 662.0 977.0 671.0 945.0 668.0 text 0
