58.0 292.0 135.0 282.0 138.0 311.0 61.0 321.0 text 0
137.0 285.0 173.0 280.0 174.0 306.0 138.0 312.0 text 0
75.0 512.0 138.0 499.0 142.0 516.0 80.0 529.0 text 0
138.0 500.0 147.0 497.0 150.0 514.0 141.0 516.0 text 0
148.0 497.0 214.0 483.0 217.0 499.0 152.0 514.0 text 0
215.0 482.0 283.0 468.0 285.0 486.0 217.0 500.0 text 0
1.0 527.0 76.0 512.0 79.0 529.0 2.0 542.0 text 0
29.0 560.0 188.0 526.0 197.0 552.0 38.0 586.0 text 0
70.0 577.0 161.0 556.0 164.0 570.0 74.0 590.0 text 0
2.0 297.0 54.0 292.0 53.0 322.0 1.0 327.0 text 0
