484.0 90.0 540.0 77.0 541.0 91.0 486.0 104.0 text 0
396.0 94.0 465.0 80.0 466.0 101.0 397.0 115.0 text 0
1245.0 61.0 1266.0 58.0 1270.0 75.0 1248.0 77.0 text 0
322.0 111.0 371.0 100.0 372.0 120.0 324.0 131.0 text 0
376.0 98.0 396.0 93.0 398.0 113.0 378.0 118.0 text 0
1169.0 77.0 1182.0 75.0 1181.0 87.0 1168.0 89.0 text 0
1138.0 78.0 1168.0 75.0 1170.0 90.0 1140.0 93.0 text 0
363.0 204.0 435.0 206.0 434.0 223.0 362.0 221.0 text 0
562.0 180.0 606.0 173.0 606.0 184.0 562.0 191.0 text 0
931.0 192.0 971.0 189.0 971.0 204.0 932.0 207.0 text 0
1038.0 185.0 1063.0 183.0 1064.0 196.0 1040.0 198.0 text 0
1143.0 168.0 1245.0 154.0 1248.0 170.0 1146.0 185.0 text 0
