1024.0 114.0 1057.0 114.0 1060.0 139.0 1028.0 140.0 text 0
879.0 125.0 959.0 120.0 964.0 147.0 881.0 153.0 text 0
556.0 149.0 620.0 144.0 625.0 176.0 559.0 181.0 text 0
621.0 145.0 670.0 141.0 671.0 165.0 623.0 169.0 text 0
673.0 141.0 718.0 138.0 721.0 167.0 677.0 170.0 text 0
343.0 163.0 412.0 158.0 417.0 186.0 347.0 192.0 text 0
418.0 158.0 532.0 150.0 537.0 177.0 421.0 186.0 text 0
735.0 137.0 814.0 131.0 820.0 158.0 740.0 165.0 text 0
832.0 129.0 877.0 125.0 880.0 148.0 835.0 151.0 text 0
972.0 120.0 1021.0 116.0 1026.0 139.0 975.0 142.0 text 0
1065.0 112.0 1113.0 108.0 1117.0 130.0 1069.0 134.0 text 0
1112.0 109.0 1143.0 106.0 1146.0 129.0 1115.0 132.0 text 0
1149.0 107.0 1192.0 104.0 1197.0 122.0 1153.0 125.0 text 0
1194.0 103.0 1242.0 101.0 1245.0 120.0 1197.0 122.0 text 0
749.0 207.0 794.0 202.0 802.0 243.0 757.0 247.0 text 0
1000.0 403.0 1202.0 343.0 1219.0 398.0 1014.0 462.0 text 0
1032.0 461.0 1060.0 451.0 1065.0 475.0 1035.0 485.0 text 0
1071.0 449.0 1179.0 416.0 1184.0 436.0 1075.0 469.0 text 0
795.0 204.0 826.0 201.0 829.0 216.0 797.0 219.0 text 0
826.0 200.0 856.0 198.0 858.0 213.0 829.0 216.0 text 0
856.0 198.0 888.0 194.0 891.0 209.0 859.0 212.0 text 0
798.0 222.0 839.0 216.0 842.0 233.0 801.0 238.0 text 0
840.0 216.0 853.0 214.0 854.0 230.0 842.0 231.0 text 0
1247.0 101.0 1277.0 101.0 1278.0 117.0 1251.0 117.0 text 0
