654.0 42.0 691.0 26.0 693.0 53.0 656.0 69.0 text 0
691.0 25.0 714.0 16.0 714.0 46.0 691.0 55.0 text 0
1024.0 555.0 1121.0 590.0 1119.0 611.0 1018.0 575.0 text 0
1047.0 585.0 1118.0 611.0 1117.0 633.0 1042.0 606.0 text 0
617.0 57.0 628.0 53.0 630.0 79.0 617.0 84.0 text 0
988.0 518.0 1120.0 566.0 1118.0 588.0 988.0 540.0 text 0
631.0 51.0 655.0 45.0 655.0 69.0 630.0 79.0 text 0
1185.0 582.0 1275.0 608.0 1277.0 668.0 1182.0 637.0 text 0
710.0 61.0 727.0 53.0 730.0 83.0 712.0 91.0 text 0
730.0 53.0 755.0 44.0 755.0 76.0 731.0 85.0 text 0
759.0 38.0 874.0 3.0 874.0 42.0 758.0 77.0 text 0
415.0 147.0 471.0 126.0 472.0 139.0 418.0 158.0 text 0
440.0 154.0 485.0 140.0 485.0 158.0 441.0 170.0 text 0
824.0 140.0 859.0 103.0 870.0 125.0 834.0 163.0 text 0
262.0 174.0 292.0 175.0 292.0 191.0 262.0 190.0 text 0
714.0 15.0 753.0 1.0 827.0 3.0 715.0 47.0 text 0
881.0 3.0 952.0 0.0 952.0 15.0 882.0 35.0 text 0
950.0 0.0 964.0 0.0 965.0 13.0 951.0 14.0 text 0
524.0 358.0 597.0 373.0 598.0 417.0 525.0 398.0 text 0
