578.0 382.0 641.0 384.0 642.0 408.0 579.0 406.0 text 0
580.0 326.0 630.0 327.0 631.0 350.0 581.0 349.0 text 0
545.0 95.0 606.0 88.0 609.0 113.0 547.0 120.0 text 0
546.0 126.0 612.0 117.0 615.0 142.0 550.0 151.0 text 0
561.0 152.0 601.0 150.0 604.0 175.0 564.0 177.0 text 0
571.0 38.0 616.0 30.0 619.0 55.0 574.0 62.0 text 0
560.0 183.0 612.0 178.0 614.0 205.0 562.0 210.0 text 0
520.0 50.0 569.0 40.0 574.0 65.0 524.0 74.0 text 0
551.0 215.0 631.0 211.0 632.0 234.0 552.0 237.0 text 0
545.0 242.0 592.0 241.0 595.0 265.0 547.0 266.0 text 0
591.0 240.0 641.0 240.0 644.0 265.0 594.0 265.0 text 0
554.0 271.0 640.0 270.0 641.0 294.0 556.0 295.0 text 0
576.0 296.0 626.0 296.0 626.0 320.0 576.0 319.0 text 0
572.0 352.0 643.0 354.0 644.0 379.0 573.0 377.0 text 0
571.0 409.0 660.0 416.0 661.0 440.0 572.0 433.0 text 0
583.0 437.0 650.0 443.0 653.0 468.0 586.0 462.0 text 0
593.0 465.0 646.0 471.0 648.0 496.0 595.0 490.0 text 0
586.0 492.0 660.0 501.0 661.0 524.0 586.0 515.0 text 0
577.0 518.0 629.0 525.0 630.0 550.0 578.0 543.0 text 0
629.0 524.0 679.0 532.0 678.0 556.0 628.0 549.0 text 0
598.0 548.0 666.0 561.0 665.0 582.0 597.0 569.0 text 0
611.0 574.0 656.0 582.0 656.0 607.0 612.0 598.0 text 0
726.0 118.0 800.0 113.0 801.0 130.0 727.0 136.0 text 0
285.0 113.0 312.0 111.0 313.0 123.0 286.0 124.0 text 0
286.0 125.0 318.0 123.0 319.0 135.0 287.0 138.0 text 0
415.0 452.0 495.0 419.0 496.0 433.0 416.0 466.0 text 0
0.0 539.0 85.0 510.0 92.0 562.0 6.0 591.0 text 0
499.0 8.0 548.0 0.0 550.0 15.0 501.0 26.0 text 0
536.0 19.0 598.0 7.0 598.0 19.0 537.0 31.0 text 0
550.0 1.0 599.0 1.0 600.0 3.0 550.0 13.0 text 0
0.0 165.0 42.0 161.0 43.0 176.0 1.0 181.0 text 0
2.0 188.0 38.0 182.0 36.0 198.0 0.0 204.0 text 0
1015.0 148.0 1044.0 140.0 1046.0 179.0 1016.0 187.0 text 0
