731.0 63.0 885.0 55.0 884.0 104.0 730.0 112.0 text 0
748.0 109.0 859.0 106.0 859.0 121.0 748.0 125.0 text 0
491.0 168.0 515.0 168.0 514.0 181.0 490.0 180.0 text 0
339.0 270.0 376.0 269.0 375.0 294.0 339.0 296.0 text 0
931.0 281.0 963.0 281.0 963.0 293.0 931.0 293.0 text 0
813.0 222.0 857.0 221.0 857.0 234.0 813.0 235.0 text 0
552.0 206.0 599.0 206.0 599.0 223.0 552.0 223.0 text 0
0.0 109.0 95.0 104.0 100.0 139.0 2.0 143.0 text 0
514.0 0.0 536.0 15.0 535.0 32.0 489.0 2.0 text 0
339.0 212.0 358.0 213.0 356.0 349.0 334.0 354.0 text 0
1257.0 298.0 1276.0 298.0 1275.0 316.0 1257.0 318.0 text 0
644.0 275.0 671.0 277.0 670.0 287.0 644.0 286.0 text 0
