1055.0 136.0 1102.0 128.0 1102.0 140.0 1055.0 147.0 text 0
25.0 49.0 214.0 45.0 214.0 84.0 25.0 89.0 text 0
110.0 79.0 200.0 81.0 201.0 99.0 111.0 96.0 text 0
404.0 166.0 450.0 150.0 448.0 178.0 403.0 194.0 text 0
1052.0 124.0 1101.0 117.0 1101.0 128.0 1052.0 135.0 text 0
73.0 85.0 103.0 80.0 103.0 98.0 73.0 103.0 text 0
446.0 148.0 499.0 132.0 501.0 163.0 447.0 179.0 text 0
423.0 150.0 467.0 135.0 469.0 145.0 425.0 160.0 text 0
780.0 46.0 867.0 17.0 871.0 34.0 784.0 62.0 text 0
773.0 29.0 858.0 1.0 869.0 16.0 779.0 48.0 text 0
865.0 0.0 928.0 0.0 933.0 13.0 873.0 31.0 text 0
