822.0 247.0 837.0 246.0 838.0 266.0 823.0 267.0 text 0
6.0 640.0 102.0 617.0 102.0 644.0 6.0 666.0 text 0
373.0 188.0 397.0 188.0 397.0 219.0 373.0 219.0 text 0
97.0 239.0 212.0 238.0 213.0 267.0 98.0 268.0 text 0
214.0 240.0 347.0 239.0 347.0 266.0 214.0 267.0 text 0
4.0 590.0 101.0 571.0 102.0 613.0 5.0 632.0 text 0
769.0 247.0 822.0 245.0 823.0 267.0 769.0 269.0 text 0
838.0 246.0 888.0 245.0 887.0 268.0 838.0 269.0 text 0
892.0 247.0 916.0 246.0 916.0 267.0 892.0 268.0 text 0
918.0 245.0 962.0 245.0 962.0 265.0 918.0 265.0 text 0
964.0 245.0 1003.0 243.0 1002.0 264.0 962.0 267.0 text 0
1092.0 239.0 1148.0 235.0 1149.0 257.0 1093.0 261.0 text 0
