965.0 350.0 1012.0 353.0 1007.0 366.0 960.0 363.0 text 0
1015.0 351.0 1056.0 356.0 1052.0 371.0 1010.0 366.0 text 0
228.0 596.0 268.0 595.0 270.0 628.0 230.0 629.0 text 0
946.0 440.0 1061.0 454.0 1037.0 532.0 952.0 516.0 text 0
945.0 422.0 1068.0 437.0 1062.0 451.0 945.0 437.0 text 0
943.0 411.0 970.0 414.0 969.0 417.0 942.0 414.0 text 0
972.0 415.0 1000.0 417.0 1001.0 421.0 973.0 418.0 text 0
1003.0 418.0 1027.0 420.0 1029.0 427.0 1005.0 425.0 text 0
1033.0 422.0 1064.0 424.0 1064.0 427.0 1033.0 425.0 text 0
987.0 303.0 1077.0 304.0 1062.0 334.0 974.0 332.0 text 0
1022.0 160.0 1054.0 157.0 1055.0 165.0 1022.0 168.0 text 0
1028.0 142.0 1038.0 141.0 1038.0 149.0 1028.0 150.0 text 0
1.0 486.0 112.0 442.0 136.0 485.0 1.0 544.0 text 0
