114.0 389.0 153.0 384.0 157.0 409.0 118.0 414.0 text 0
42.0 430.0 109.0 418.0 112.0 444.0 45.0 457.0 text 0
270.0 233.0 435.0 222.0 438.0 253.0 273.0 264.0 text 0
21.0 308.0 107.0 298.0 108.0 335.0 22.0 346.0 text 0
40.0 373.0 65.0 369.0 67.0 389.0 42.0 393.0 text 0
730.0 46.0 814.0 37.0 817.0 64.0 733.0 74.0 text 0
61.0 364.0 124.0 358.0 126.0 382.0 63.0 389.0 text 0
492.0 96.0 558.0 90.0 560.0 114.0 494.0 120.0 text 0
7.0 405.0 117.0 388.0 120.0 414.0 10.0 431.0 text 0
29.0 462.0 113.0 448.0 115.0 475.0 31.0 489.0 text 0
113.0 450.0 186.0 438.0 189.0 462.0 115.0 474.0 text 0
286.0 389.0 325.0 383.0 325.0 399.0 286.0 405.0 text 0
325.0 382.0 347.0 379.0 346.0 396.0 324.0 399.0 text 0
346.0 381.0 369.0 377.0 369.0 391.0 346.0 395.0 text 0
367.0 377.0 394.0 371.0 397.0 387.0 370.0 392.0 text 0
393.0 375.0 404.0 374.0 406.0 387.0 396.0 388.0 text 0
405.0 373.0 436.0 369.0 436.0 383.0 405.0 387.0 text 0
