217.0 532.0 246.0 529.0 247.0 538.0 218.0 542.0 text 0
196.0 519.0 263.0 514.0 264.0 528.0 197.0 533.0 text 0
607.0 519.0 643.0 516.0 644.0 531.0 608.0 534.0 text 0
606.0 484.0 637.0 484.0 638.0 494.0 607.0 495.0 text 0
585.0 476.0 655.0 468.0 656.0 484.0 586.0 492.0 text 0
587.0 497.0 660.0 489.0 661.0 506.0 587.0 515.0 text 0
2.0 276.0 85.0 278.0 81.0 326.0 0.0 324.0 text 0
195.0 543.0 264.0 534.0 264.0 551.0 196.0 560.0 text 0
858.0 226.0 887.0 216.0 890.0 237.0 861.0 244.0 text 0
1103.0 266.0 1122.0 264.0 1123.0 280.0 1105.0 281.0 text 0
1121.0 270.0 1132.0 268.0 1134.0 278.0 1123.0 279.0 text 0
180.0 253.0 229.0 260.0 227.0 276.0 179.0 269.0 text 0
