272.0 210.0 315.0 207.0 315.0 220.0 272.0 223.0 text 0
362.0 166.0 398.0 165.0 398.0 175.0 362.0 177.0 text 0
454.0 160.0 481.0 158.0 480.0 165.0 453.0 167.0 text 0
611.0 151.0 685.0 146.0 685.0 169.0 611.0 175.0 text 0
688.0 145.0 797.0 135.0 798.0 159.0 689.0 168.0 text 0
533.0 151.0 561.0 149.0 561.0 158.0 533.0 159.0 text 0
510.0 71.0 577.0 72.0 576.0 95.0 509.0 93.0 text 0
580.0 74.0 658.0 76.0 657.0 97.0 580.0 95.0 text 0
863.0 126.0 914.0 123.0 915.0 135.0 864.0 137.0 text 0
193.0 551.0 234.0 551.0 236.0 563.0 195.0 563.0 text 0
306.0 551.0 349.0 550.0 349.0 562.0 306.0 563.0 text 0
768.0 579.0 809.0 578.0 809.0 591.0 769.0 591.0 text 0
751.0 464.0 782.0 464.0 783.0 473.0 752.0 473.0 text 0
781.0 462.0 829.0 461.0 831.0 472.0 782.0 473.0 text 0
