477.0 343.0 502.0 342.0 513.0 454.0 488.0 455.0 text 0
509.0 378.0 529.0 372.0 536.0 446.0 516.0 452.0 text 0
2.0 148.0 85.0 153.0 86.0 170.0 3.0 164.0 text 0
86.0 155.0 139.0 159.0 139.0 174.0 86.0 170.0 text 0
6.0 165.0 99.0 168.0 99.0 189.0 6.0 186.0 text 0
25.0 120.0 72.0 123.0 72.0 154.0 24.0 151.0 text 0
76.0 126.0 116.0 130.0 116.0 158.0 76.0 153.0 text 0
239.0 16.0 277.0 13.0 278.0 29.0 240.0 33.0 text 0
281.0 9.0 292.0 9.0 292.0 28.0 282.0 29.0 text 0
356.0 8.0 366.0 11.0 365.0 30.0 355.0 26.0 text 0
343.0 5.0 358.0 9.0 356.0 25.0 341.0 21.0 text 0
321.0 0.0 344.0 5.0 341.0 19.0 317.0 13.0 text 0
201.0 139.0 228.0 138.0 229.0 154.0 202.0 155.0 text 0
206.0 159.0 228.0 157.0 228.0 189.0 206.0 191.0 text 0
366.0 160.0 391.0 160.0 392.0 180.0 367.0 180.0 text 0
