222.0 197.0 329.0 191.0 331.0 221.0 225.0 228.0 text 0
326.0 190.0 427.0 186.0 427.0 218.0 326.0 222.0 text 0
469.0 186.0 530.0 183.0 530.0 197.0 470.0 201.0 text 0
528.0 182.0 584.0 180.0 584.0 197.0 528.0 199.0 text 0
587.0 220.0 604.0 219.0 607.0 294.0 589.0 295.0 text 0
531.0 284.0 585.0 283.0 586.0 300.0 531.0 301.0 text 0
453.0 393.0 497.0 393.0 497.0 410.0 453.0 410.0 text 0
506.0 427.0 538.0 428.0 537.0 446.0 504.0 446.0 text 0
572.0 355.0 594.0 355.0 597.0 445.0 575.0 445.0 text 0
142.0 256.0 157.0 256.0 157.0 310.0 142.0 310.0 text 0
