868.0 168.0 905.0 168.0 905.0 184.0 868.0 184.0 text 0
866.0 183.0 904.0 185.0 903.0 203.0 865.0 202.0 text 0
588.0 159.0 611.0 160.0 610.0 219.0 587.0 218.0 text 0
868.0 138.0 890.0 139.0 889.0 166.0 868.0 165.0 text 0
861.0 208.0 891.0 210.0 894.0 235.0 864.0 233.0 text 0
631.0 66.0 675.0 68.0 667.0 178.0 623.0 176.0 text 0
859.0 257.0 881.0 260.0 878.0 289.0 856.0 285.0 text 0
533.0 63.0 573.0 64.0 568.0 171.0 528.0 170.0 text 0
856.0 286.0 917.0 292.0 916.0 311.0 855.0 305.0 text 0
860.0 235.0 922.0 240.0 923.0 260.0 861.0 254.0 text 0
906.0 186.0 937.0 187.0 937.0 205.0 906.0 204.0 text 0
937.0 187.0 970.0 190.0 970.0 207.0 937.0 205.0 text 0
886.0 369.0 955.0 379.0 946.0 463.0 877.0 453.0 text 0
875.0 115.0 940.0 117.0 939.0 133.0 875.0 131.0 text 0
877.0 137.0 935.0 139.0 936.0 150.0 878.0 149.0 text 0
882.0 155.0 921.0 157.0 920.0 168.0 881.0 167.0 text 0
331.0 56.0 348.0 56.0 345.0 83.0 328.0 83.0 text 0
375.0 168.0 396.0 169.0 393.0 221.0 372.0 220.0 text 0
552.0 199.0 573.0 201.0 572.0 244.0 552.0 242.0 text 0
