120.0 416.0 140.0 418.0 139.0 435.0 119.0 432.0 text 0
637.0 214.0 697.0 163.0 700.0 257.0 640.0 295.0 text 0
355.0 524.0 401.0 524.0 401.0 541.0 355.0 541.0 text 0
409.0 523.0 446.0 523.0 445.0 540.0 407.0 540.0 text 0
450.0 523.0 482.0 522.0 483.0 540.0 451.0 541.0 text 0
701.0 151.0 754.0 106.0 759.0 216.0 708.0 248.0 text 0
360.0 544.0 457.0 542.0 456.0 561.0 360.0 563.0 text 0
108.0 342.0 139.0 340.0 138.0 366.0 107.0 368.0 text 0
165.0 343.0 531.0 339.0 525.0 498.0 159.0 502.0 text 0
1107.0 300.0 1194.0 301.0 1194.0 340.0 1107.0 338.0 text 0
3.0 246.0 36.0 245.0 33.0 295.0 0.0 296.0 text 0
320.0 522.0 350.0 524.0 350.0 542.0 320.0 540.0 text 0
341.0 544.0 356.0 544.0 355.0 560.0 340.0 560.0 text 0
464.0 541.0 487.0 540.0 490.0 556.0 466.0 557.0 text 0
