657.0 643.0 708.0 655.0 706.0 684.0 655.0 671.0 text 0
602.0 345.0 633.0 340.0 633.0 352.0 602.0 357.0 text 0
641.0 264.0 792.0 224.0 795.0 238.0 644.0 277.0 text 0
883.0 124.0 932.0 108.0 938.0 148.0 889.0 165.0 text 0
317.0 204.0 383.0 165.0 384.0 187.0 317.0 228.0 text 0
644.0 250.0 804.0 206.0 804.0 219.0 644.0 264.0 text 0
243.0 252.0 289.0 226.0 290.0 243.0 242.0 271.0 text 0
648.0 218.0 725.0 195.0 726.0 218.0 649.0 240.0 text 0
373.0 303.0 398.0 296.0 398.0 316.0 373.0 322.0 text 0
723.0 321.0 768.0 316.0 768.0 330.0 724.0 335.0 text 0
869.0 287.0 934.0 278.0 936.0 295.0 872.0 304.0 text 0
600.0 462.0 634.0 463.0 634.0 475.0 600.0 475.0 text 0
719.0 466.0 765.0 468.0 765.0 482.0 719.0 480.0 text 0
896.0 464.0 963.0 464.0 962.0 481.0 895.0 481.0 text 0
603.0 596.0 635.0 603.0 635.0 613.0 602.0 606.0 text 0
736.0 618.0 787.0 628.0 786.0 642.0 735.0 633.0 text 0
913.0 650.0 982.0 660.0 983.0 678.0 914.0 668.0 text 0
