984.0 150.0 1058.0 109.0 1065.0 122.0 991.0 163.0 text 0
961.0 127.0 1015.0 97.0 1023.0 112.0 969.0 142.0 text 0
813.0 180.0 883.0 156.0 888.0 174.0 818.0 197.0 text 0
650.0 335.0 699.0 336.0 701.0 350.0 651.0 348.0 text 0
661.0 349.0 694.0 350.0 693.0 395.0 660.0 394.0 text 0
686.0 94.0 804.0 0.0 838.0 66.0 695.0 153.0 text 0
430.0 267.0 507.0 257.0 512.0 289.0 435.0 299.0 text 0
1015.0 150.0 1067.0 124.0 1075.0 139.0 1023.0 165.0 text 0
1159.0 142.0 1205.0 115.0 1214.0 131.0 1168.0 158.0 text 0
1180.0 167.0 1241.0 128.0 1249.0 141.0 1187.0 180.0 text 0
1206.0 166.0 1250.0 137.0 1259.0 155.0 1215.0 183.0 text 0
1171.0 198.0 1199.0 179.0 1209.0 192.0 1181.0 212.0 text 0
1177.0 216.0 1210.0 189.0 1222.0 202.0 1189.0 229.0 text 0
1147.0 134.0 1199.0 103.0 1206.0 116.0 1154.0 148.0 text 0
321.0 259.0 389.0 250.0 390.0 265.0 322.0 274.0 text 0
873.0 395.0 946.0 415.0 950.0 443.0 875.0 419.0 text 0
1110.0 122.0 1154.0 94.0 1164.0 108.0 1120.0 136.0 text 0
1219.0 116.0 1269.0 84.0 1277.0 94.0 1227.0 126.0 text 0
1244.0 119.0 1270.0 100.0 1279.0 113.0 1253.0 131.0 text 0
988.0 219.0 1014.0 197.0 1022.0 207.0 996.0 228.0 text 0
1050.0 168.0 1077.0 153.0 1083.0 163.0 1056.0 178.0 text 0
998.0 235.0 1021.0 213.0 1029.0 225.0 1006.0 247.0 text 0
1013.0 238.0 1025.0 230.0 1031.0 240.0 1019.0 248.0 text 0
976.0 248.0 993.0 235.0 996.0 246.0 980.0 259.0 text 0
982.0 265.0 1014.0 244.0 1017.0 254.0 985.0 275.0 text 0
