396.0 272.0 494.0 276.0 492.0 321.0 393.0 317.0 text 0
1104.0 394.0 1160.0 384.0 1167.0 419.0 1112.0 429.0 text 0
1053.0 336.0 1101.0 340.0 1101.0 359.0 1053.0 355.0 text 0
1106.0 339.0 1132.0 341.0 1132.0 362.0 1106.0 360.0 text 0
1064.0 356.0 1114.0 360.0 1115.0 380.0 1064.0 375.0 text 0
1077.0 282.0 1157.0 284.0 1156.0 315.0 1076.0 314.0 text 0
1092.0 402.0 1109.0 400.0 1114.0 427.0 1097.0 430.0 text 0
881.0 64.0 964.0 34.0 965.0 96.0 882.0 125.0 text 0
880.0 117.0 961.0 97.0 962.0 129.0 881.0 150.0 text 0
729.0 348.0 773.0 352.0 771.0 365.0 728.0 361.0 text 0
735.0 362.0 760.0 365.0 759.0 378.0 734.0 375.0 text 0
328.0 114.0 376.0 117.0 373.0 135.0 325.0 132.0 text 0
273.0 236.0 343.0 241.0 337.0 259.0 266.0 253.0 text 0
