435.0 61.0 475.0 63.0 472.0 81.0 432.0 80.0 text 0
485.0 64.0 538.0 67.0 536.0 86.0 483.0 83.0 text 0
464.0 15.0 498.0 18.0 495.0 34.0 461.0 33.0 text 0
500.0 18.0 527.0 21.0 522.0 37.0 496.0 34.0 text 0
526.0 21.0 545.0 24.0 542.0 38.0 523.0 36.0 text 0
438.0 14.0 463.0 17.0 461.0 33.0 436.0 34.0 text 0
401.0 35.0 455.0 38.0 454.0 56.0 401.0 53.0 text 0
489.0 40.0 522.0 41.0 519.0 57.0 486.0 56.0 text 0
419.0 9.0 438.0 11.0 434.0 29.0 415.0 28.0 text 0
455.0 37.0 489.0 39.0 487.0 55.0 453.0 53.0 text 0
521.0 41.0 554.0 43.0 550.0 60.0 517.0 58.0 text 0
474.0 67.0 485.0 68.0 483.0 82.0 472.0 80.0 text 0
413.0 61.0 433.0 61.0 431.0 79.0 411.0 79.0 text 0
402.0 85.0 460.0 86.0 457.0 106.0 399.0 105.0 text 0
460.0 86.0 499.0 88.0 497.0 104.0 458.0 103.0 text 0
510.0 88.0 538.0 88.0 535.0 109.0 507.0 109.0 text 0
499.0 90.0 510.0 91.0 508.0 103.0 498.0 103.0 text 0
382.0 108.0 464.0 107.0 461.0 130.0 379.0 130.0 text 0
466.0 108.0 503.0 109.0 500.0 126.0 462.0 126.0 text 0
502.0 112.0 512.0 113.0 511.0 126.0 501.0 126.0 text 0
512.0 112.0 539.0 113.0 537.0 126.0 510.0 126.0 text 0
504.0 313.0 555.0 304.0 556.0 322.0 505.0 330.0 text 0
825.0 59.0 886.0 65.0 877.0 88.0 815.0 82.0 text 0
890.0 66.0 928.0 71.0 916.0 92.0 878.0 87.0 text 0
816.0 83.0 915.0 91.0 907.0 114.0 808.0 106.0 text 0
431.0 326.0 457.0 322.0 457.0 340.0 431.0 344.0 text 0
487.0 316.0 500.0 312.0 501.0 330.0 489.0 334.0 text 0
400.0 136.0 516.0 135.0 513.0 153.0 398.0 153.0 text 0
810.0 113.0 906.0 115.0 902.0 124.0 806.0 122.0 text 0
811.0 133.0 836.0 132.0 833.0 144.0 808.0 145.0 text 0
837.0 132.0 857.0 133.0 853.0 143.0 833.0 143.0 text 0
857.0 133.0 886.0 135.0 883.0 146.0 853.0 145.0 text 0
811.0 146.0 871.0 148.0 870.0 158.0 810.0 155.0 text 0
