586.0 1.0 661.0 7.0 660.0 21.0 585.0 14.0 text 0
584.0 14.0 631.0 18.0 630.0 29.0 583.0 25.0 text 0
965.0 157.0 1036.0 127.0 1033.0 163.0 963.0 193.0 text 0
523.0 116.0 576.0 148.0 571.0 179.0 517.0 154.0 text 0
579.0 154.0 614.0 174.0 610.0 199.0 574.0 183.0 text 0
184.0 178.0 432.0 215.0 422.0 262.0 174.0 225.0 text 0
855.0 53.0 883.0 56.0 880.0 86.0 852.0 83.0 text 0
193.0 107.0 444.0 149.0 434.0 196.0 183.0 154.0 text 0
878.0 57.0 907.0 60.0 901.0 107.0 872.0 104.0 text 0
583.0 24.0 613.0 28.0 611.0 40.0 582.0 36.0 text 0
614.0 27.0 646.0 31.0 643.0 44.0 611.0 39.0 text 0
582.0 38.0 615.0 40.0 615.0 52.0 581.0 49.0 text 0
617.0 40.0 657.0 44.0 656.0 56.0 616.0 53.0 text 0
632.0 17.0 649.0 18.0 649.0 31.0 632.0 31.0 text 0
647.0 30.0 659.0 31.0 657.0 44.0 645.0 43.0 text 0
658.0 42.0 671.0 44.0 668.0 58.0 655.0 56.0 text 0
1183.0 214.0 1217.0 213.0 1216.0 254.0 1182.0 255.0 text 0
