743.0 185.0 828.0 187.0 828.0 206.0 743.0 204.0 text 0
709.0 58.0 821.0 52.0 822.0 66.0 710.0 73.0 text 0
560.0 359.0 721.0 347.0 726.0 402.0 564.0 414.0 text 0
571.0 414.0 585.0 416.0 581.0 436.0 566.0 434.0 text 0
583.0 416.0 598.0 417.0 595.0 436.0 580.0 435.0 text 0
616.0 340.0 698.0 330.0 699.0 349.0 617.0 359.0 text 0
596.0 414.0 691.0 432.0 679.0 567.0 585.0 549.0 text 0
682.0 506.0 714.0 512.0 708.0 577.0 676.0 571.0 text 0
689.0 186.0 711.0 185.0 711.0 201.0 689.0 202.0 text 0
573.0 346.0 618.0 342.0 618.0 363.0 573.0 366.0 text 0
716.0 186.0 737.0 186.0 738.0 202.0 716.0 202.0 text 0
704.0 72.0 828.0 65.0 828.0 82.0 705.0 89.0 text 0
729.0 86.0 794.0 82.0 796.0 96.0 730.0 100.0 text 0
730.0 388.0 773.0 394.0 771.0 412.0 728.0 406.0 text 0
1014.0 523.0 1071.0 523.0 1072.0 543.0 1015.0 543.0 text 0
1168.0 521.0 1279.0 523.0 1279.0 550.0 1168.0 547.0 text 0
1186.0 477.0 1279.0 478.0 1279.0 500.0 1186.0 498.0 text 0
1012.0 481.0 1070.0 481.0 1070.0 497.0 1012.0 497.0 text 0
890.0 517.0 944.0 520.0 944.0 537.0 890.0 535.0 text 0
912.0 482.0 950.0 482.0 950.0 497.0 912.0 497.0 text 0
976.0 522.0 991.0 522.0 991.0 540.0 976.0 540.0 text 0
