863.0 70.0 887.0 69.0 887.0 80.0 862.0 81.0 text 0
838.0 91.0 871.0 89.0 872.0 101.0 839.0 104.0 text 0
419.0 93.0 506.0 91.0 506.0 107.0 418.0 109.0 text 0
652.0 151.0 683.0 148.0 684.0 161.0 652.0 164.0 text 0
682.0 148.0 697.0 146.0 697.0 158.0 683.0 160.0 text 0
174.0 201.0 199.0 200.0 199.0 217.0 174.0 219.0 text 0
695.0 146.0 718.0 144.0 720.0 158.0 697.0 160.0 text 0
13.0 44.0 89.0 49.0 90.0 72.0 14.0 67.0 text 0
655.0 166.0 685.0 162.0 685.0 178.0 655.0 181.0 text 0
684.0 161.0 718.0 158.0 720.0 176.0 686.0 179.0 text 0
652.0 183.0 723.0 178.0 725.0 206.0 654.0 211.0 text 0
661.0 218.0 689.0 216.0 690.0 231.0 662.0 233.0 text 0
689.0 214.0 721.0 214.0 722.0 232.0 690.0 233.0 text 0
826.0 15.0 878.0 9.0 879.0 23.0 827.0 29.0 text 0
831.0 34.0 876.0 29.0 875.0 44.0 830.0 49.0 text 0
819.0 54.0 840.0 53.0 840.0 66.0 819.0 67.0 text 0
839.0 53.0 889.0 49.0 890.0 61.0 840.0 65.0 text 0
822.0 74.0 861.0 70.0 862.0 82.0 823.0 86.0 text 0
828.0 111.0 852.0 109.0 852.0 121.0 828.0 123.0 text 0
853.0 109.0 882.0 107.0 882.0 119.0 853.0 121.0 text 0
830.0 130.0 854.0 128.0 854.0 139.0 831.0 141.0 text 0
853.0 127.0 884.0 125.0 885.0 138.0 855.0 140.0 text 0
820.0 149.0 838.0 148.0 838.0 160.0 820.0 161.0 text 0
839.0 147.0 854.0 146.0 854.0 158.0 839.0 159.0 text 0
853.0 146.0 898.0 142.0 898.0 155.0 853.0 159.0 text 0
819.0 168.0 840.0 166.0 840.0 178.0 819.0 180.0 text 0
840.0 164.0 898.0 161.0 898.0 174.0 840.0 177.0 text 0
832.0 184.0 885.0 180.0 887.0 192.0 833.0 196.0 text 0
831.0 202.0 889.0 199.0 889.0 212.0 832.0 215.0 text 0
841.0 220.0 883.0 218.0 883.0 230.0 841.0 232.0 text 0
958.0 47.0 982.0 40.0 981.0 66.0 957.0 73.0 text 0
981.0 39.0 1017.0 32.0 1018.0 60.0 982.0 67.0 text 0
957.0 71.0 1018.0 69.0 1019.0 125.0 958.0 127.0 text 0
961.0 149.0 984.0 151.0 984.0 176.0 961.0 174.0 text 0
985.0 149.0 1015.0 151.0 1015.0 179.0 985.0 177.0 text 0
953.0 18.0 1012.0 0.0 1015.0 20.0 956.0 38.0 text 0
1076.0 117.0 1117.0 114.0 1116.0 136.0 1075.0 139.0 text 0
