626.0 98.0 793.0 65.0 800.0 102.0 634.0 136.0 text 0
798.0 63.0 917.0 36.0 924.0 72.0 805.0 99.0 text 0
189.0 244.0 342.0 211.0 347.0 246.0 195.0 280.0 text 0
377.0 214.0 431.0 206.0 433.0 231.0 379.0 239.0 text 0
506.0 1.0 545.0 1.0 552.0 39.0 513.0 39.0 text 0
541.0 1.0 579.0 0.0 595.0 63.0 555.0 69.0 text 0
788.0 184.0 862.0 168.0 863.0 185.0 789.0 201.0 text 0
338.0 204.0 380.0 201.0 391.0 253.0 349.0 256.0 text 0
1036.0 665.0 1152.0 690.0 1118.0 718.0 1033.0 698.0 text 0
814.0 193.0 866.0 183.0 867.0 201.0 815.0 210.0 text 0
1031.0 17.0 1132.0 1.0 1276.0 26.0 1045.0 72.0 text 0
