590.0 239.0 615.0 239.0 615.0 249.0 590.0 249.0 text 0
640.0 140.0 665.0 142.0 664.0 158.0 639.0 156.0 text 0
652.0 42.0 759.0 20.0 760.0 89.0 653.0 110.0 text 0
641.0 101.0 699.0 105.0 698.0 136.0 640.0 132.0 text 0
768.0 122.0 806.0 129.0 806.0 160.0 769.0 152.0 text 0
1002.0 181.0 1086.0 181.0 1086.0 206.0 1002.0 206.0 text 0
446.0 231.0 470.0 233.0 470.0 267.0 446.0 264.0 text 0
1111.0 485.0 1279.0 515.0 1276.0 556.0 1109.0 526.0 text 0
452.0 149.0 474.0 151.0 471.0 225.0 449.0 224.0 text 0
589.0 226.0 623.0 227.0 623.0 239.0 589.0 239.0 text 0
639.0 158.0 697.0 161.0 697.0 176.0 639.0 173.0 text 0
640.0 175.0 684.0 177.0 681.0 192.0 638.0 191.0 text 0
769.0 165.0 786.0 168.0 785.0 182.0 769.0 180.0 text 0
711.0 268.0 742.0 268.0 741.0 278.0 711.0 278.0 text 0
264.0 96.0 344.0 86.0 345.0 106.0 265.0 116.0 text 0
124.0 113.0 171.0 107.0 168.0 127.0 122.0 133.0 text 0
1025.0 88.0 1114.0 88.0 1113.0 113.0 1024.0 113.0 text 0
1181.0 171.0 1251.0 176.0 1251.0 191.0 1181.0 185.0 text 0
1213.0 575.0 1271.0 591.0 1268.0 605.0 1211.0 590.0 text 0
770.0 184.0 806.0 183.0 806.0 195.0 770.0 195.0 text 0
793.0 260.0 820.0 268.0 819.0 290.0 792.0 282.0 text 0
