1142.0 646.0 1156.0 646.0 1156.0 669.0 1142.0 669.0 text 0
317.0 193.0 352.0 192.0 353.0 208.0 318.0 209.0 text 0
701.0 179.0 734.0 178.0 736.0 196.0 702.0 197.0 text 0
736.0 177.0 804.0 174.0 804.0 193.0 736.0 196.0 text 0
800.0 137.0 861.0 135.0 861.0 153.0 799.0 156.0 text 0
425.0 187.0 500.0 185.0 500.0 204.0 426.0 206.0 text 0
997.0 420.0 1018.0 420.0 1021.0 443.0 1000.0 443.0 text 0
386.0 187.0 423.0 187.0 424.0 206.0 387.0 207.0 text 0
1141.0 405.0 1154.0 404.0 1153.0 428.0 1140.0 429.0 text 0
1009.0 545.0 1020.0 544.0 1020.0 566.0 1008.0 567.0 text 0
1143.0 531.0 1157.0 531.0 1157.0 551.0 1143.0 551.0 text 0
1005.0 660.0 1021.0 657.0 1022.0 679.0 1006.0 681.0 text 0
996.0 131.0 1080.0 129.0 1081.0 143.0 998.0 146.0 text 0
924.0 286.0 970.0 286.0 971.0 309.0 924.0 309.0 text 0
972.0 284.0 1021.0 280.0 1021.0 305.0 972.0 309.0 text 0
901.0 127.0 963.0 127.0 963.0 148.0 901.0 148.0 text 0
915.0 24.0 956.0 4.0 957.0 23.0 916.0 43.0 text 0
1052.0 280.0 1096.0 275.0 1096.0 298.0 1052.0 303.0 text 0
1098.0 276.0 1146.0 274.0 1146.0 295.0 1098.0 297.0 text 0
1172.0 272.0 1213.0 268.0 1214.0 293.0 1173.0 296.0 text 0
1215.0 271.0 1257.0 268.0 1257.0 290.0 1215.0 292.0 text 0
691.0 142.0 734.0 142.0 735.0 154.0 692.0 154.0 text 0
736.0 141.0 792.0 140.0 791.0 154.0 735.0 155.0 text 0
