642.0 92.0 653.0 91.0 653.0 105.0 642.0 106.0 text 0
622.0 109.0 647.0 109.0 647.0 122.0 622.0 122.0 text 0
916.0 135.0 970.0 139.0 967.0 177.0 912.0 173.0 text 0
1050.0 139.0 1093.0 138.0 1093.0 160.0 1050.0 161.0 text 0
1093.0 137.0 1131.0 137.0 1131.0 160.0 1093.0 160.0 text 0
844.0 141.0 917.0 141.0 914.0 175.0 841.0 175.0 text 0
522.0 101.0 551.0 101.0 551.0 115.0 522.0 115.0 text 0
552.0 100.0 563.0 100.0 563.0 114.0 552.0 114.0 text 0
564.0 101.0 591.0 101.0 591.0 114.0 564.0 113.0 text 0
949.0 46.0 1087.0 44.0 1084.0 78.0 946.0 80.0 text 0
615.0 92.0 641.0 92.0 642.0 106.0 615.0 106.0 text 0
678.0 99.0 707.0 99.0 707.0 113.0 678.0 113.0 text 0
706.0 99.0 716.0 99.0 716.0 112.0 706.0 112.0 text 0
715.0 99.0 742.0 98.0 742.0 112.0 715.0 112.0 text 0
775.0 98.0 802.0 98.0 802.0 112.0 775.0 112.0 text 0
801.0 97.0 812.0 97.0 812.0 112.0 801.0 111.0 text 0
812.0 96.0 838.0 95.0 838.0 111.0 812.0 112.0 text 0
370.0 69.0 397.0 69.0 397.0 87.0 371.0 87.0 text 0
699.0 153.0 724.0 153.0 723.0 171.0 698.0 172.0 text 0
725.0 152.0 742.0 151.0 740.0 172.0 723.0 173.0 text 0
51.0 495.0 134.0 464.0 136.0 495.0 53.0 526.0 text 0
