761.0 410.0 863.0 407.0 868.0 461.0 766.0 464.0 text 0
634.0 62.0 733.0 125.0 738.0 174.0 636.0 120.0 text 0
642.0 187.0 742.0 233.0 745.0 265.0 642.0 224.0 text 0
630.0 1.0 724.0 0.0 728.0 86.0 627.0 20.0 text 0
346.0 239.0 419.0 216.0 427.0 267.0 354.0 291.0 text 0
638.0 127.0 738.0 178.0 741.0 217.0 640.0 171.0 text 0
941.0 422.0 970.0 410.0 978.0 435.0 949.0 447.0 text 0
982.0 416.0 1002.0 412.0 1006.0 426.0 986.0 430.0 text 0
185.0 325.0 205.0 326.0 207.0 341.0 187.0 340.0 text 0
682.0 257.0 738.0 274.0 734.0 300.0 678.0 284.0 text 0
707.0 388.0 745.0 394.0 749.0 425.0 711.0 419.0 text 0
