787.0 190.0 904.0 205.0 900.0 275.0 784.0 260.0 text 0
601.0 103.0 624.0 106.0 620.0 129.0 597.0 126.0 text 0
1103.0 40.0 1179.0 35.0 1177.0 76.0 1101.0 80.0 text 0
733.0 75.0 764.0 82.0 760.0 109.0 729.0 101.0 text 0
678.0 89.0 706.0 92.0 701.0 119.0 673.0 115.0 text 0
913.0 200.0 1047.0 214.0 1046.0 286.0 912.0 272.0 text 0
637.0 97.0 661.0 100.0 658.0 125.0 633.0 122.0 text 0
1182.0 28.0 1275.0 30.0 1273.0 76.0 1180.0 74.0 text 0
309.0 40.0 346.0 45.0 344.0 66.0 307.0 61.0 text 0
52.0 95.0 181.0 112.0 179.0 138.0 50.0 121.0 text 0
861.0 80.0 939.0 71.0 938.0 96.0 860.0 104.0 text 0
778.0 70.0 848.0 58.0 850.0 85.0 780.0 97.0 text 0
781.0 100.0 851.0 86.0 849.0 100.0 779.0 114.0 text 0
780.0 115.0 847.0 107.0 845.0 124.0 778.0 132.0 text 0
658.0 407.0 685.0 412.0 678.0 439.0 651.0 434.0 text 0
