1175.0 18.0 1205.0 10.0 1203.0 32.0 1173.0 39.0 text 0
1175.0 604.0 1266.0 651.0 1261.0 668.0 1170.0 621.0 text 0
997.0 253.0 1040.0 255.0 1038.0 270.0 995.0 268.0 text 0
1125.0 603.0 1212.0 652.0 1199.0 699.0 1111.0 650.0 text 0
1210.0 470.0 1240.0 480.0 1233.0 503.0 1203.0 493.0 text 0
976.0 251.0 1001.0 253.0 999.0 268.0 974.0 265.0 text 0
975.0 272.0 1028.0 279.0 1026.0 290.0 973.0 283.0 text 0
1233.0 181.0 1278.0 182.0 1274.0 212.0 1228.0 211.0 text 0
982.0 218.0 1077.0 221.0 1075.0 248.0 981.0 245.0 text 0
972.0 286.0 1057.0 299.0 1057.0 310.0 972.0 297.0 text 0
966.0 340.0 1010.0 350.0 1008.0 360.0 964.0 350.0 text 0
970.0 304.0 1060.0 320.0 1059.0 331.0 969.0 315.0 text 0
967.0 321.0 1058.0 337.0 1057.0 350.0 967.0 334.0 text 0
962.0 349.0 1053.0 372.0 1052.0 384.0 960.0 360.0 text 0
320.0 123.0 351.0 124.0 350.0 137.0 319.0 137.0 text 0
354.0 120.0 493.0 124.0 489.0 141.0 350.0 138.0 text 0
575.0 72.0 674.0 2.0 698.0 43.0 575.0 105.0 text 0
1137.0 314.0 1160.0 317.0 1156.0 333.0 1134.0 330.0 text 0
1238.0 482.0 1258.0 487.0 1255.0 502.0 1234.0 496.0 text 0
1119.0 654.0 1140.0 667.0 1135.0 679.0 1114.0 667.0 text 0
1141.0 667.0 1203.0 705.0 1197.0 717.0 1134.0 679.0 text 0
1171.0 64.0 1216.0 59.0 1209.0 86.0 1163.0 91.0 text 0
1173.0 125.0 1213.0 123.0 1209.0 163.0 1169.0 164.0 text 0
1216.0 134.0 1266.0 133.0 1266.0 162.0 1216.0 163.0 text 0
1139.0 206.0 1176.0 204.0 1173.0 238.0 1136.0 240.0 text 0
1182.0 205.0 1224.0 206.0 1226.0 243.0 1183.0 242.0 text 0
1166.0 266.0 1210.0 270.0 1202.0 301.0 1157.0 297.0 text 0
1244.0 273.0 1279.0 274.0 1279.0 314.0 1245.0 313.0 text 0
1128.0 335.0 1165.0 341.0 1160.0 373.0 1123.0 367.0 text 0
1160.0 406.0 1198.0 414.0 1184.0 444.0 1146.0 436.0 text 0
1197.0 412.0 1249.0 424.0 1231.0 461.0 1180.0 449.0 text 0
1230.0 432.0 1276.0 441.0 1274.0 452.0 1228.0 443.0 text 0
1147.0 440.0 1196.0 456.0 1187.0 492.0 1138.0 476.0 text 0
1140.0 484.0 1182.0 498.0 1174.0 531.0 1133.0 517.0 text 0
