585.0 357.0 690.0 328.0 695.0 367.0 589.0 396.0 text 0
791.0 96.0 862.0 97.0 860.0 121.0 789.0 120.0 text 0
798.0 126.0 866.0 126.0 861.0 142.0 793.0 142.0 text 0
779.0 146.0 831.0 146.0 828.0 176.0 776.0 176.0 text 0
830.0 148.0 872.0 146.0 870.0 174.0 828.0 176.0 text 0
777.0 191.0 871.0 191.0 869.0 216.0 775.0 216.0 text 0
917.0 331.0 1000.0 308.0 1005.0 342.0 921.0 364.0 text 0
736.0 650.0 843.0 605.0 852.0 638.0 745.0 683.0 text 0
831.0 368.0 877.0 350.0 882.0 364.0 837.0 383.0 text 0
707.0 482.0 755.0 466.0 761.0 484.0 713.0 500.0 text 0
773.0 468.0 828.0 452.0 833.0 471.0 779.0 487.0 text 0
843.0 452.0 889.0 440.0 893.0 460.0 848.0 472.0 text 0
707.0 568.0 752.0 552.0 756.0 572.0 710.0 588.0 text 0
769.0 536.0 825.0 531.0 827.0 548.0 771.0 554.0 text 0
829.0 541.0 870.0 516.0 878.0 531.0 837.0 555.0 text 0
716.0 343.0 726.0 343.0 725.0 355.0 715.0 355.0 text 0
942.0 51.0 1031.0 56.0 1030.0 72.0 941.0 66.0 text 0
1118.0 62.0 1191.0 68.0 1189.0 82.0 1116.0 75.0 text 0
511.0 58.0 523.0 57.0 523.0 70.0 511.0 71.0 text 0
582.0 31.0 593.0 32.0 592.0 50.0 581.0 48.0 text 0
451.0 141.0 461.0 141.0 460.0 153.0 450.0 153.0 text 0
