696.0 4.0 734.0 7.0 734.0 15.0 696.0 12.0 text 0
675.0 96.0 727.0 102.0 725.0 114.0 673.0 107.0 text 0
763.0 54.0 831.0 62.0 829.0 75.0 761.0 68.0 text 0
645.0 35.0 739.0 47.0 736.0 65.0 643.0 54.0 text 0
773.0 0.0 868.0 8.0 865.0 24.0 770.0 12.0 text 0
950.0 454.0 1061.0 464.0 1053.0 489.0 946.0 477.0 text 0
1062.0 463.0 1147.0 475.0 1141.0 500.0 1056.0 488.0 text 0
1.0 50.0 117.0 61.0 124.0 86.0 1.0 73.0 text 0
552.0 91.0 608.0 97.0 609.0 108.0 553.0 102.0 text 0
755.0 96.0 817.0 103.0 817.0 113.0 755.0 106.0 text 0
755.0 105.0 817.0 109.0 817.0 119.0 755.0 115.0 text 0
922.0 5.0 990.0 12.0 989.0 23.0 921.0 16.0 text 0
918.0 16.0 989.0 24.0 989.0 33.0 918.0 25.0 text 0
545.0 19.0 583.0 22.0 583.0 31.0 545.0 28.0 text 0
547.0 26.0 582.0 29.0 582.0 38.0 547.0 34.0 text 0
542.0 34.0 591.0 39.0 591.0 44.0 541.0 40.0 text 0
594.0 39.0 619.0 42.0 619.0 49.0 594.0 46.0 text 0
546.0 41.0 586.0 43.0 585.0 51.0 545.0 48.0 text 0
553.0 72.0 612.0 78.0 611.0 98.0 553.0 91.0 text 0
592.0 46.0 613.0 48.0 614.0 54.0 592.0 52.0 text 0
765.0 44.0 823.0 51.0 822.0 60.0 765.0 52.0 text 0
879.0 124.0 949.0 130.0 950.0 136.0 880.0 130.0 text 0
977.0 404.0 994.0 406.0 994.0 413.0 977.0 412.0 text 0
966.0 411.0 1004.0 415.0 1003.0 422.0 965.0 418.0 text 0
960.0 419.0 1004.0 423.0 1004.0 430.0 960.0 426.0 text 0
1024.0 408.0 1062.0 413.0 1061.0 421.0 1023.0 416.0 text 0
1020.0 416.0 1064.0 422.0 1064.0 429.0 1020.0 424.0 text 0
1018.0 424.0 1061.0 429.0 1061.0 437.0 1018.0 433.0 text 0
1077.0 414.0 1122.0 420.0 1122.0 427.0 1077.0 421.0 text 0
1081.0 425.0 1116.0 427.0 1116.0 433.0 1081.0 431.0 text 0
1076.0 432.0 1118.0 436.0 1118.0 444.0 1076.0 440.0 text 0
677.0 90.0 728.0 96.0 727.0 101.0 677.0 95.0 text 0
902.0 106.0 936.0 108.0 932.0 127.0 898.0 124.0 text 0
919.0 63.0 941.0 65.0 939.0 75.0 916.0 73.0 text 0
865.0 128.0 956.0 138.0 955.0 145.0 864.0 135.0 text 0
787.0 118.0 814.0 120.0 813.0 127.0 787.0 125.0 text 0
648.0 130.0 961.0 164.0 962.0 170.0 648.0 136.0 text 0
190.0 0.0 365.0 0.0 367.0 25.0 281.0 20.0 text 0
