750.0 504.0 781.0 482.0 793.0 504.0 762.0 526.0 text 0
762.0 265.0 786.0 261.0 789.0 297.0 766.0 301.0 text 0
705.0 106.0 721.0 104.0 721.0 125.0 705.0 127.0 text 0
781.0 586.0 820.0 570.0 826.0 595.0 787.0 612.0 text 0
872.0 556.0 906.0 546.0 912.0 573.0 879.0 583.0 text 0
788.0 257.0 815.0 254.0 816.0 280.0 789.0 283.0 text 0
848.0 485.0 885.0 471.0 898.0 493.0 861.0 507.0 text 0
951.0 58.0 998.0 40.0 999.0 58.0 952.0 76.0 text 0
1056.0 8.0 1147.0 7.0 1148.0 20.0 1057.0 21.0 text 0
743.0 250.0 809.0 242.0 810.0 252.0 743.0 261.0 text 0
611.0 157.0 625.0 157.0 625.0 173.0 612.0 173.0 text 0
867.0 517.0 926.0 506.0 930.0 529.0 870.0 540.0 text 0
1091.0 31.0 1122.0 31.0 1122.0 42.0 1091.0 42.0 text 0
