1.0 126.0 46.0 128.0 47.0 167.0 2.0 165.0 text 0
5.0 7.0 53.0 12.0 52.0 23.0 3.0 18.0 text 0
96.0 21.0 158.0 27.0 159.0 40.0 97.0 33.0 text 0
208.0 35.0 259.0 40.0 257.0 51.0 206.0 46.0 text 0
290.0 51.0 333.0 55.0 330.0 65.0 287.0 61.0 text 0
2.0 273.0 47.0 271.0 47.0 283.0 2.0 285.0 text 0
100.0 264.0 161.0 261.0 160.0 276.0 99.0 280.0 text 0
249.0 250.0 300.0 246.0 303.0 257.0 252.0 261.0 text 0
1.0 538.0 66.0 521.0 65.0 536.0 0.0 554.0 text 0
101.0 493.0 162.0 486.0 162.0 503.0 101.0 510.0 text 0
216.0 477.0 267.0 467.0 267.0 482.0 216.0 492.0 text 0
299.0 456.0 346.0 442.0 348.0 453.0 301.0 467.0 text 0
362.0 431.0 403.0 422.0 406.0 433.0 365.0 442.0 text 0
396.0 667.0 439.0 646.0 438.0 662.0 395.0 683.0 text 0
