510.0 193.0 542.0 187.0 543.0 201.0 511.0 206.0 text 0
498.0 170.0 528.0 166.0 529.0 179.0 499.0 183.0 text 0
643.0 214.0 671.0 210.0 673.0 233.0 646.0 237.0 text 0
669.0 261.0 689.0 257.0 689.0 274.0 669.0 277.0 text 0
2.0 490.0 71.0 481.0 73.0 505.0 4.0 519.0 text 0
16.0 368.0 57.0 362.0 57.0 371.0 16.0 377.0 text 0
56.0 361.0 90.0 355.0 90.0 366.0 56.0 372.0 text 0
175.0 340.0 221.0 333.0 222.0 344.0 176.0 351.0 text 0
222.0 334.0 258.0 327.0 257.0 340.0 221.0 346.0 text 0
323.0 194.0 409.0 183.0 415.0 217.0 329.0 228.0 text 0
581.0 104.0 628.0 93.0 632.0 131.0 586.0 142.0 text 0
345.0 324.0 438.0 311.0 440.0 340.0 347.0 353.0 text 0
343.0 358.0 442.0 338.0 445.0 370.0 346.0 390.0 text 0
453.0 151.0 521.0 141.0 526.0 156.0 458.0 166.0 text 0
458.0 176.0 495.0 170.0 496.0 184.0 459.0 191.0 text 0
452.0 204.0 510.0 192.0 511.0 206.0 453.0 218.0 text 0
335.0 233.0 416.0 217.0 418.0 236.0 337.0 252.0 text 0
352.0 245.0 420.0 233.0 420.0 245.0 352.0 257.0 text 0
1032.0 171.0 1138.0 152.0 1141.0 168.0 1036.0 187.0 text 0
1045.0 131.0 1107.0 121.0 1109.0 133.0 1046.0 142.0 text 0
507.0 248.0 545.0 243.0 548.0 264.0 511.0 268.0 text 0
545.0 621.0 564.0 600.0 567.0 620.0 550.0 642.0 text 0
357.0 392.0 389.0 388.0 389.0 399.0 357.0 403.0 text 0
389.0 387.0 438.0 381.0 438.0 392.0 389.0 399.0 text 0
366.0 403.0 403.0 399.0 403.0 409.0 366.0 414.0 text 0
403.0 398.0 434.0 394.0 434.0 405.0 402.0 409.0 text 0
360.0 418.0 393.0 414.0 393.0 424.0 360.0 429.0 text 0
393.0 412.0 403.0 410.0 404.0 422.0 394.0 423.0 text 0
403.0 409.0 438.0 405.0 438.0 417.0 403.0 422.0 text 0
19.0 333.0 85.0 323.0 86.0 343.0 20.0 352.0 text 0
436.0 541.0 461.0 538.0 461.0 550.0 436.0 552.0 text 0
559.0 455.0 581.0 451.0 582.0 465.0 560.0 469.0 text 0
575.0 240.0 611.0 234.0 612.0 243.0 576.0 249.0 text 0
583.0 254.0 611.0 248.0 612.0 256.0 584.0 262.0 text 0
574.0 268.0 621.0 261.0 621.0 270.0 574.0 277.0 text 0
396.0 258.0 431.0 254.0 432.0 264.0 397.0 269.0 text 0
340.0 271.0 360.0 268.0 366.0 272.0 343.0 277.0 text 0
720.0 257.0 779.0 249.0 779.0 253.0 721.0 261.0 text 0
926.0 181.0 962.0 153.0 968.0 173.0 932.0 201.0 text 0
934.0 202.0 964.0 180.0 966.0 186.0 936.0 208.0 text 0
1039.0 186.0 1134.0 171.0 1136.0 178.0 1041.0 193.0 text 0
622.0 278.0 655.0 275.0 655.0 281.0 622.0 284.0 text 0
622.0 288.0 656.0 283.0 656.0 289.0 622.0 294.0 text 0
624.0 296.0 655.0 292.0 656.0 298.0 624.0 301.0 text 0
646.0 305.0 673.0 303.0 674.0 306.0 647.0 309.0 text 0
647.0 312.0 673.0 309.0 674.0 312.0 648.0 315.0 text 0
