212.0 130.0 253.0 129.0 254.0 145.0 213.0 147.0 text 0
104.0 150.0 136.0 142.0 138.0 153.0 105.0 162.0 text 0
863.0 0.0 879.0 0.0 885.0 86.0 869.0 86.0 text 0
917.0 137.0 968.0 133.0 969.0 151.0 918.0 155.0 text 0
983.0 138.0 1040.0 126.0 1043.0 144.0 989.0 160.0 text 0
1048.0 133.0 1105.0 118.0 1111.0 138.0 1054.0 154.0 text 0
1117.0 132.0 1182.0 110.0 1188.0 127.0 1122.0 150.0 text 0
1196.0 118.0 1266.0 103.0 1271.0 124.0 1201.0 140.0 text 0
941.0 175.0 971.0 173.0 971.0 185.0 941.0 187.0 text 0
1037.0 245.0 1071.0 226.0 1073.0 238.0 1039.0 257.0 text 0
539.0 21.0 559.0 23.0 571.0 131.0 551.0 128.0 text 0
103.0 224.0 179.0 198.0 182.0 213.0 107.0 238.0 text 0
238.0 42.0 365.0 0.0 372.0 25.0 246.0 67.0 text 0
107.0 208.0 157.0 191.0 159.0 201.0 109.0 218.0 text 0
919.0 41.0 955.0 30.0 958.0 46.0 922.0 57.0 text 0
956.0 33.0 991.0 22.0 993.0 37.0 958.0 48.0 text 0
1041.0 19.0 1075.0 6.0 1080.0 18.0 1047.0 31.0 text 0
470.0 105.0 492.0 102.0 494.0 111.0 469.0 115.0 text 0
470.0 128.0 499.0 124.0 500.0 135.0 471.0 140.0 text 0
470.0 140.0 499.0 136.0 500.0 147.0 471.0 151.0 text 0
122.0 234.0 170.0 216.0 174.0 226.0 126.0 244.0 text 0
115.0 248.0 129.0 242.0 133.0 251.0 119.0 257.0 text 0
129.0 241.0 158.0 230.0 162.0 238.0 133.0 250.0 text 0
159.0 230.0 183.0 222.0 187.0 230.0 162.0 238.0 text 0
120.0 255.0 139.0 247.0 144.0 257.0 124.0 264.0 text 0
139.0 246.0 186.0 230.0 190.0 240.0 143.0 256.0 text 0
511.0 103.0 545.0 100.0 546.0 112.0 512.0 115.0 text 0
