451.0 178.0 567.0 165.0 568.0 193.0 452.0 206.0 text 0
565.0 166.0 691.0 152.0 692.0 177.0 566.0 192.0 text 0
694.0 147.0 841.0 126.0 844.0 156.0 696.0 177.0 text 0
840.0 130.0 1006.0 105.0 1010.0 134.0 845.0 158.0 text 0
911.0 86.0 1009.0 71.0 1012.0 91.0 915.0 106.0 text 0
475.0 110.0 567.0 95.0 568.0 111.0 476.0 125.0 text 0
450.0 157.0 540.0 144.0 540.0 160.0 450.0 173.0 text 0
12.0 237.0 96.0 228.0 97.0 253.0 13.0 262.0 text 0
149.0 212.0 247.0 204.0 248.0 234.0 150.0 242.0 text 0
22.0 150.0 68.0 144.0 54.0 259.0 8.0 265.0 text 0
0.0 239.0 12.0 238.0 12.0 264.0 0.0 265.0 text 0
