817.0 247.0 872.0 250.0 867.0 279.0 811.0 276.0 text 0
806.0 74.0 858.0 61.0 860.0 91.0 808.0 104.0 text 0
749.0 444.0 763.0 451.0 761.0 482.0 747.0 476.0 text 0
761.0 453.0 778.0 461.0 777.0 481.0 760.0 473.0 text 0
888.0 565.0 927.0 548.0 929.0 566.0 890.0 583.0 text 0
1048.0 456.0 1111.0 485.0 1101.0 490.0 1038.0 460.0 text 0
1131.0 434.0 1174.0 451.0 1148.0 460.0 1105.0 443.0 text 0
834.0 420.0 855.0 416.0 856.0 428.0 835.0 432.0 text 0
251.0 301.0 284.0 304.0 278.0 313.0 245.0 310.0 text 0
257.0 293.0 286.0 294.0 283.0 303.0 254.0 302.0 text 0
466.0 180.0 516.0 175.0 519.0 188.0 469.0 192.0 text 0
1037.0 458.0 1108.0 492.0 1096.0 498.0 1026.0 464.0 text 0
