367.0 217.0 387.0 217.0 387.0 229.0 367.0 229.0 text 0
608.0 173.0 622.0 174.0 622.0 189.0 607.0 188.0 text 0
163.0 177.0 256.0 178.0 256.0 196.0 163.0 195.0 text 0
681.0 183.0 727.0 185.0 727.0 200.0 681.0 197.0 text 0
680.0 217.0 729.0 216.0 731.0 224.0 682.0 225.0 text 0
478.0 174.0 523.0 168.0 524.0 189.0 479.0 196.0 text 0
857.0 151.0 979.0 141.0 980.0 170.0 858.0 180.0 text 0
1075.0 35.0 1156.0 5.0 1157.0 17.0 1076.0 47.0 text 0
668.0 207.0 742.0 207.0 742.0 217.0 668.0 217.0 text 0
334.0 205.0 343.0 205.0 343.0 215.0 334.0 215.0 text 0
342.0 206.0 350.0 206.0 350.0 216.0 343.0 216.0 text 0
583.0 173.0 606.0 173.0 606.0 184.0 583.0 184.0 text 0
1076.0 53.0 1151.0 32.0 1155.0 104.0 1078.0 126.0 text 0
916.0 414.0 936.0 426.0 936.0 432.0 916.0 420.0 text 0
1029.0 450.0 1041.0 449.0 1041.0 459.0 1029.0 461.0 text 0
