471.0 124.0 491.0 123.0 493.0 136.0 473.0 137.0 text 0
463.0 138.0 502.0 134.0 506.0 147.0 467.0 152.0 text 0
630.0 115.0 667.0 111.0 669.0 124.0 632.0 128.0 text 0
638.0 124.0 669.0 124.0 669.0 137.0 638.0 137.0 text 0
436.0 3.0 452.0 2.0 459.0 54.0 442.0 55.0 text 0
611.0 4.0 623.0 3.0 632.0 42.0 620.0 43.0 text 0
1156.0 103.0 1210.0 93.0 1210.0 112.0 1156.0 122.0 text 0
972.0 137.0 1021.0 128.0 1023.0 144.0 975.0 153.0 text 0
1000.0 84.0 1029.0 83.0 1032.0 107.0 1003.0 108.0 text 0
1097.0 78.0 1127.0 77.0 1125.0 100.0 1095.0 101.0 text 0
476.0 188.0 508.0 184.0 510.0 203.0 478.0 207.0 text 0
