175.0 473.0 249.0 472.0 247.0 496.0 172.0 497.0 text 0
722.0 138.0 738.0 139.0 736.0 147.0 720.0 146.0 text 0
401.0 142.0 441.0 147.0 436.0 177.0 396.0 172.0 text 0
481.0 170.0 513.0 174.0 512.0 190.0 480.0 185.0 text 0
481.0 188.0 514.0 192.0 512.0 202.0 479.0 197.0 text 0
470.0 204.0 521.0 207.0 518.0 218.0 467.0 215.0 text 0
547.0 285.0 581.0 290.0 577.0 311.0 543.0 306.0 text 0
655.0 71.0 805.0 92.0 803.0 144.0 653.0 123.0 text 0
570.0 613.0 628.0 617.0 628.0 626.0 570.0 623.0 text 0
595.0 582.0 638.0 586.0 636.0 597.0 592.0 593.0 text 0
176.0 437.0 249.0 437.0 248.0 464.0 175.0 464.0 text 0
713.0 79.0 759.0 83.0 756.0 97.0 710.0 93.0 text 0
695.0 125.0 765.0 132.0 765.0 142.0 695.0 134.0 text 0
708.0 147.0 752.0 151.0 751.0 159.0 707.0 155.0 text 0
448.0 228.0 512.0 235.0 511.0 244.0 447.0 238.0 text 0
470.0 244.0 490.0 246.0 489.0 253.0 469.0 251.0 text 0
419.0 211.0 442.0 214.0 440.0 225.0 417.0 222.0 text 0
569.0 218.0 600.0 223.0 591.0 257.0 561.0 251.0 text 0
582.0 511.0 654.0 517.0 651.0 541.0 578.0 535.0 text 0
491.0 380.0 525.0 375.0 526.0 391.0 492.0 396.0 text 0
488.0 413.0 521.0 407.0 524.0 423.0 491.0 429.0 text 0
485.0 477.0 520.0 474.0 519.0 490.0 485.0 493.0 text 0
371.0 239.0 381.0 240.0 380.0 254.0 369.0 254.0 text 0
464.0 262.0 478.0 262.0 476.0 273.0 463.0 273.0 text 0
872.0 112.0 922.0 118.0 922.0 130.0 871.0 124.0 text 0
874.0 130.0 931.0 137.0 925.0 167.0 868.0 160.0 text 0
1008.0 116.0 1039.0 122.0 1039.0 134.0 1008.0 128.0 text 0
939.0 127.0 993.0 134.0 992.0 160.0 939.0 153.0 text 0
946.0 158.0 989.0 163.0 989.0 168.0 946.0 162.0 text 0
951.0 165.0 985.0 170.0 986.0 180.0 952.0 175.0 text 0
1004.0 192.0 1036.0 198.0 1037.0 207.0 1005.0 201.0 text 0
726.0 275.0 742.0 279.0 741.0 293.0 725.0 289.0 text 0
721.0 292.0 740.0 295.0 738.0 310.0 719.0 308.0 text 0
614.0 418.0 644.0 422.0 643.0 432.0 613.0 429.0 text 0
710.0 353.0 727.0 354.0 727.0 395.0 710.0 395.0 text 0
807.0 449.0 832.0 450.0 832.0 461.0 807.0 459.0 text 0
780.0 415.0 826.0 419.0 824.0 434.0 779.0 431.0 text 0
698.0 545.0 747.0 551.0 746.0 564.0 697.0 558.0 text 0
1254.0 185.0 1275.0 186.0 1278.0 205.0 1257.0 204.0 text 0
1259.0 108.0 1278.0 110.0 1276.0 126.0 1258.0 124.0 text 0
1001.0 134.0 1048.0 141.0 1047.0 168.0 1000.0 161.0 text 0
1001.0 171.0 1038.0 176.0 1040.0 193.0 1002.0 189.0 text 0
692.0 449.0 714.0 463.0 709.0 478.0 687.0 464.0 text 0
770.0 560.0 810.0 560.0 811.0 574.0 771.0 574.0 text 0
854.0 649.0 890.0 646.0 889.0 663.0 853.0 665.0 text 0
839.0 708.0 870.0 707.0 870.0 717.0 839.0 718.0 text 0
674.0 649.0 716.0 650.0 716.0 663.0 674.0 661.0 text 0
863.0 58.0 891.0 63.0 891.0 76.0 863.0 70.0 text 0
625.0 317.0 641.0 317.0 641.0 376.0 625.0 376.0 text 0
1175.0 97.0 1224.0 104.0 1224.0 141.0 1174.0 133.0 text 0
1176.0 175.0 1226.0 180.0 1225.0 212.0 1175.0 206.0 text 0
