1153.0 388.0 1266.0 401.0 1267.0 422.0 1154.0 410.0 text 0
637.0 473.0 682.0 485.0 682.0 511.0 637.0 498.0 text 0
788.0 139.0 941.0 123.0 938.0 164.0 789.0 177.0 text 0
741.0 220.0 787.0 207.0 794.0 243.0 747.0 255.0 text 0
791.0 214.0 833.0 202.0 836.0 230.0 794.0 242.0 text 0
599.0 160.0 781.0 138.0 787.0 175.0 602.0 194.0 text 0
369.0 247.0 500.0 171.0 511.0 264.0 366.0 288.0 text 0
775.0 93.0 897.0 78.0 897.0 110.0 775.0 124.0 text 0
811.0 530.0 936.0 560.0 934.0 614.0 808.0 584.0 text 0
747.0 258.0 796.0 246.0 797.0 263.0 748.0 276.0 text 0
796.0 242.0 840.0 232.0 843.0 253.0 800.0 263.0 text 0
750.0 278.0 842.0 258.0 845.0 280.0 753.0 300.0 text 0
754.0 303.0 806.0 292.0 810.0 313.0 757.0 324.0 text 0
711.0 493.0 747.0 503.0 747.0 527.0 711.0 517.0 text 0
570.0 476.0 625.0 495.0 624.0 522.0 568.0 503.0 text 0
567.0 507.0 607.0 518.0 605.0 544.0 565.0 533.0 text 0
638.0 502.0 674.0 510.0 672.0 533.0 636.0 525.0 text 0
638.0 526.0 676.0 537.0 673.0 563.0 635.0 552.0 text 0
704.0 519.0 741.0 532.0 745.0 560.0 708.0 546.0 text 0
701.0 548.0 744.0 561.0 746.0 591.0 703.0 578.0 text 0
804.0 290.0 843.0 281.0 846.0 304.0 808.0 313.0 text 0
648.0 116.0 690.0 111.0 690.0 125.0 648.0 130.0 text 0
692.0 110.0 772.0 98.0 772.0 111.0 692.0 123.0 text 0
687.0 126.0 774.0 113.0 774.0 128.0 687.0 136.0 text 0
349.0 115.0 397.0 127.0 396.0 146.0 347.0 134.0 text 0
377.0 283.0 472.0 275.0 470.0 310.0 376.0 319.0 text 0
353.0 183.0 389.0 182.0 388.0 208.0 353.0 208.0 text 0
512.0 200.0 560.0 197.0 560.0 230.0 512.0 229.0 text 0
538.0 162.0 552.0 165.0 552.0 188.0 538.0 183.0 text 0
609.0 308.0 728.0 316.0 728.0 334.0 609.0 325.0 text 0
488.0 395.0 537.0 403.0 534.0 438.0 485.0 426.0 text 0
570.0 423.0 757.0 466.0 755.0 484.0 570.0 440.0 text 0
579.0 342.0 618.0 345.0 616.0 363.0 579.0 357.0 text 0
624.0 285.0 650.0 285.0 650.0 299.0 624.0 294.0 text 0
565.0 533.0 750.0 592.0 745.0 623.0 565.0 554.0 text 0
485.0 510.0 519.0 518.0 516.0 544.0 482.0 531.0 text 0
373.0 468.0 404.0 477.0 400.0 499.0 367.0 489.0 text 0
812.0 516.0 1010.0 564.0 1006.0 582.0 812.0 534.0 text 0
819.0 596.0 875.0 615.0 885.0 646.0 819.0 619.0 text 0
