498.0 136.0 521.0 133.0 538.0 235.0 515.0 238.0 text 0
889.0 103.0 959.0 82.0 965.0 111.0 895.0 132.0 text 0
1120.0 407.0 1207.0 417.0 1207.0 444.0 1120.0 434.0 text 0
1206.0 424.0 1271.0 432.0 1272.0 454.0 1207.0 446.0 text 0
738.0 96.0 858.0 36.0 866.0 67.0 746.0 127.0 text 0
588.0 155.0 608.0 268.0 596.0 271.0 576.0 157.0 text 0
529.0 236.0 552.0 371.0 540.0 373.0 517.0 238.0 text 0
1152.0 321.0 1275.0 326.0 1276.0 346.0 1153.0 341.0 text 0
1184.0 620.0 1269.0 659.0 1269.0 688.0 1184.0 653.0 text 0
536.0 235.0 552.0 325.0 544.0 327.0 529.0 236.0 text 0
563.0 92.0 593.0 275.0 584.0 278.0 553.0 93.0 text 0
533.0 428.0 587.0 425.0 587.0 436.0 533.0 436.0 text 0
659.0 147.0 705.0 123.0 708.0 140.0 663.0 162.0 text 0
