143.0 56.0 263.0 62.0 265.0 105.0 145.0 100.0 text 0
180.0 80.0 290.0 85.0 287.0 124.0 177.0 118.0 text 0
336.0 4.0 428.0 0.0 428.0 27.0 336.0 32.0 text 0
358.0 21.0 445.0 14.0 445.0 37.0 358.0 44.0 text 0
663.0 97.0 741.0 58.0 741.0 103.0 663.0 142.0 text 0
370.0 425.0 474.0 414.0 479.0 440.0 375.0 451.0 text 0
403.0 404.0 442.0 400.0 443.0 404.0 404.0 408.0 text 0
412.0 453.0 441.0 449.0 441.0 458.0 412.0 462.0 text 0
54.0 534.0 80.0 519.0 83.0 530.0 57.0 545.0 text 0
1204.0 236.0 1222.0 244.0 1223.0 257.0 1205.0 250.0 text 0
