764.0 144.0 814.0 152.0 814.0 173.0 764.0 164.0 text 0
976.0 455.0 1013.0 461.0 1013.0 474.0 976.0 468.0 text 0
978.0 488.0 1008.0 495.0 1011.0 506.0 981.0 499.0 text 0
973.0 500.0 1017.0 509.0 1018.0 526.0 975.0 518.0 text 0
262.0 246.0 301.0 249.0 298.0 298.0 260.0 295.0 text 0
976.0 473.0 1006.0 478.0 1010.0 489.0 980.0 484.0 text 0
778.0 95.0 827.0 106.0 827.0 140.0 778.0 129.0 text 0
733.0 84.0 780.0 96.0 781.0 134.0 735.0 123.0 text 0
185.0 196.0 252.0 202.0 255.0 224.0 188.0 219.0 text 0
817.0 155.0 829.0 158.0 828.0 174.0 816.0 170.0 text 0
1160.0 197.0 1248.0 200.0 1250.0 220.0 1162.0 216.0 text 0
266.0 232.0 303.0 236.0 301.0 249.0 265.0 245.0 text 0
263.0 294.0 296.0 300.0 295.0 331.0 261.0 325.0 text 0
250.0 327.0 299.0 340.0 302.0 354.0 253.0 340.0 text 0
