103.0 121.0 197.0 116.0 201.0 176.0 107.0 181.0 text 0
211.0 123.0 341.0 120.0 345.0 173.0 215.0 175.0 text 0
348.0 118.0 523.0 118.0 532.0 175.0 357.0 175.0 text 0
1131.0 110.0 1168.0 109.0 1172.0 139.0 1135.0 140.0 text 0
1170.0 111.0 1192.0 109.0 1195.0 135.0 1172.0 138.0 text 0
1193.0 109.0 1212.0 108.0 1213.0 133.0 1195.0 134.0 text 0
1210.0 109.0 1237.0 109.0 1241.0 133.0 1213.0 133.0 text 0
1245.0 104.0 1278.0 106.0 1277.0 138.0 1243.0 135.0 text 0
1.0 129.0 91.0 127.0 95.0 180.0 0.0 185.0 text 0
526.0 130.0 560.0 129.0 564.0 161.0 530.0 163.0 text 0
