1228.0 84.0 1267.0 74.0 1268.0 83.0 1230.0 93.0 text 0
1186.0 333.0 1236.0 321.0 1242.0 342.0 1192.0 354.0 text 0
478.0 223.0 553.0 215.0 562.0 254.0 487.0 261.0 text 0
508.0 271.0 542.0 269.0 547.0 306.0 513.0 309.0 text 0
471.0 310.0 581.0 294.0 587.0 348.0 477.0 364.0 text 0
453.0 174.0 563.0 169.0 570.0 221.0 460.0 226.0 text 0
467.0 364.0 607.0 343.0 607.0 379.0 467.0 400.0 text 0
492.0 140.0 525.0 143.0 527.0 180.0 495.0 178.0 text 0
483.0 434.0 521.0 426.0 527.0 463.0 490.0 470.0 text 0
518.0 421.0 600.0 406.0 608.0 446.0 527.0 461.0 text 0
481.0 490.0 518.0 483.0 525.0 519.0 487.0 526.0 text 0
515.0 481.0 613.0 458.0 623.0 495.0 525.0 519.0 text 0
962.0 308.0 1020.0 301.0 1022.0 336.0 965.0 343.0 text 0
1055.0 289.0 1111.0 283.0 1115.0 314.0 1058.0 320.0 text 0
732.0 510.0 761.0 503.0 765.0 520.0 736.0 528.0 text 0
768.0 500.0 800.0 488.0 805.0 500.0 773.0 513.0 text 0
780.0 509.0 800.0 504.0 803.0 515.0 783.0 520.0 text 0
35.0 698.0 80.0 688.0 83.0 709.0 38.0 719.0 text 0
1212.0 58.0 1263.0 45.0 1270.0 61.0 1218.0 74.0 text 0
1218.0 71.0 1270.0 60.0 1272.0 73.0 1221.0 84.0 text 0
157.0 247.0 223.0 240.0 226.0 260.0 160.0 267.0 text 0
239.0 256.0 325.0 251.0 324.0 260.0 238.0 265.0 text 0
232.0 237.0 290.0 237.0 294.0 251.0 236.0 251.0 text 0
31.0 421.0 84.0 416.0 84.0 426.0 31.0 431.0 text 0
137.0 407.0 177.0 402.0 176.0 411.0 136.0 415.0 text 0
213.0 395.0 256.0 390.0 256.0 397.0 213.0 402.0 text 0
362.0 373.0 394.0 368.0 392.0 376.0 360.0 381.0 text 0
277.0 388.0 290.0 386.0 290.0 396.0 277.0 398.0 text 0
965.0 191.0 1045.0 179.0 1052.0 193.0 973.0 205.0 text 0
706.0 252.0 753.0 241.0 755.0 255.0 708.0 265.0 text 0
898.0 216.0 945.0 204.0 944.0 214.0 897.0 227.0 text 0
1224.0 71.0 1259.0 63.0 1267.0 81.0 1232.0 89.0 text 0
598.0 280.0 624.0 274.0 625.0 283.0 599.0 289.0 text 0
438.0 63.0 501.0 60.0 504.0 115.0 441.0 118.0 text 0
287.0 503.0 305.0 500.0 306.0 508.0 288.0 511.0 text 0
138.0 492.0 165.0 485.0 165.0 496.0 138.0 503.0 text 0
97.0 508.0 121.0 502.0 126.0 513.0 99.0 518.0 text 0
282.0 511.0 308.0 505.0 309.0 515.0 283.0 521.0 text 0
1024.0 1.0 1155.0 1.0 1162.0 34.0 1031.0 28.0 text 0
