263.0 248.0 323.0 248.0 325.0 268.0 265.0 268.0 text 0
680.0 364.0 711.0 362.0 716.0 377.0 685.0 378.0 text 0
484.0 283.0 550.0 280.0 553.0 301.0 486.0 303.0 text 0
617.0 282.0 667.0 280.0 667.0 293.0 617.0 295.0 text 0
474.0 391.0 516.0 389.0 517.0 405.0 475.0 408.0 text 0
322.0 250.0 412.0 250.0 413.0 266.0 323.0 266.0 text 0
513.0 390.0 567.0 382.0 568.0 397.0 515.0 405.0 text 0
706.0 364.0 745.0 358.0 751.0 370.0 712.0 376.0 text 0
870.0 436.0 977.0 442.0 985.0 499.0 878.0 493.0 text 0
36.0 571.0 196.0 541.0 198.0 577.0 39.0 606.0 text 0
581.0 247.0 625.0 248.0 625.0 268.0 581.0 267.0 text 0
619.0 249.0 681.0 248.0 684.0 266.0 622.0 267.0 text 0
866.0 136.0 952.0 135.0 958.0 191.0 872.0 192.0 text 0
977.0 385.0 995.0 423.0 981.0 430.0 963.0 392.0 text 0
1018.0 471.0 1047.0 540.0 1029.0 548.0 1000.0 479.0 text 0
