3.0 26.0 126.0 28.0 125.0 75.0 2.0 72.0 text 0
1046.0 151.0 1078.0 151.0 1080.0 163.0 1047.0 163.0 text 0
211.0 40.0 300.0 43.0 300.0 80.0 211.0 78.0 text 0
296.0 49.0 328.0 49.0 330.0 81.0 297.0 81.0 text 0
1152.0 263.0 1226.0 244.0 1230.0 320.0 1156.0 339.0 text 0
323.0 51.0 485.0 61.0 487.0 90.0 326.0 80.0 text 0
528.0 66.0 596.0 70.0 602.0 100.0 535.0 96.0 text 0
593.0 73.0 617.0 73.0 621.0 100.0 597.0 100.0 text 0
820.0 269.0 891.0 255.0 896.0 311.0 825.0 325.0 text 0
617.0 76.0 656.0 76.0 657.0 103.0 618.0 103.0 text 0
1036.0 17.0 1054.0 18.0 1054.0 30.0 1036.0 29.0 text 0
1040.0 89.0 1073.0 90.0 1073.0 101.0 1040.0 100.0 text 0
1045.0 121.0 1078.0 124.0 1080.0 135.0 1046.0 133.0 text 0
1050.0 161.0 1069.0 161.0 1069.0 174.0 1050.0 174.0 text 0
813.0 16.0 836.0 17.0 836.0 30.0 813.0 30.0 text 0
812.0 32.0 833.0 32.0 833.0 44.0 812.0 43.0 text 0
1038.0 27.0 1060.0 27.0 1060.0 37.0 1038.0 37.0 text 0
1039.0 37.0 1056.0 37.0 1056.0 45.0 1038.0 45.0 text 0
1041.0 56.0 1068.0 56.0 1069.0 66.0 1042.0 66.0 text 0
1041.0 65.0 1059.0 65.0 1059.0 73.0 1041.0 73.0 text 0
1046.0 100.0 1068.0 100.0 1068.0 107.0 1046.0 107.0 text 0
1048.0 133.0 1066.0 133.0 1066.0 141.0 1048.0 142.0 text 0
1053.0 172.0 1069.0 172.0 1070.0 181.0 1054.0 182.0 text 0
1053.0 17.0 1067.0 20.0 1067.0 30.0 1053.0 28.0 text 0
1068.0 162.0 1082.0 163.0 1082.0 172.0 1068.0 171.0 text 0
1050.0 173.0 1072.0 172.0 1074.0 181.0 1051.0 182.0 text 0
811.0 0.0 839.0 3.0 835.0 12.0 810.0 4.0 text 0
249.0 653.0 323.0 631.0 329.0 658.0 255.0 680.0 text 0
4.0 213.0 92.0 214.0 91.0 235.0 3.0 234.0 text 0
