523.0 601.0 555.0 591.0 561.0 619.0 530.0 629.0 text 0
562.0 590.0 632.0 559.0 640.0 585.0 570.0 616.0 text 0
168.0 275.0 228.0 254.0 235.0 294.0 175.0 315.0 text 0
368.0 55.0 448.0 41.0 457.0 91.0 377.0 105.0 text 0
450.0 49.0 488.0 45.0 496.0 88.0 457.0 91.0 text 0
137.0 153.0 203.0 145.0 210.0 175.0 143.0 183.0 text 0
157.0 216.0 208.0 203.0 212.0 234.0 161.0 248.0 text 0
410.0 96.0 507.0 94.0 510.0 140.0 412.0 143.0 text 0
576.0 646.0 663.0 599.0 675.0 641.0 587.0 689.0 text 0
552.0 623.0 627.0 588.0 636.0 613.0 561.0 648.0 text 0
175.0 185.0 193.0 191.0 190.0 204.0 172.0 198.0 text 0
182.0 248.0 205.0 249.0 203.0 265.0 181.0 264.0 text 0
533.0 672.0 577.0 659.0 583.0 681.0 539.0 694.0 text 0
502.0 701.0 578.0 683.0 587.0 716.0 505.0 716.0 text 0
581.0 692.0 671.0 639.0 678.0 660.0 588.0 713.0 text 0
332.0 361.0 360.0 360.0 364.0 382.0 336.0 383.0 text 0
491.0 50.0 504.0 44.0 511.0 82.0 497.0 87.0 text 0
509.0 106.0 522.0 104.0 526.0 133.0 513.0 135.0 text 0
