68.0 99.0 225.0 35.0 236.0 81.0 80.0 145.0 text 0
488.0 90.0 603.0 60.0 615.0 105.0 500.0 135.0 text 0
421.0 201.0 456.0 193.0 460.0 217.0 424.0 224.0 text 0
570.0 176.0 620.0 165.0 624.0 180.0 574.0 191.0 text 0
618.0 213.0 644.0 211.0 644.0 229.0 618.0 230.0 text 0
81.0 234.0 188.0 211.0 194.0 242.0 87.0 265.0 text 0
158.0 247.0 203.0 236.0 210.0 255.0 165.0 266.0 text 0
127.0 421.0 188.0 400.0 192.0 419.0 131.0 440.0 text 0
190.0 401.0 235.0 386.0 238.0 402.0 193.0 417.0 text 0
158.0 604.0 255.0 556.0 262.0 593.0 165.0 641.0 text 0
