447.0 196.0 459.0 195.0 461.0 208.0 449.0 209.0 text 0
463.0 195.0 476.0 194.0 477.0 206.0 464.0 207.0 text 0
555.0 156.0 590.0 154.0 592.0 175.0 557.0 178.0 text 0
530.0 332.0 555.0 331.0 555.0 359.0 531.0 357.0 text 0
600.0 320.0 621.0 318.0 622.0 343.0 601.0 343.0 text 0
498.0 161.0 525.0 160.0 526.0 183.0 500.0 184.0 text 0
665.0 306.0 686.0 305.0 686.0 331.0 665.0 333.0 text 0
420.0 168.0 465.0 163.0 467.0 186.0 422.0 191.0 text 0
479.0 152.0 525.0 151.0 525.0 160.0 479.0 161.0 text 0
526.0 149.0 538.0 149.0 539.0 158.0 527.0 159.0 text 0
412.0 203.0 426.0 202.0 428.0 211.0 413.0 212.0 text 0
426.0 189.0 464.0 186.0 463.0 194.0 424.0 197.0 text 0
562.0 177.0 594.0 176.0 594.0 185.0 562.0 186.0 text 0
429.0 197.0 444.0 197.0 446.0 209.0 431.0 209.0 text 0
507.0 182.0 521.0 182.0 523.0 189.0 508.0 190.0 text 0
485.0 197.0 499.0 196.0 499.0 204.0 486.0 204.0 text 0
501.0 191.0 513.0 191.0 514.0 202.0 501.0 203.0 text 0
516.0 190.0 527.0 189.0 530.0 201.0 518.0 202.0 text 0
530.0 189.0 542.0 188.0 543.0 199.0 531.0 199.0 text 0
550.0 191.0 563.0 191.0 564.0 199.0 551.0 198.0 text 0
565.0 187.0 576.0 185.0 578.0 197.0 567.0 199.0 text 0
577.0 185.0 591.0 185.0 593.0 196.0 579.0 196.0 text 0
593.0 183.0 603.0 183.0 603.0 194.0 593.0 194.0 text 0
730.0 237.0 760.0 233.0 761.0 241.0 731.0 245.0 text 0
544.0 223.0 583.0 215.0 586.0 224.0 547.0 232.0 text 0
1081.0 200.0 1184.0 188.0 1186.0 204.0 1083.0 217.0 text 0
60.0 253.0 83.0 252.0 83.0 260.0 60.0 262.0 text 0
134.0 255.0 181.0 250.0 183.0 256.0 136.0 261.0 text 0
135.0 245.0 182.0 239.0 182.0 248.0 135.0 253.0 text 0
