164.0 242.0 210.0 232.0 213.0 246.0 167.0 256.0 text 0
495.0 179.0 565.0 166.0 567.0 181.0 497.0 194.0 text 0
468.0 231.0 531.0 219.0 532.0 231.0 470.0 244.0 text 0
494.0 237.0 542.0 227.0 545.0 240.0 497.0 250.0 text 0
543.0 228.0 576.0 224.0 575.0 236.0 542.0 240.0 text 0
628.0 156.0 668.0 151.0 671.0 165.0 631.0 170.0 text 0
469.0 259.0 503.0 253.0 506.0 269.0 472.0 275.0 text 0
502.0 252.0 574.0 238.0 578.0 254.0 506.0 268.0 text 0
565.0 168.0 618.0 159.0 624.0 172.0 570.0 182.0 text 0
888.0 145.0 934.0 137.0 936.0 151.0 891.0 159.0 text 0
891.0 159.0 936.0 153.0 938.0 167.0 894.0 174.0 text 0
892.0 178.0 940.0 170.0 943.0 185.0 894.0 193.0 text 0
897.0 195.0 933.0 189.0 934.0 203.0 898.0 208.0 text 0
898.0 209.0 950.0 200.0 952.0 217.0 900.0 225.0 text 0
