817.0 30.0 840.0 32.0 837.0 50.0 814.0 47.0 text 0
734.0 20.0 765.0 25.0 762.0 44.0 730.0 40.0 text 0
186.0 407.0 234.0 372.0 234.0 431.0 186.0 469.0 text 0
242.0 367.0 284.0 335.0 284.0 385.0 240.0 424.0 text 0
290.0 332.0 338.0 300.0 336.0 342.0 287.0 383.0 text 0
195.0 259.0 347.0 204.0 341.0 290.0 191.0 384.0 text 0
204.0 64.0 276.0 70.0 274.0 112.0 202.0 112.0 text 0
201.0 127.0 383.0 114.0 379.0 183.0 196.0 243.0 text 0
276.0 72.0 306.0 73.0 304.0 109.0 273.0 110.0 text 0
772.0 23.0 810.0 27.0 806.0 48.0 769.0 45.0 text 0
852.0 0.0 876.0 3.0 872.0 19.0 849.0 16.0 text 0
1096.0 159.0 1154.0 169.0 1150.0 195.0 1093.0 185.0 text 0
1015.0 32.0 1261.0 2.0 1266.0 20.0 1020.0 50.0 text 0
1052.0 112.0 1100.0 115.0 1101.0 134.0 1053.0 131.0 text 0
1112.0 78.0 1175.0 75.0 1173.0 114.0 1110.0 117.0 text 0
749.0 0.0 846.0 3.0 846.0 22.0 730.0 5.0 text 0
170.0 608.0 229.0 535.0 235.0 568.0 176.0 641.0 text 0
1172.0 117.0 1199.0 120.0 1197.0 139.0 1170.0 136.0 text 0
