340.0 104.0 378.0 105.0 378.0 131.0 340.0 130.0 text 0
1061.0 116.0 1248.0 119.0 1252.0 150.0 1065.0 148.0 text 0
236.0 81.0 333.0 85.0 332.0 120.0 235.0 116.0 text 0
800.0 115.0 917.0 116.0 921.0 148.0 803.0 146.0 text 0
931.0 115.0 1050.0 116.0 1047.0 148.0 928.0 146.0 text 0
101.0 83.0 145.0 83.0 145.0 119.0 101.0 119.0 text 0
143.0 83.0 238.0 84.0 237.0 118.0 142.0 116.0 text 0
801.0 148.0 1251.0 153.0 1251.0 169.0 801.0 164.0 text 0
375.0 104.0 411.0 104.0 413.0 129.0 377.0 129.0 text 0
412.0 104.0 467.0 105.0 467.0 130.0 412.0 129.0 text 0
468.0 104.0 573.0 108.0 572.0 134.0 467.0 130.0 text 0
571.0 106.0 606.0 108.0 605.0 133.0 570.0 131.0 text 0
98.0 119.0 331.0 123.0 332.0 145.0 100.0 141.0 text 0
12.0 83.0 77.0 85.0 81.0 126.0 16.0 124.0 text 0
