749.0 229.0 837.0 228.0 836.0 242.0 748.0 244.0 text 0
588.0 277.0 604.0 273.0 608.0 292.0 592.0 296.0 text 0
166.0 198.0 206.0 188.0 212.0 211.0 172.0 221.0 text 0
206.0 185.0 285.0 166.0 296.0 191.0 217.0 210.0 text 0
175.0 225.0 233.0 213.0 240.0 231.0 181.0 244.0 text 0
558.0 215.0 677.0 186.0 693.0 240.0 575.0 269.0 text 0
231.0 211.0 290.0 196.0 296.0 214.0 237.0 229.0 text 0
153.0 164.0 265.0 138.0 270.0 171.0 158.0 198.0 text 0
320.0 183.0 375.0 174.0 378.0 201.0 323.0 210.0 text 0
372.0 171.0 471.0 150.0 477.0 178.0 378.0 199.0 text 0
551.0 165.0 638.0 144.0 646.0 164.0 558.0 185.0 text 0
335.0 206.0 411.0 189.0 418.0 218.0 342.0 235.0 text 0
567.0 141.0 618.0 128.0 625.0 146.0 573.0 160.0 text 0
550.0 186.0 660.0 163.0 667.0 183.0 557.0 206.0 text 0
607.0 270.0 679.0 254.0 683.0 276.0 611.0 292.0 text 0
820.0 289.0 858.0 287.0 858.0 300.0 821.0 302.0 text 0
783.0 313.0 828.0 315.0 828.0 328.0 782.0 326.0 text 0
649.0 340.0 689.0 339.0 688.0 352.0 648.0 353.0 text 0
690.0 338.0 717.0 338.0 717.0 350.0 689.0 350.0 text 0
683.0 310.0 741.0 303.0 741.0 314.0 683.0 321.0 text 0
785.0 278.0 878.0 268.0 879.0 280.0 787.0 291.0 text 0
786.0 335.0 814.0 340.0 812.0 352.0 784.0 346.0 text 0
814.0 340.0 845.0 345.0 844.0 357.0 813.0 351.0 text 0
744.0 244.0 776.0 253.0 773.0 266.0 742.0 257.0 text 0
697.0 287.0 756.0 285.0 758.0 296.0 699.0 298.0 text 0
785.0 291.0 819.0 290.0 820.0 302.0 786.0 303.0 text 0
759.0 271.0 813.0 266.0 814.0 277.0 760.0 282.0 text 0
690.0 355.0 762.0 350.0 763.0 362.0 691.0 368.0 text 0
492.0 85.0 502.0 78.0 523.0 120.0 501.0 121.0 text 0
