76.0 9.0 347.0 41.0 355.0 111.0 83.0 79.0 text 0
353.0 59.0 530.0 83.0 535.0 136.0 358.0 113.0 text 0
696.0 120.0 728.0 118.0 731.0 138.0 698.0 140.0 text 0
646.0 185.0 695.0 180.0 695.0 210.0 646.0 215.0 text 0
87.0 231.0 142.0 225.0 142.0 237.0 87.0 243.0 text 0
241.0 328.0 316.0 321.0 318.0 332.0 242.0 338.0 text 0
241.0 343.0 258.0 343.0 258.0 350.0 242.0 350.0 text 0
270.0 340.0 283.0 340.0 283.0 346.0 270.0 346.0 text 0
297.0 335.0 312.0 337.0 312.0 343.0 297.0 344.0 text 0
266.0 415.0 315.0 409.0 317.0 418.0 266.0 425.0 text 0
290.0 432.0 319.0 430.0 319.0 439.0 291.0 442.0 text 0
265.0 435.0 285.0 435.0 282.0 442.0 266.0 442.0 text 0
280.0 450.0 328.0 444.0 328.0 462.0 280.0 464.0 text 0
890.0 63.0 925.0 60.0 931.0 92.0 896.0 101.0 text 0
694.0 127.0 774.0 144.0 774.0 176.0 694.0 175.0 text 0
1100.0 127.0 1279.0 113.0 1277.0 153.0 1103.0 173.0 text 0
