231.0 385.0 270.0 394.0 268.0 456.0 230.0 448.0 text 0
273.0 186.0 321.0 179.0 322.0 208.0 275.0 215.0 text 0
757.0 458.0 830.0 445.0 831.0 475.0 758.0 488.0 text 0
841.0 241.0 922.0 238.0 922.0 255.0 841.0 259.0 text 0
203.0 376.0 230.0 386.0 221.0 485.0 195.0 475.0 text 0
667.0 203.0 776.0 214.0 773.0 239.0 665.0 228.0 text 0
452.0 435.0 572.0 418.0 576.0 444.0 456.0 461.0 text 0
66.0 225.0 128.0 226.0 130.0 244.0 67.0 243.0 text 0
592.0 235.0 621.0 238.0 621.0 254.0 592.0 251.0 text 0
593.0 246.0 622.0 249.0 622.0 264.0 593.0 261.0 text 0
1156.0 483.0 1193.0 489.0 1187.0 511.0 1150.0 505.0 text 0
680.0 306.0 725.0 306.0 725.0 338.0 680.0 338.0 text 0
1167.0 414.0 1194.0 417.0 1193.0 428.0 1167.0 426.0 text 0
681.0 1.0 908.0 1.0 909.0 68.0 682.0 112.0 text 0
461.0 506.0 557.0 492.0 563.0 517.0 460.0 531.0 text 0
