632.0 549.0 732.0 464.0 742.0 479.0 642.0 564.0 text 0
632.0 440.0 692.0 399.0 706.0 420.0 646.0 461.0 text 0
687.0 448.0 730.0 421.0 737.0 461.0 695.0 488.0 text 0
632.0 525.0 693.0 476.0 701.0 494.0 640.0 543.0 text 0
568.0 533.0 631.0 486.0 636.0 508.0 573.0 554.0 text 0
533.0 390.0 568.0 374.0 572.0 389.0 537.0 405.0 text 0
565.0 228.0 643.0 225.0 643.0 240.0 565.0 243.0 text 0
1132.0 6.0 1173.0 2.0 1174.0 18.0 1133.0 23.0 text 0
253.0 654.0 353.0 600.0 353.0 634.0 253.0 688.0 text 0
136.0 224.0 166.0 221.0 166.0 234.0 136.0 237.0 text 0
363.0 666.0 450.0 611.0 462.0 669.0 373.0 719.0 text 0
449.0 676.0 462.0 669.0 467.0 688.0 455.0 694.0 text 0
535.0 405.0 573.0 388.0 588.0 439.0 551.0 458.0 text 0
527.0 371.0 557.0 359.0 565.0 373.0 531.0 385.0 text 0
391.0 331.0 416.0 323.0 418.0 340.0 392.0 349.0 text 0
396.0 379.0 414.0 375.0 406.0 399.0 399.0 401.0 text 0
647.0 690.0 742.0 584.0 757.0 645.0 690.0 718.0 text 0
667.0 339.0 703.0 338.0 701.0 361.0 665.0 358.0 text 0
