743.0 140.0 783.0 138.0 786.0 155.0 746.0 158.0 text 0
780.0 135.0 823.0 134.0 826.0 155.0 782.0 156.0 text 0
821.0 131.0 881.0 129.0 885.0 150.0 825.0 153.0 text 0
737.0 160.0 813.0 156.0 815.0 171.0 738.0 175.0 text 0
812.0 156.0 847.0 153.0 848.0 169.0 813.0 173.0 text 0
848.0 153.0 896.0 151.0 895.0 171.0 847.0 173.0 text 0
742.0 198.0 801.0 198.0 800.0 224.0 741.0 224.0 text 0
806.0 195.0 901.0 198.0 900.0 224.0 805.0 221.0 text 0
742.0 225.0 881.0 226.0 893.0 276.0 755.0 275.0 text 0
755.0 275.0 895.0 279.0 896.0 304.0 756.0 300.0 text 0
753.0 305.0 798.0 307.0 799.0 317.0 753.0 315.0 text 0
802.0 309.0 821.0 309.0 821.0 317.0 802.0 318.0 text 0
823.0 309.0 854.0 310.0 854.0 318.0 823.0 318.0 text 0
855.0 309.0 870.0 309.0 870.0 319.0 855.0 319.0 text 0
874.0 309.0 895.0 309.0 895.0 320.0 874.0 321.0 text 0
264.0 121.0 293.0 119.0 294.0 130.0 265.0 132.0 text 0
