645.0 312.0 755.0 338.0 752.0 355.0 642.0 329.0 text 0
916.0 339.0 946.0 346.0 942.0 362.0 911.0 355.0 text 0
628.0 676.0 660.0 693.0 649.0 706.0 617.0 689.0 text 0
1.0 415.0 109.0 390.0 109.0 408.0 1.0 433.0 text 0
493.0 291.0 524.0 286.0 523.0 302.0 492.0 307.0 text 0
523.0 285.0 560.0 278.0 560.0 297.0 523.0 304.0 text 0
622.0 335.0 644.0 340.0 643.0 347.0 621.0 342.0 text 0
624.0 344.0 641.0 348.0 640.0 354.0 624.0 350.0 text 0
649.0 347.0 697.0 359.0 696.0 367.0 648.0 355.0 text 0
742.0 370.0 770.0 376.0 769.0 385.0 742.0 379.0 text 0
