902.0 263.0 943.0 263.0 945.0 281.0 903.0 281.0 text 0
971.0 178.0 986.0 176.0 987.0 205.0 972.0 206.0 text 0
871.0 136.0 931.0 129.0 931.0 146.0 871.0 154.0 text 0
930.0 126.0 1041.0 111.0 1043.0 134.0 932.0 149.0 text 0
882.0 156.0 921.0 153.0 921.0 171.0 882.0 175.0 text 0
870.0 100.0 1045.0 74.0 1043.0 108.0 868.0 134.0 text 0
920.0 149.0 1031.0 139.0 1031.0 161.0 920.0 171.0 text 0
983.0 178.0 1038.0 173.0 1040.0 220.0 985.0 225.0 text 0
921.0 70.0 973.0 60.0 976.0 81.0 923.0 91.0 text 0
966.0 256.0 1018.0 258.0 1018.0 279.0 966.0 278.0 text 0
943.0 260.0 967.0 259.0 967.0 279.0 943.0 280.0 text 0
891.0 455.0 1064.0 483.0 1061.0 506.0 887.0 478.0 text 0
145.0 231.0 201.0 227.0 201.0 248.0 145.0 252.0 text 0
657.0 35.0 711.0 0.0 725.0 48.0 675.0 102.0 text 0
713.0 110.0 773.0 90.0 775.0 110.0 715.0 130.0 text 0
706.0 151.0 777.0 138.0 780.0 158.0 709.0 171.0 text 0
723.0 173.0 767.0 164.0 770.0 180.0 726.0 190.0 text 0
733.0 125.0 749.0 123.0 751.0 142.0 736.0 144.0 text 0
