535.0 60.0 577.0 59.0 573.0 85.0 531.0 86.0 text 0
576.0 109.0 618.0 111.0 617.0 124.0 575.0 122.0 text 0
532.0 104.0 558.0 105.0 553.0 120.0 527.0 119.0 text 0
541.0 116.0 574.0 122.0 574.0 140.0 541.0 135.0 text 0
530.0 134.0 567.0 138.0 565.0 150.0 528.0 146.0 text 0
570.0 61.0 615.0 64.0 613.0 88.0 568.0 85.0 text 0
554.0 108.0 575.0 109.0 575.0 122.0 554.0 121.0 text 0
535.0 146.0 575.0 151.0 575.0 165.0 535.0 160.0 text 0
574.0 123.0 602.0 126.0 602.0 139.0 574.0 137.0 text 0
565.0 138.0 593.0 141.0 592.0 154.0 565.0 151.0 text 0
592.0 142.0 616.0 144.0 616.0 155.0 592.0 153.0 text 0
574.0 153.0 588.0 155.0 588.0 167.0 574.0 165.0 text 0
587.0 154.0 610.0 157.0 609.0 170.0 586.0 167.0 text 0
2.0 560.0 56.0 531.0 113.0 595.0 41.0 627.0 text 0
997.0 656.0 1062.0 685.0 1040.0 718.0 992.0 700.0 text 0
0.0 513.0 5.0 486.0 42.0 538.0 4.0 550.0 text 0
251.0 72.0 285.0 70.0 277.0 107.0 260.0 108.0 text 0
