477.0 636.0 519.0 636.0 520.0 651.0 478.0 650.0 text 0
481.0 618.0 527.0 620.0 528.0 637.0 483.0 635.0 text 0
1161.0 292.0 1169.0 291.0 1172.0 301.0 1164.0 301.0 text 0
475.0 601.0 518.0 600.0 518.0 620.0 475.0 621.0 text 0
612.0 31.0 797.0 130.0 788.0 176.0 603.0 78.0 text 0
1151.0 369.0 1168.0 369.0 1168.0 383.0 1152.0 384.0 text 0
577.0 604.0 613.0 589.0 613.0 606.0 577.0 621.0 text 0
579.0 619.0 617.0 605.0 620.0 620.0 582.0 635.0 text 0
581.0 636.0 608.0 624.0 614.0 641.0 586.0 652.0 text 0
862.0 340.0 921.0 332.0 922.0 340.0 863.0 348.0 text 0
534.0 0.0 592.0 0.0 595.0 63.0 488.0 2.0 text 0
