198.0 554.0 320.0 500.0 326.0 511.0 205.0 565.0 text 0
225.0 514.0 291.0 486.0 293.0 499.0 227.0 526.0 text 0
693.0 144.0 709.0 140.0 713.0 154.0 696.0 158.0 text 0
564.0 186.0 580.0 182.0 582.0 191.0 566.0 196.0 text 0
674.0 149.0 686.0 145.0 691.0 159.0 680.0 163.0 text 0
281.0 244.0 365.0 224.0 368.0 239.0 285.0 259.0 text 0
275.0 224.0 362.0 203.0 367.0 225.0 280.0 246.0 text 0
727.0 151.0 768.0 139.0 772.0 154.0 731.0 165.0 text 0
197.0 538.0 313.0 490.0 320.0 501.0 203.0 549.0 text 0
262.0 0.0 367.0 78.0 370.0 130.0 149.0 2.0 text 0
416.0 139.0 457.0 151.0 461.0 191.0 420.0 179.0 text 0
319.0 651.0 392.0 612.0 406.0 650.0 333.0 689.0 text 0
410.0 318.0 448.0 309.0 450.0 326.0 412.0 335.0 text 0
177.0 589.0 316.0 528.0 338.0 578.0 198.0 638.0 text 0
156.0 522.0 333.0 455.0 338.0 471.0 162.0 538.0 text 0
259.0 272.0 291.0 267.0 294.0 289.0 262.0 294.0 text 0
