712.0 90.0 741.0 86.0 746.0 121.0 717.0 125.0 text 0
240.0 59.0 273.0 53.0 278.0 79.0 245.0 85.0 text 0
448.0 41.0 497.0 26.0 527.0 188.0 478.0 203.0 text 0
477.0 216.0 526.0 191.0 531.0 218.0 482.0 243.0 text 0
186.0 58.0 211.0 51.0 221.0 93.0 196.0 99.0 text 0
430.0 33.0 456.0 28.0 475.0 121.0 448.0 126.0 text 0
998.0 60.0 1056.0 58.0 1056.0 80.0 998.0 83.0 text 0
1051.0 51.0 1130.0 48.0 1131.0 73.0 1052.0 76.0 text 0
1008.0 209.0 1072.0 209.0 1073.0 234.0 1010.0 234.0 text 0
503.0 266.0 524.0 253.0 528.0 272.0 507.0 285.0 text 0
578.0 111.0 605.0 105.0 611.0 136.0 584.0 142.0 text 0
