125.0 89.0 193.0 106.0 193.0 144.0 125.0 126.0 text 0
697.0 231.0 756.0 223.0 760.0 239.0 701.0 248.0 text 0
257.0 138.0 321.0 156.0 318.0 183.0 255.0 164.0 text 0
321.0 161.0 345.0 169.0 342.0 189.0 318.0 181.0 text 0
343.0 171.0 381.0 185.0 378.0 201.0 341.0 188.0 text 0
201.0 115.0 252.0 131.0 250.0 161.0 198.0 145.0 text 0
432.0 191.0 511.0 211.0 506.0 248.0 427.0 228.0 text 0
755.0 223.0 773.0 219.0 777.0 233.0 758.0 236.0 text 0
776.0 206.0 880.0 190.0 883.0 216.0 780.0 233.0 text 0
882.0 200.0 923.0 196.0 925.0 211.0 883.0 215.0 text 0
1087.0 278.0 1112.0 275.0 1116.0 301.0 1091.0 304.0 text 0
820.0 270.0 856.0 269.0 857.0 284.0 820.0 284.0 text 0
1111.0 280.0 1122.0 278.0 1124.0 290.0 1114.0 292.0 text 0
520.0 448.0 579.0 446.0 580.0 459.0 521.0 461.0 text 0
520.0 426.0 569.0 429.0 569.0 445.0 522.0 445.0 text 0
1210.0 108.0 1279.0 88.0 1278.0 124.0 1217.0 138.0 text 0
506.0 156.0 546.0 158.0 549.0 205.0 509.0 205.0 text 0
