55.0 139.0 166.0 139.0 165.0 159.0 53.0 159.0 text 0
42.0 169.0 80.0 166.0 80.0 180.0 42.0 183.0 text 0
77.0 165.0 106.0 165.0 105.0 179.0 76.0 179.0 text 0
51.0 193.0 106.0 194.0 105.0 206.0 50.0 205.0 text 0
122.0 165.0 168.0 165.0 168.0 176.0 122.0 176.0 text 0
125.0 191.0 171.0 191.0 171.0 204.0 125.0 204.0 text 0
0.0 141.0 47.0 142.0 47.0 153.0 0.0 152.0 text 0
0.0 159.0 7.0 158.0 7.0 163.0 0.0 163.0 text 0
7.0 157.0 13.0 157.0 13.0 164.0 7.0 164.0 text 0
14.0 158.0 41.0 156.0 40.0 162.0 13.0 164.0 text 0
