1023.0 78.0 1196.0 44.0 1203.0 70.0 1031.0 104.0 text 0
541.0 247.0 595.0 237.0 595.0 249.0 541.0 260.0 text 0
542.0 260.0 570.0 253.0 573.0 280.0 546.0 288.0 text 0
1010.0 126.0 1033.0 123.0 1050.0 196.0 1026.0 200.0 text 0
1042.0 143.0 1090.0 135.0 1092.0 154.0 1045.0 161.0 text 0
717.0 106.0 852.0 104.0 856.0 123.0 721.0 125.0 text 0
869.0 166.0 892.0 163.0 890.0 171.0 867.0 174.0 text 0
529.0 317.0 564.0 308.0 565.0 320.0 530.0 329.0 text 0
530.0 329.0 575.0 316.0 576.0 331.0 532.0 344.0 text 0
558.0 355.0 575.0 350.0 575.0 365.0 559.0 370.0 text 0
575.0 351.0 598.0 343.0 598.0 355.0 575.0 364.0 text 0
538.0 383.0 610.0 355.0 610.0 368.0 537.0 396.0 text 0
541.0 397.0 612.0 370.0 613.0 383.0 542.0 410.0 text 0
869.0 185.0 896.0 183.0 895.0 189.0 868.0 191.0 text 0
569.0 258.0 581.0 255.0 582.0 261.0 570.0 264.0 text 0
569.0 264.0 582.0 262.0 583.0 268.0 570.0 271.0 text 0
569.0 271.0 593.0 265.0 595.0 273.0 570.0 278.0 text 0
