886.0 346.0 923.0 326.0 928.0 339.0 891.0 359.0 text 0
861.0 336.0 892.0 341.0 887.0 360.0 856.0 355.0 text 0
845.0 210.0 905.0 211.0 906.0 223.0 846.0 221.0 text 0
845.0 224.0 912.0 223.0 910.0 235.0 842.0 236.0 text 0
825.0 191.0 878.0 176.0 885.0 195.0 831.0 210.0 text 0
852.0 248.0 900.0 248.0 901.0 259.0 853.0 259.0 text 0
836.0 259.0 916.0 259.0 917.0 273.0 837.0 273.0 text 0
831.0 283.0 876.0 281.0 876.0 296.0 831.0 298.0 text 0
885.0 179.0 935.0 196.0 928.0 213.0 878.0 195.0 text 0
876.0 281.0 921.0 281.0 921.0 295.0 876.0 295.0 text 0
832.0 306.0 863.0 305.0 865.0 320.0 833.0 321.0 text 0
835.0 323.0 866.0 343.0 857.0 358.0 826.0 338.0 text 0
858.0 305.0 923.0 306.0 925.0 319.0 860.0 318.0 text 0
939.0 69.0 964.0 60.0 966.0 75.0 940.0 85.0 text 0
963.0 59.0 977.0 55.0 979.0 71.0 966.0 75.0 text 0
974.0 55.0 1045.0 31.0 1048.0 47.0 978.0 72.0 text 0
1041.0 29.0 1055.0 25.0 1060.0 42.0 1046.0 46.0 text 0
1054.0 26.0 1069.0 21.0 1074.0 38.0 1058.0 43.0 text 0
1067.0 23.0 1135.0 0.0 1142.0 15.0 1075.0 38.0 text 0
721.0 223.0 748.0 221.0 748.0 231.0 721.0 232.0 text 0
723.0 233.0 747.0 232.0 747.0 241.0 723.0 242.0 text 0
719.0 253.0 751.0 252.0 751.0 261.0 719.0 261.0 text 0
722.0 263.0 747.0 263.0 747.0 272.0 722.0 272.0 text 0
715.0 199.0 755.0 197.0 755.0 220.0 714.0 222.0 text 0
870.0 143.0 887.0 144.0 886.0 162.0 869.0 162.0 text 0
731.0 162.0 738.0 159.0 738.0 177.0 731.0 179.0 text 0
944.0 1.0 958.0 1.0 1088.0 1.0 944.0 66.0 text 0
