298.0 130.0 707.0 148.0 707.0 230.0 298.0 213.0 text 0
463.0 513.0 540.0 500.0 540.0 520.0 463.0 533.0 text 0
636.0 621.0 712.0 598.0 717.0 626.0 641.0 650.0 text 0
741.0 431.0 781.0 433.0 781.0 444.0 741.0 443.0 text 0
115.0 364.0 258.0 361.0 257.0 379.0 113.0 381.0 text 0
112.0 390.0 232.0 385.0 232.0 406.0 112.0 411.0 text 0
115.0 411.0 203.0 411.0 201.0 430.0 112.0 430.0 text 0
113.0 440.0 212.0 436.0 210.0 458.0 111.0 461.0 text 0
334.0 3.0 399.0 14.0 394.0 39.0 312.0 27.0 text 0
610.0 664.0 765.0 614.0 769.0 719.0 605.0 719.0 text 0
