1038.0 119.0 1155.0 95.0 1157.0 111.0 1041.0 135.0 text 0
438.0 238.0 455.0 236.0 456.0 250.0 440.0 251.0 text 0
271.0 259.0 328.0 251.0 331.0 280.0 273.0 288.0 text 0
326.0 250.0 346.0 250.0 346.0 268.0 326.0 268.0 text 0
381.0 245.0 440.0 238.0 443.0 263.0 385.0 270.0 text 0
426.0 176.0 466.0 175.0 466.0 191.0 426.0 193.0 text 0
368.0 184.0 420.0 179.0 423.0 195.0 372.0 200.0 text 0
563.0 184.0 597.0 181.0 598.0 195.0 565.0 198.0 text 0
598.0 183.0 630.0 178.0 631.0 190.0 600.0 195.0 text 0
656.0 245.0 741.0 235.0 743.0 244.0 658.0 254.0 text 0
655.0 255.0 676.0 254.0 676.0 265.0 655.0 266.0 text 0
675.0 250.0 743.0 243.0 743.0 256.0 675.0 264.0 text 0
