167.0 131.0 228.0 126.0 231.0 155.0 170.0 160.0 text 0
491.0 235.0 588.0 220.0 591.0 249.0 493.0 264.0 text 0
592.0 224.0 625.0 218.0 627.0 241.0 595.0 248.0 text 0
626.0 216.0 692.0 208.0 695.0 233.0 628.0 241.0 text 0
492.0 263.0 538.0 258.0 542.0 284.0 496.0 289.0 text 0
545.0 256.0 696.0 231.0 696.0 258.0 545.0 283.0 text 0
427.0 305.0 476.0 305.0 475.0 323.0 426.0 323.0 text 0
743.0 101.0 830.0 85.0 833.0 100.0 747.0 116.0 text 0
835.0 83.0 896.0 74.0 898.0 90.0 837.0 99.0 text 0
468.0 88.0 508.0 74.0 510.0 90.0 470.0 104.0 text 0
