1225.0 21.0 1277.0 20.0 1278.0 41.0 1226.0 43.0 text 0
278.0 121.0 338.0 113.0 346.0 161.0 286.0 170.0 text 0
616.0 283.0 656.0 276.0 658.0 304.0 618.0 310.0 text 0
373.0 164.0 396.0 159.0 401.0 186.0 378.0 191.0 text 0
523.0 173.0 577.0 169.0 578.0 188.0 525.0 191.0 text 0
532.0 219.0 573.0 213.0 576.0 241.0 535.0 248.0 text 0
441.0 293.0 460.0 290.0 460.0 304.0 441.0 306.0 text 0
986.0 116.0 1050.0 109.0 1058.0 145.0 995.0 153.0 text 0
450.0 173.0 478.0 170.0 484.0 195.0 455.0 198.0 text 0
400.0 328.0 416.0 325.0 419.0 335.0 404.0 338.0 text 0
609.0 274.0 654.0 265.0 656.0 272.0 611.0 280.0 text 0
657.0 39.0 716.0 35.0 718.0 47.0 659.0 51.0 text 0
255.0 212.0 275.0 208.0 288.0 241.0 268.0 245.0 text 0
570.0 142.0 600.0 137.0 602.0 149.0 572.0 154.0 text 0
