224.0 232.0 258.0 229.0 259.0 243.0 225.0 245.0 text 0
591.0 56.0 627.0 50.0 629.0 69.0 593.0 76.0 text 0
598.0 98.0 656.0 89.0 656.0 106.0 598.0 118.0 text 0
377.0 128.0 487.0 106.0 487.0 131.0 377.0 153.0 text 0
222.0 216.0 247.0 216.0 248.0 231.0 223.0 231.0 text 0
597.0 78.0 642.0 70.0 643.0 92.0 595.0 98.0 text 0
226.0 245.0 265.0 242.0 266.0 257.0 226.0 259.0 text 0
13.0 249.0 63.0 241.0 65.0 250.0 15.0 258.0 text 0
719.0 29.0 779.0 18.0 781.0 40.0 721.0 50.0 text 0
732.0 50.0 832.0 30.0 837.0 51.0 737.0 70.0 text 0
720.0 75.0 822.0 62.0 829.0 96.0 727.0 110.0 text 0
