660.0 198.0 685.0 197.0 687.0 223.0 662.0 224.0 text 0
656.0 235.0 689.0 234.0 693.0 251.0 660.0 252.0 text 0
873.0 96.0 1000.0 83.0 1003.0 113.0 877.0 126.0 text 0
883.0 192.0 933.0 195.0 935.0 221.0 885.0 217.0 text 0
627.0 302.0 721.0 297.0 720.0 307.0 626.0 312.0 text 0
926.0 45.0 960.0 40.0 961.0 57.0 927.0 63.0 text 0
659.0 310.0 699.0 308.0 699.0 321.0 659.0 322.0 text 0
885.0 51.0 927.0 44.0 928.0 65.0 886.0 72.0 text 0
417.0 386.0 468.0 365.0 472.0 380.0 421.0 401.0 text 0
520.0 50.0 618.0 3.0 639.0 39.0 528.0 80.0 text 0
662.0 262.0 690.0 261.0 691.0 278.0 663.0 279.0 text 0
787.0 251.0 821.0 250.0 824.0 272.0 790.0 273.0 text 0
682.0 171.0 699.0 169.0 700.0 181.0 683.0 182.0 text 0
694.0 269.0 717.0 269.0 717.0 279.0 694.0 279.0 text 0
692.0 243.0 720.0 240.0 721.0 251.0 692.0 254.0 text 0
691.0 196.0 717.0 196.0 720.0 221.0 694.0 221.0 text 0
890.0 132.0 936.0 131.0 937.0 153.0 891.0 153.0 text 0
947.0 128.0 1002.0 126.0 1003.0 148.0 948.0 150.0 text 0
922.0 161.0 933.0 160.0 932.0 177.0 920.0 177.0 text 0
898.0 226.0 947.0 228.0 948.0 250.0 899.0 248.0 text 0
275.0 415.0 315.0 432.0 316.0 460.0 276.0 443.0 text 0
594.0 462.0 647.0 506.0 646.0 531.0 593.0 487.0 text 0
