297.0 138.0 398.0 113.0 420.0 228.0 319.0 254.0 text 0
328.0 283.0 423.0 250.0 433.0 293.0 338.0 326.0 text 0
737.0 55.0 777.0 45.0 786.0 138.0 746.0 148.0 text 0
745.0 152.0 786.0 137.0 789.0 172.0 748.0 186.0 text 0
453.0 5.0 502.0 1.0 502.0 23.0 453.0 27.0 text 0
180.0 56.0 226.0 50.0 231.0 87.0 186.0 94.0 text 0
187.0 93.0 232.0 87.0 232.0 105.0 187.0 111.0 text 0
201.0 106.0 276.0 95.0 283.0 125.0 209.0 136.0 text 0
377.0 37.0 506.0 31.0 507.0 54.0 378.0 61.0 text 0
34.0 2.0 95.0 11.0 95.0 36.0 34.0 27.0 text 0
