76.0 243.0 126.0 241.0 126.0 255.0 76.0 257.0 text 0
637.0 193.0 678.0 192.0 681.0 210.0 640.0 211.0 text 0
839.0 26.0 875.0 12.0 877.0 25.0 841.0 39.0 text 0
737.0 222.0 751.0 220.0 751.0 234.0 737.0 236.0 text 0
751.0 222.0 768.0 218.0 767.0 231.0 750.0 234.0 text 0
741.0 58.0 792.0 31.0 798.0 58.0 747.0 86.0 text 0
733.0 236.0 746.0 236.0 747.0 250.0 735.0 250.0 text 0
621.0 113.0 720.0 60.0 736.0 95.0 631.0 140.0 text 0
743.0 236.0 766.0 236.0 767.0 248.0 745.0 248.0 text 0
383.0 183.0 405.0 174.0 408.0 201.0 386.0 211.0 text 0
720.0 143.0 778.0 137.0 782.0 160.0 724.0 166.0 text 0
819.0 37.0 837.0 31.0 840.0 40.0 822.0 46.0 text 0
23.0 278.0 100.0 271.0 105.0 281.0 28.0 288.0 text 0
359.0 2.0 399.0 3.0 400.0 19.0 360.0 18.0 text 0
430.0 22.0 480.0 21.0 484.0 35.0 433.0 35.0 text 0
640.0 230.0 670.0 226.0 669.0 238.0 640.0 242.0 text 0
285.0 117.0 311.0 117.0 315.0 141.0 290.0 141.0 text 0
