266.0 201.0 413.0 146.0 426.0 202.0 278.0 256.0 text 0
272.0 275.0 387.0 218.0 405.0 275.0 290.0 332.0 text 0
418.0 242.0 470.0 237.0 471.0 257.0 419.0 262.0 text 0
409.0 288.0 459.0 274.0 466.0 325.0 416.0 340.0 text 0
456.0 275.0 487.0 268.0 491.0 304.0 460.0 311.0 text 0
465.0 310.0 490.0 303.0 491.0 323.0 466.0 330.0 text 0
42.0 210.0 77.0 202.0 76.0 214.0 41.0 222.0 text 0
45.0 222.0 78.0 212.0 77.0 228.0 43.0 238.0 text 0
43.0 235.0 79.0 227.0 79.0 246.0 43.0 254.0 text 0
949.0 28.0 1080.0 1.0 1086.0 40.0 955.0 67.0 text 0
963.0 66.0 1080.0 42.0 1081.0 57.0 965.0 82.0 text 0
692.0 113.0 736.0 113.0 737.0 150.0 693.0 150.0 text 0
735.0 116.0 785.0 117.0 786.0 154.0 736.0 153.0 text 0
871.0 134.0 919.0 133.0 920.0 158.0 872.0 160.0 text 0
962.0 21.0 1003.0 10.0 1003.0 22.0 962.0 33.0 text 0
