559.0 218.0 761.0 223.0 763.0 255.0 561.0 250.0 text 0
577.0 187.0 660.0 188.0 663.0 221.0 580.0 219.0 text 0
404.0 123.0 620.0 121.0 622.0 155.0 406.0 157.0 text 0
407.0 155.0 481.0 155.0 484.0 187.0 410.0 188.0 text 0
486.0 155.0 667.0 155.0 669.0 188.0 488.0 187.0 text 0
434.0 92.0 557.0 88.0 558.0 121.0 436.0 124.0 text 0
412.0 186.0 569.0 189.0 572.0 220.0 415.0 218.0 text 0
397.0 91.0 428.0 91.0 431.0 124.0 400.0 125.0 text 0
418.0 218.0 551.0 221.0 554.0 251.0 421.0 248.0 text 0
421.0 255.0 468.0 256.0 468.0 271.0 421.0 270.0 text 0
617.0 307.0 725.0 304.0 726.0 318.0 619.0 321.0 text 0
619.0 323.0 692.0 321.0 694.0 335.0 621.0 336.0 text 0
696.0 320.0 745.0 320.0 746.0 333.0 697.0 334.0 text 0
624.0 339.0 634.0 339.0 634.0 353.0 624.0 353.0 text 0
639.0 339.0 672.0 340.0 673.0 353.0 639.0 353.0 text 0
688.0 337.0 745.0 336.0 746.0 354.0 689.0 355.0 text 0
471.0 257.0 499.0 257.0 500.0 272.0 472.0 272.0 text 0
502.0 259.0 525.0 259.0 525.0 273.0 502.0 273.0 text 0
525.0 257.0 552.0 259.0 554.0 274.0 527.0 273.0 text 0
558.0 261.0 621.0 262.0 623.0 275.0 558.0 274.0 text 0
624.0 260.0 644.0 261.0 646.0 276.0 626.0 276.0 text 0
649.0 261.0 714.0 262.0 714.0 282.0 650.0 279.0 text 0
716.0 264.0 767.0 266.0 769.0 281.0 718.0 279.0 text 0
485.0 708.0 487.0 700.0 570.0 718.0 537.0 718.0 text 0
658.0 696.0 780.0 715.0 780.0 719.0 660.0 719.0 text 0
730.0 544.0 775.0 548.0 774.0 556.0 729.0 552.0 text 0
591.0 517.0 633.0 520.0 634.0 529.0 591.0 526.0 text 0
459.0 494.0 501.0 501.0 501.0 511.0 459.0 504.0 text 0
369.0 255.0 387.0 255.0 387.0 262.0 369.0 263.0 text 0
369.0 270.0 389.0 270.0 389.0 279.0 369.0 279.0 text 0
371.0 286.0 390.0 286.0 390.0 296.0 371.0 295.0 text 0
375.0 303.0 393.0 304.0 392.0 309.0 374.0 309.0 text 0
346.0 282.0 361.0 282.0 361.0 287.0 346.0 287.0 text 0
0.0 244.0 34.0 244.0 37.0 261.0 3.0 261.0 text 0
89.0 247.0 127.0 247.0 131.0 267.0 93.0 267.0 text 0
729.0 303.0 742.0 303.0 743.0 316.0 730.0 317.0 text 0
624.0 357.0 645.0 356.0 646.0 361.0 625.0 362.0 text 0
647.0 356.0 667.0 356.0 668.0 361.0 647.0 361.0 text 0
670.0 355.0 697.0 355.0 697.0 360.0 670.0 360.0 text 0
677.0 337.0 682.0 337.0 684.0 353.0 678.0 353.0 text 0
698.0 356.0 720.0 356.0 721.0 360.0 698.0 360.0 text 0
722.0 355.0 750.0 355.0 750.0 361.0 722.0 361.0 text 0
628.0 369.0 663.0 369.0 663.0 378.0 628.0 378.0 text 0
666.0 369.0 673.0 369.0 673.0 377.0 666.0 377.0 text 0
676.0 369.0 752.0 369.0 752.0 376.0 676.0 376.0 text 0
