458.0 97.0 621.0 139.0 619.0 164.0 457.0 127.0 text 0
734.0 176.0 773.0 184.0 773.0 204.0 734.0 197.0 text 0
1047.0 185.0 1098.0 177.0 1099.0 200.0 1048.0 207.0 text 0
441.0 276.0 601.0 262.0 601.0 283.0 441.0 297.0 text 0
156.0 258.0 177.0 255.0 177.0 268.0 156.0 272.0 text 0
305.0 270.0 403.0 262.0 402.0 285.0 305.0 292.0 text 0
955.0 237.0 977.0 236.0 978.0 244.0 956.0 245.0 text 0
976.0 227.0 997.0 224.0 1000.0 241.0 979.0 244.0 text 0
1123.0 210.0 1146.0 210.0 1150.0 227.0 1126.0 228.0 text 0
756.0 79.0 783.0 72.0 786.0 85.0 759.0 91.0 text 0
