424.0 104.0 494.0 102.0 496.0 120.0 426.0 124.0 text 0
1035.0 81.0 1096.0 71.0 1099.0 88.0 1038.0 98.0 text 0
722.0 94.0 792.0 91.0 795.0 106.0 725.0 110.0 text 0
825.0 95.0 853.0 92.0 855.0 104.0 826.0 107.0 text 0
855.0 93.0 872.0 90.0 875.0 103.0 857.0 106.0 text 0
508.0 99.0 562.0 97.0 565.0 115.0 510.0 116.0 text 0
876.0 90.0 907.0 87.0 906.0 101.0 875.0 103.0 text 0
455.0 124.0 540.0 117.0 542.0 128.0 457.0 135.0 text 0
425.0 22.0 472.0 1.0 473.0 14.0 426.0 35.0 text 0
155.0 178.0 238.0 166.0 239.0 182.0 156.0 194.0 text 0
428.0 37.0 442.0 32.0 445.0 43.0 432.0 48.0 text 0
477.0 11.0 495.0 4.0 500.0 18.0 482.0 25.0 text 0
70.0 225.0 135.0 216.0 140.0 240.0 75.0 250.0 text 0
