875.0 92.0 910.0 92.0 910.0 112.0 875.0 112.0 text 0
748.0 95.0 787.0 95.0 787.0 109.0 748.0 109.0 text 0
106.0 395.0 150.0 394.0 153.0 425.0 106.0 424.0 text 0
165.0 393.0 213.0 396.0 210.0 421.0 165.0 421.0 text 0
706.0 52.0 747.0 49.0 746.0 62.0 705.0 64.0 text 0
111.0 459.0 206.0 461.0 207.0 482.0 113.0 480.0 text 0
831.0 9.0 894.0 9.0 894.0 22.0 831.0 22.0 text 0
641.0 456.0 693.0 454.0 693.0 467.0 641.0 469.0 text 0
839.0 32.0 891.0 32.0 891.0 47.0 839.0 47.0 text 0
788.0 46.0 831.0 46.0 831.0 59.0 788.0 59.0 text 0
830.0 95.0 872.0 95.0 872.0 106.0 830.0 106.0 text 0
921.0 92.0 952.0 92.0 952.0 111.0 921.0 111.0 text 0
968.0 40.0 1013.0 40.0 1013.0 53.0 968.0 53.0 text 0
1002.0 89.0 1031.0 89.0 1031.0 100.0 1002.0 100.0 text 0
1043.0 38.0 1098.0 38.0 1098.0 52.0 1043.0 52.0 text 0
1069.0 85.0 1138.0 85.0 1138.0 99.0 1069.0 99.0 text 0
1128.0 36.0 1178.0 36.0 1178.0 52.0 1128.0 52.0 text 0
1168.0 84.0 1200.0 84.0 1200.0 97.0 1168.0 97.0 text 0
1223.0 27.0 1259.0 27.0 1255.0 49.0 1219.0 49.0 text 0
1264.0 28.0 1279.0 28.0 1279.0 46.0 1264.0 46.0 text 0
