186.0 248.0 205.0 246.0 207.0 268.0 188.0 270.0 text 0
269.0 246.0 295.0 244.0 292.0 267.0 266.0 269.0 text 0
136.0 206.0 157.0 204.0 156.0 215.0 135.0 217.0 text 0
158.0 200.0 193.0 200.0 192.0 214.0 157.0 214.0 text 0
196.0 197.0 220.0 197.0 220.0 214.0 196.0 214.0 text 0
221.0 147.0 286.0 143.0 290.0 174.0 226.0 178.0 text 0
135.0 218.0 176.0 215.0 176.0 235.0 135.0 238.0 text 0
125.0 146.0 215.0 143.0 218.0 182.0 128.0 185.0 text 0
176.0 218.0 236.0 214.0 236.0 232.0 176.0 236.0 text 0
233.0 213.0 285.0 210.0 286.0 232.0 235.0 235.0 text 0
140.0 253.0 168.0 250.0 170.0 272.0 142.0 275.0 text 0
228.0 252.0 245.0 251.0 247.0 267.0 230.0 268.0 text 0
742.0 96.0 840.0 63.0 840.0 97.0 742.0 131.0 text 0
142.0 278.0 176.0 278.0 176.0 285.0 142.0 285.0 text 0
1.0 163.0 67.0 157.0 68.0 171.0 2.0 177.0 text 0
1.0 209.0 27.0 207.0 27.0 221.0 1.0 223.0 text 0
185.0 275.0 214.0 277.0 214.0 284.0 185.0 282.0 text 0
223.0 276.0 254.0 272.0 256.0 280.0 225.0 284.0 text 0
267.0 273.0 296.0 270.0 297.0 280.0 268.0 283.0 text 0
1044.0 28.0 1124.0 17.0 1125.0 32.0 1045.0 43.0 text 0
