552.0 340.0 564.0 340.0 563.0 358.0 551.0 358.0 text 0
564.0 339.0 577.0 339.0 576.0 349.0 564.0 348.0 text 0
122.0 264.0 175.0 266.0 168.0 302.0 116.0 300.0 text 0
230.0 286.0 244.0 287.0 240.0 307.0 226.0 306.0 text 0
245.0 285.0 283.0 288.0 271.0 346.0 232.0 343.0 text 0
278.0 288.0 318.0 291.0 315.0 318.0 275.0 316.0 text 0
213.0 226.0 233.0 228.0 227.0 248.0 207.0 246.0 text 0
13.0 264.0 43.0 267.0 42.0 307.0 12.0 304.0 text 0
53.0 250.0 112.0 254.0 100.0 336.0 41.0 332.0 text 0
466.0 323.0 487.0 324.0 485.0 338.0 464.0 337.0 text 0
231.0 225.0 343.0 233.0 342.0 253.0 230.0 245.0 text 0
437.0 325.0 463.0 326.0 459.0 354.0 432.0 353.0 text 0
685.0 272.0 717.0 271.0 718.0 285.0 686.0 286.0 text 0
687.0 288.0 707.0 286.0 707.0 302.0 687.0 304.0 text 0
690.0 306.0 713.0 306.0 711.0 318.0 688.0 319.0 text 0
184.0 542.0 223.0 546.0 221.0 562.0 182.0 558.0 text 0
68.0 534.0 106.0 536.0 104.0 552.0 67.0 551.0 text 0
56.0 632.0 93.0 634.0 91.0 650.0 54.0 649.0 text 0
179.0 635.0 217.0 638.0 215.0 654.0 177.0 651.0 text 0
415.0 288.0 458.0 289.0 457.0 306.0 414.0 305.0 text 0
420.0 328.0 429.0 328.0 429.0 340.0 420.0 340.0 text 0
4.0 158.0 120.0 165.0 116.0 197.0 0.0 190.0 text 0
4.0 189.0 114.0 195.0 114.0 207.0 3.0 201.0 text 0
1114.0 263.0 1146.0 260.0 1146.0 301.0 1114.0 304.0 text 0
1097.0 260.0 1114.0 260.0 1112.0 283.0 1095.0 283.0 text 0
1056.0 256.0 1073.0 252.0 1072.0 261.0 1055.0 265.0 text 0
1059.0 263.0 1090.0 259.0 1088.0 268.0 1057.0 272.0 text 0
1059.0 276.0 1076.0 273.0 1073.0 280.0 1057.0 283.0 text 0
