145.0 190.0 205.0 178.0 210.0 194.0 150.0 205.0 text 0
208.0 180.0 242.0 172.0 243.0 186.0 209.0 194.0 text 0
178.0 252.0 200.0 246.0 201.0 257.0 179.0 263.0 text 0
199.0 247.0 217.0 244.0 219.0 253.0 201.0 256.0 text 0
218.0 245.0 235.0 241.0 236.0 251.0 219.0 255.0 text 0
233.0 242.0 260.0 236.0 262.0 245.0 236.0 251.0 text 0
202.0 18.0 213.0 15.0 217.0 30.0 206.0 33.0 text 0
210.0 45.0 220.0 43.0 223.0 55.0 213.0 57.0 text 0
216.0 69.0 226.0 68.0 228.0 82.0 218.0 83.0 text 0
234.0 69.0 252.0 65.0 256.0 89.0 238.0 93.0 text 0
256.0 63.0 274.0 60.0 276.0 74.0 258.0 77.0 text 0
226.0 40.0 245.0 38.0 250.0 63.0 232.0 66.0 text 0
252.0 41.0 268.0 37.0 270.0 48.0 254.0 52.0 text 0
390.0 83.0 405.0 80.0 408.0 103.0 393.0 106.0 text 0
406.0 82.0 423.0 79.0 426.0 88.0 408.0 91.0 text 0
591.0 41.0 623.0 38.0 624.0 45.0 591.0 48.0 text 0
595.0 53.0 619.0 50.0 622.0 70.0 598.0 73.0 text 0
186.0 108.0 210.0 104.0 214.0 127.0 190.0 130.0 text 0
232.0 191.0 259.0 186.0 262.0 198.0 235.0 203.0 text 0
236.0 209.0 264.0 202.0 266.0 213.0 238.0 219.0 text 0
240.0 225.0 267.0 219.0 270.0 230.0 243.0 236.0 text 0
94.0 7.0 169.0 0.0 171.0 5.0 96.0 12.0 text 0
220.0 12.0 239.0 9.0 243.0 35.0 223.0 38.0 text 0
241.0 9.0 262.0 7.0 264.0 21.0 243.0 23.0 text 0
