826.0 322.0 846.0 321.0 845.0 347.0 825.0 348.0 text 0
789.0 293.0 826.0 291.0 825.0 302.0 788.0 304.0 text 0
109.0 340.0 151.0 333.0 158.0 402.0 116.0 408.0 text 0
166.0 328.0 215.0 321.0 217.0 354.0 168.0 362.0 text 0
69.0 352.0 91.0 345.0 91.0 373.0 69.0 380.0 text 0
112.0 303.0 168.0 296.0 168.0 317.0 112.0 324.0 text 0
387.0 307.0 400.0 305.0 401.0 326.0 388.0 328.0 text 0
405.0 305.0 461.0 294.0 467.0 343.0 410.0 354.0 text 0
465.0 295.0 492.0 291.0 495.0 314.0 467.0 318.0 text 0
441.0 264.0 475.0 260.0 475.0 273.0 441.0 277.0 text 0
479.0 52.0 548.0 38.0 551.0 75.0 482.0 88.0 text 0
482.0 97.0 555.0 81.0 556.0 113.0 483.0 130.0 text 0
766.0 277.0 813.0 275.0 813.0 287.0 766.0 290.0 text 0
813.0 275.0 831.0 275.0 831.0 285.0 813.0 285.0 text 0
831.0 277.0 878.0 274.0 879.0 284.0 832.0 287.0 text 0
825.0 290.0 851.0 290.0 851.0 301.0 825.0 301.0 text 0
845.0 320.0 861.0 320.0 862.0 331.0 846.0 331.0 text 0
1163.0 170.0 1186.0 168.0 1188.0 187.0 1166.0 188.0 text 0
814.0 325.0 821.0 324.0 822.0 335.0 815.0 336.0 text 0
5.0 222.0 86.0 218.0 84.0 236.0 3.0 240.0 text 0
3.0 242.0 114.0 237.0 112.0 257.0 1.0 262.0 text 0
2.0 263.0 48.0 262.0 47.0 282.0 1.0 283.0 text 0
0.0 284.0 103.0 277.0 103.0 298.0 0.0 305.0 text 0
364.0 213.0 407.0 212.0 406.0 224.0 363.0 225.0 text 0
363.0 231.0 408.0 230.0 408.0 240.0 363.0 241.0 text 0
365.0 242.0 448.0 238.0 448.0 253.0 365.0 256.0 text 0
365.0 263.0 407.0 258.0 407.0 270.0 365.0 274.0 text 0
366.0 274.0 430.0 266.0 430.0 284.0 366.0 292.0 text 0
467.0 384.0 501.0 373.0 503.0 391.0 469.0 403.0 text 0
462.0 400.0 510.0 385.0 512.0 406.0 464.0 421.0 text 0
387.0 157.0 455.0 156.0 456.0 177.0 388.0 178.0 text 0
407.0 119.0 426.0 113.0 427.0 121.0 408.0 127.0 text 0
183.0 118.0 211.0 116.0 213.0 137.0 185.0 139.0 text 0
56.0 142.0 158.0 146.0 160.0 172.0 57.0 169.0 text 0
