428.0 248.0 460.0 244.0 460.0 261.0 428.0 265.0 text 0
60.0 215.0 115.0 212.0 116.0 232.0 61.0 235.0 text 0
358.0 140.0 379.0 140.0 379.0 156.0 358.0 156.0 text 0
401.0 140.0 419.0 140.0 419.0 156.0 401.0 156.0 text 0
398.0 260.0 427.0 253.0 427.0 265.0 398.0 272.0 text 0
62.0 237.0 118.0 234.0 119.0 250.0 63.0 253.0 text 0
201.0 377.0 243.0 366.0 245.0 382.0 202.0 393.0 text 0
603.0 37.0 627.0 42.0 627.0 65.0 603.0 61.0 text 0
1077.0 45.0 1125.0 34.0 1127.0 62.0 1080.0 73.0 text 0
812.0 116.0 843.0 110.0 844.0 127.0 813.0 134.0 text 0
646.0 158.0 670.0 154.0 668.0 167.0 645.0 172.0 text 0
