561.0 180.0 589.0 176.0 590.0 191.0 562.0 194.0 text 0
538.0 181.0 599.0 157.0 616.0 201.0 555.0 224.0 text 0
182.0 163.0 215.0 158.0 216.0 174.0 183.0 178.0 text 0
191.0 104.0 228.0 105.0 229.0 137.0 192.0 136.0 text 0
1050.0 11.0 1157.0 8.0 1159.0 34.0 1052.0 36.0 text 0
1045.0 164.0 1191.0 146.0 1196.0 185.0 1049.0 203.0 text 0
1072.0 204.0 1179.0 192.0 1181.0 234.0 1075.0 246.0 text 0
1086.0 255.0 1176.0 242.0 1178.0 277.0 1088.0 291.0 text 0
1066.0 304.0 1199.0 283.0 1202.0 322.0 1069.0 343.0 text 0
1066.0 348.0 1207.0 327.0 1211.0 366.0 1070.0 387.0 text 0
1061.0 397.0 1141.0 384.0 1143.0 424.0 1063.0 437.0 text 0
1141.0 386.0 1218.0 373.0 1225.0 411.0 1148.0 424.0 text 0
1072.0 443.0 1217.0 417.0 1221.0 456.0 1077.0 482.0 text 0
