0.0 332.0 49.0 325.0 51.0 350.0 2.0 356.0 text 0
308.0 327.0 340.0 322.0 342.0 338.0 310.0 344.0 text 0
667.0 228.0 761.0 208.0 770.0 236.0 676.0 256.0 text 0
600.0 446.0 665.0 441.0 671.0 464.0 607.0 470.0 text 0
0.0 417.0 106.0 397.0 106.0 407.0 0.0 427.0 text 0
54.0 324.0 129.0 308.0 134.0 340.0 59.0 356.0 text 0
689.0 304.0 718.0 299.0 719.0 313.0 690.0 318.0 text 0
637.0 282.0 650.0 280.0 657.0 311.0 644.0 314.0 text 0
701.0 260.0 749.0 252.0 751.0 261.0 701.0 270.0 text 0
0.0 395.0 99.0 375.0 99.0 386.0 0.0 406.0 text 0
