270.0 443.0 401.0 418.0 401.0 458.0 270.0 483.0 text 0
658.0 581.0 732.0 568.0 735.0 586.0 660.0 598.0 text 0
403.0 418.0 535.0 393.0 538.0 431.0 407.0 456.0 text 0
633.0 516.0 727.0 498.0 737.0 542.0 643.0 560.0 text 0
652.0 560.0 690.0 553.0 692.0 575.0 655.0 582.0 text 0
692.0 554.0 726.0 547.0 729.0 570.0 696.0 576.0 text 0
169.0 461.0 261.0 447.0 262.0 485.0 170.0 498.0 text 0
433.0 590.0 477.0 582.0 479.0 601.0 436.0 608.0 text 0
442.0 608.0 469.0 604.0 470.0 625.0 443.0 630.0 text 0
522.0 577.0 552.0 570.0 553.0 583.0 523.0 591.0 text 0
552.0 692.0 592.0 686.0 597.0 706.0 557.0 712.0 text 0
1236.0 300.0 1261.0 288.0 1272.0 310.0 1248.0 322.0 text 0
