1153.0 311.0 1178.0 309.0 1179.0 320.0 1154.0 322.0 text 0
1158.0 363.0 1199.0 363.0 1202.0 374.0 1160.0 374.0 text 0
1170.0 128.0 1190.0 118.0 1197.0 143.0 1177.0 153.0 text 0
1198.0 112.0 1272.0 83.0 1275.0 114.0 1200.0 143.0 text 0
1027.0 28.0 1050.0 17.0 1052.0 27.0 1029.0 38.0 text 0
1048.0 20.0 1068.0 10.0 1070.0 18.0 1050.0 28.0 text 0
1036.0 37.0 1046.0 33.0 1047.0 43.0 1037.0 47.0 text 0
1045.0 32.0 1082.0 15.0 1083.0 24.0 1047.0 42.0 text 0
1027.0 54.0 1051.0 42.0 1052.0 51.0 1028.0 64.0 text 0
1053.0 42.0 1085.0 26.0 1087.0 35.0 1054.0 51.0 text 0
1138.0 185.0 1173.0 172.0 1173.0 182.0 1138.0 195.0 text 0
1172.0 174.0 1214.0 158.0 1216.0 167.0 1174.0 184.0 text 0
1138.0 197.0 1144.0 194.0 1145.0 204.0 1139.0 207.0 text 0
1022.0 190.0 1070.0 171.0 1076.0 193.0 1028.0 212.0 text 0
1069.0 167.0 1170.0 127.0 1175.0 152.0 1073.0 192.0 text 0
1145.0 192.0 1207.0 173.0 1209.0 183.0 1147.0 202.0 text 0
1155.0 328.0 1175.0 325.0 1175.0 335.0 1155.0 338.0 text 0
1174.0 327.0 1181.0 325.0 1181.0 334.0 1174.0 336.0 text 0
1182.0 322.0 1240.0 318.0 1241.0 331.0 1183.0 335.0 text 0
1157.0 340.0 1188.0 336.0 1188.0 347.0 1158.0 351.0 text 0
1226.0 151.0 1262.0 141.0 1264.0 153.0 1228.0 164.0 text 0
1228.0 166.0 1266.0 155.0 1268.0 167.0 1231.0 178.0 text 0
1236.0 193.0 1268.0 184.0 1269.0 196.0 1236.0 205.0 text 0
1237.0 218.0 1274.0 211.0 1276.0 222.0 1240.0 229.0 text 0
1242.0 245.0 1277.0 237.0 1277.0 249.0 1243.0 256.0 text 0
1246.0 270.0 1277.0 266.0 1278.0 277.0 1247.0 282.0 text 0
1258.0 352.0 1271.0 350.0 1272.0 359.0 1259.0 361.0 text 0
1140.0 210.0 1162.0 204.0 1162.0 213.0 1140.0 219.0 text 0
1142.0 231.0 1172.0 225.0 1172.0 236.0 1143.0 241.0 text 0
1145.0 253.0 1177.0 248.0 1178.0 258.0 1146.0 263.0 text 0
1148.0 277.0 1184.0 273.0 1185.0 282.0 1149.0 286.0 text 0
1151.0 300.0 1179.0 299.0 1181.0 308.0 1152.0 310.0 text 0
1158.0 352.0 1201.0 351.0 1202.0 363.0 1159.0 363.0 text 0
1160.0 376.0 1221.0 376.0 1221.0 387.0 1160.0 386.0 text 0
1164.0 400.0 1226.0 403.0 1227.0 413.0 1165.0 410.0 text 0
1168.0 422.0 1249.0 429.0 1249.0 440.0 1168.0 433.0 text 0
1168.0 446.0 1218.0 452.0 1219.0 463.0 1170.0 458.0 text 0
1140.0 220.0 1186.0 209.0 1188.0 218.0 1142.0 229.0 text 0
1144.0 240.0 1184.0 231.0 1185.0 244.0 1145.0 253.0 text 0
1146.0 264.0 1192.0 255.0 1195.0 267.0 1149.0 276.0 text 0
1150.0 287.0 1189.0 283.0 1190.0 293.0 1152.0 298.0 text 0
1163.0 387.0 1188.0 389.0 1189.0 398.0 1164.0 397.0 text 0
1166.0 411.0 1230.0 415.0 1232.0 426.0 1168.0 421.0 text 0
1168.0 434.0 1196.0 437.0 1196.0 447.0 1169.0 445.0 text 0
1171.0 456.0 1198.0 461.0 1198.0 473.0 1171.0 468.0 text 0
1263.0 139.0 1273.0 136.0 1277.0 148.0 1267.0 151.0 text 0
1268.0 155.0 1275.0 151.0 1278.0 165.0 1270.0 169.0 text 0
1270.0 183.0 1275.0 181.0 1277.0 190.0 1272.0 192.0 text 0
1260.0 378.0 1278.0 378.0 1279.0 389.0 1262.0 388.0 text 0
1254.0 325.0 1276.0 324.0 1278.0 333.0 1256.0 334.0 text 0
1249.0 298.0 1278.0 295.0 1279.0 304.0 1250.0 306.0 text 0
1231.0 182.0 1275.0 170.0 1278.0 176.0 1234.0 188.0 text 0
1235.0 206.0 1277.0 197.0 1278.0 205.0 1236.0 214.0 text 0
1240.0 231.0 1279.0 225.0 1279.0 234.0 1240.0 240.0 text 0
1248.0 258.0 1279.0 253.0 1279.0 261.0 1248.0 266.0 text 0
1253.0 285.0 1279.0 282.0 1278.0 290.0 1252.0 294.0 text 0
1252.0 310.0 1277.0 309.0 1279.0 318.0 1254.0 319.0 text 0
1260.0 338.0 1279.0 339.0 1278.0 345.0 1259.0 344.0 text 0
1275.0 351.0 1278.0 351.0 1279.0 359.0 1276.0 359.0 text 0
1259.0 364.0 1277.0 365.0 1279.0 373.0 1261.0 372.0 text 0
1266.0 393.0 1279.0 394.0 1279.0 402.0 1266.0 401.0 text 0
1267.0 406.0 1279.0 407.0 1279.0 416.0 1267.0 415.0 text 0
1269.0 421.0 1279.0 420.0 1279.0 428.0 1269.0 429.0 text 0
1272.0 433.0 1279.0 435.0 1279.0 443.0 1272.0 441.0 text 0
988.0 236.0 1024.0 225.0 1025.0 235.0 989.0 246.0 text 0
989.0 247.0 1009.0 241.0 1010.0 248.0 990.0 255.0 text 0
993.0 278.0 1019.0 274.0 1019.0 279.0 993.0 284.0 text 0
996.0 293.0 1022.0 290.0 1020.0 297.0 994.0 300.0 text 0
997.0 323.0 1013.0 323.0 1013.0 329.0 996.0 329.0 text 0
999.0 340.0 1031.0 338.0 1031.0 346.0 999.0 348.0 text 0
951.0 266.0 973.0 261.0 974.0 270.0 952.0 275.0 text 0
956.0 283.0 971.0 280.0 971.0 285.0 955.0 288.0 text 0
957.0 296.0 978.0 295.0 978.0 301.0 957.0 303.0 text 0
959.0 327.0 994.0 324.0 994.0 329.0 959.0 333.0 text 0
957.0 310.0 983.0 310.0 983.0 317.0 957.0 317.0 text 0
959.0 340.0 980.0 339.0 981.0 348.0 960.0 348.0 text 0
961.0 356.0 977.0 357.0 978.0 365.0 962.0 364.0 text 0
961.0 371.0 1000.0 372.0 1001.0 381.0 963.0 380.0 text 0
964.0 388.0 985.0 388.0 986.0 396.0 965.0 395.0 text 0
966.0 406.0 999.0 410.0 1000.0 416.0 966.0 412.0 text 0
966.0 421.0 997.0 427.0 999.0 436.0 968.0 429.0 text 0
950.0 251.0 976.0 242.0 977.0 251.0 951.0 260.0 text 0
952.0 260.0 976.0 251.0 976.0 257.0 952.0 266.0 text 0
952.0 275.0 966.0 270.0 966.0 276.0 953.0 281.0 text 0
954.0 288.0 971.0 286.0 971.0 293.0 954.0 295.0 text 0
990.0 254.0 1018.0 247.0 1018.0 254.0 990.0 261.0 text 0
991.0 260.0 1016.0 254.0 1016.0 263.0 991.0 268.0 text 0
990.0 269.0 1030.0 259.0 1032.0 267.0 992.0 277.0 text 0
993.0 284.0 1009.0 281.0 1010.0 290.0 993.0 292.0 text 0
956.0 304.0 970.0 301.0 970.0 307.0 957.0 310.0 text 0
995.0 302.0 1015.0 298.0 1014.0 306.0 995.0 309.0 text 0
957.0 319.0 971.0 318.0 971.0 324.0 957.0 325.0 text 0
994.0 311.0 1037.0 305.0 1038.0 315.0 996.0 321.0 text 0
998.0 329.0 1020.0 328.0 1021.0 337.0 998.0 337.0 text 0
1000.0 348.0 1027.0 345.0 1027.0 353.0 1000.0 356.0 text 0
959.0 334.0 975.0 332.0 975.0 337.0 959.0 339.0 text 0
960.0 349.0 979.0 347.0 979.0 354.0 959.0 356.0 text 0
960.0 364.0 974.0 364.0 976.0 370.0 962.0 369.0 text 0
963.0 379.0 978.0 380.0 978.0 386.0 963.0 386.0 text 0
965.0 395.0 979.0 394.0 979.0 403.0 965.0 403.0 text 0
965.0 414.0 981.0 415.0 982.0 423.0 966.0 422.0 text 0
967.0 430.0 989.0 432.0 990.0 440.0 968.0 437.0 text 0
1040.0 71.0 1090.0 51.0 1090.0 56.0 1040.0 76.0 text 0
1053.0 73.0 1092.0 57.0 1092.0 63.0 1053.0 79.0 text 0
