1235.0 240.0 1278.0 233.0 1278.0 277.0 1235.0 284.0 text 0
1241.0 347.0 1276.0 342.0 1276.0 423.0 1241.0 428.0 text 0
1075.0 257.0 1201.0 246.0 1202.0 284.0 1076.0 295.0 text 0
1071.0 297.0 1155.0 290.0 1153.0 323.0 1070.0 331.0 text 0
1182.0 291.0 1275.0 276.0 1275.0 313.0 1182.0 327.0 text 0
961.0 281.0 1011.0 277.0 1011.0 295.0 961.0 298.0 text 0
673.0 343.0 709.0 344.0 710.0 372.0 675.0 371.0 text 0
71.0 175.0 103.0 193.0 100.0 206.0 68.0 188.0 text 0
683.0 621.0 719.0 651.0 719.0 685.0 683.0 654.0 text 0
1200.0 257.0 1225.0 255.0 1231.0 279.0 1207.0 282.0 text 0
1053.0 98.0 1099.0 79.0 1104.0 103.0 1058.0 123.0 text 0
781.0 205.0 820.0 193.0 822.0 207.0 782.0 219.0 text 0
666.0 232.0 703.0 212.0 708.0 316.0 665.0 320.0 text 0
681.0 674.0 728.0 712.0 727.0 718.0 683.0 719.0 text 0
