538.0 95.0 579.0 92.0 580.0 108.0 539.0 112.0 text 0
579.0 92.0 623.0 87.0 623.0 101.0 579.0 105.0 text 0
627.0 86.0 647.0 84.0 648.0 100.0 628.0 102.0 text 0
648.0 83.0 691.0 80.0 691.0 94.0 648.0 97.0 text 0
692.0 78.0 711.0 76.0 712.0 93.0 693.0 95.0 text 0
69.0 206.0 151.0 208.0 151.0 227.0 68.0 224.0 text 0
517.0 88.0 532.0 86.0 533.0 95.0 517.0 96.0 text 0
534.0 87.0 550.0 85.0 551.0 93.0 535.0 94.0 text 0
551.0 83.0 561.0 83.0 561.0 90.0 552.0 91.0 text 0
245.0 243.0 270.0 242.0 270.0 261.0 246.0 262.0 text 0
740.0 193.0 787.0 192.0 788.0 207.0 740.0 210.0 text 0
764.0 228.0 824.0 225.0 829.0 280.0 765.0 281.0 text 0
463.0 251.0 488.0 247.0 486.0 302.0 462.0 302.0 text 0
