977.0 252.0 1002.0 249.0 1002.0 260.0 978.0 262.0 text 0
46.0 237.0 198.0 233.0 200.0 250.0 48.0 254.0 text 0
664.0 260.0 705.0 259.0 705.0 267.0 664.0 268.0 text 0
710.0 259.0 767.0 257.0 767.0 264.0 710.0 266.0 text 0
956.0 253.0 978.0 252.0 979.0 264.0 957.0 266.0 text 0
637.0 262.0 660.0 261.0 660.0 268.0 637.0 269.0 text 0
1084.0 243.0 1106.0 243.0 1107.0 251.0 1084.0 252.0 text 0
1106.0 243.0 1127.0 243.0 1127.0 249.0 1106.0 249.0 text 0
998.0 372.0 1062.0 367.0 1062.0 377.0 998.0 382.0 text 0
1014.0 380.0 1109.0 374.0 1110.0 383.0 1015.0 388.0 text 0
1197.0 238.0 1241.0 236.0 1243.0 250.0 1199.0 253.0 text 0
