1036.0 187.0 1067.0 185.0 1069.0 197.0 1038.0 199.0 text 0
992.0 190.0 1011.0 186.0 1013.0 201.0 994.0 205.0 text 0
78.0 172.0 216.0 182.0 215.0 212.0 77.0 202.0 text 0
235.0 586.0 277.0 555.0 285.0 572.0 242.0 603.0 text 0
298.0 225.0 362.0 220.0 365.0 238.0 300.0 244.0 text 0
143.0 142.0 197.0 145.0 199.0 176.0 146.0 173.0 text 0
150.0 398.0 191.0 386.0 191.0 402.0 150.0 414.0 text 0
59.0 122.0 139.0 135.0 146.0 173.0 66.0 160.0 text 0
113.0 53.0 180.0 72.0 181.0 91.0 115.0 72.0 text 0
113.0 80.0 146.0 87.0 146.0 106.0 113.0 98.0 text 0
142.0 87.0 193.0 97.0 195.0 117.0 143.0 107.0 text 0
271.0 512.0 289.0 499.0 294.0 512.0 276.0 525.0 text 0
1011.0 188.0 1035.0 186.0 1038.0 201.0 1014.0 203.0 text 0
965.0 194.0 991.0 192.0 992.0 204.0 966.0 206.0 text 0
1068.0 185.0 1096.0 183.0 1099.0 194.0 1071.0 196.0 text 0
500.0 211.0 534.0 209.0 535.0 222.0 500.0 224.0 text 0
534.0 209.0 557.0 208.0 557.0 221.0 534.0 222.0 text 0
122.0 211.0 204.0 212.0 198.0 230.0 116.0 229.0 text 0
249.0 611.0 299.0 570.0 304.0 589.0 254.0 630.0 text 0
299.0 612.0 318.0 597.0 324.0 607.0 304.0 622.0 text 0
967.0 215.0 986.0 215.0 991.0 233.0 972.0 233.0 text 0
999.0 214.0 1024.0 213.0 1029.0 230.0 1004.0 231.0 text 0
1036.0 210.0 1064.0 206.0 1066.0 226.0 1038.0 230.0 text 0
1072.0 208.0 1097.0 205.0 1100.0 223.0 1075.0 226.0 text 0
