336.0 221.0 419.0 213.0 422.0 241.0 339.0 248.0 text 0
619.0 266.0 663.0 267.0 662.0 275.0 619.0 274.0 text 0
662.0 265.0 679.0 265.0 679.0 275.0 662.0 275.0 text 0
680.0 264.0 708.0 260.0 708.0 270.0 680.0 274.0 text 0
708.0 261.0 729.0 257.0 730.0 267.0 709.0 271.0 text 0
630.0 277.0 704.0 272.0 704.0 282.0 630.0 286.0 text 0
703.0 269.0 729.0 267.0 729.0 278.0 703.0 281.0 text 0
700.0 304.0 715.0 302.0 715.0 313.0 700.0 315.0 text 0
700.0 317.0 716.0 315.0 715.0 327.0 700.0 329.0 text 0
959.0 238.0 980.0 239.0 978.0 248.0 957.0 247.0 text 0
981.0 240.0 1006.0 238.0 1006.0 247.0 980.0 249.0 text 0
1007.0 238.0 1021.0 237.0 1021.0 246.0 1006.0 246.0 text 0
1023.0 237.0 1046.0 233.0 1045.0 242.0 1022.0 246.0 text 0
972.0 247.0 1041.0 244.0 1040.0 255.0 970.0 257.0 text 0
1036.0 274.0 1048.0 273.0 1047.0 282.0 1035.0 283.0 text 0
1034.0 283.0 1046.0 282.0 1047.0 294.0 1035.0 296.0 text 0
