789.0 110.0 865.0 48.0 874.0 97.0 798.0 149.0 text 0
866.0 39.0 942.0 0.0 961.0 48.0 878.0 101.0 text 0
219.0 376.0 247.0 367.0 248.0 398.0 224.0 396.0 text 0
851.0 339.0 923.0 336.0 925.0 368.0 851.0 368.0 text 0
759.0 328.0 798.0 325.0 799.0 348.0 759.0 349.0 text 0
197.0 156.0 258.0 188.0 258.0 229.0 197.0 199.0 text 0
765.0 350.0 785.0 350.0 785.0 369.0 764.0 369.0 text 0
276.0 0.0 334.0 3.0 334.0 22.0 273.0 5.0 text 0
1040.0 355.0 1076.0 351.0 1078.0 377.0 1048.0 374.0 text 0
1082.0 167.0 1166.0 152.0 1172.0 192.0 1087.0 207.0 text 0
975.0 374.0 1027.0 375.0 1027.0 388.0 975.0 386.0 text 0
963.0 18.0 998.0 7.0 1001.0 25.0 966.0 35.0 text 0
732.0 242.0 741.0 241.0 742.0 256.0 732.0 257.0 text 0
725.0 259.0 747.0 252.0 748.0 266.0 725.0 273.0 text 0
722.0 272.0 745.0 267.0 747.0 281.0 725.0 285.0 text 0
845.0 310.0 899.0 307.0 901.0 338.0 848.0 338.0 text 0
