402.0 427.0 417.0 427.0 414.0 493.0 402.0 494.0 text 0
346.0 440.0 367.0 431.0 365.0 525.0 350.0 526.0 text 0
270.0 444.0 288.0 449.0 286.0 526.0 266.0 525.0 text 0
241.0 446.0 254.0 448.0 254.0 523.0 237.0 525.0 text 0
258.0 444.0 271.0 439.0 266.0 528.0 254.0 530.0 text 0
213.0 448.0 232.0 449.0 235.0 524.0 213.0 524.0 text 0
296.0 439.0 313.0 447.0 313.0 526.0 291.0 526.0 text 0
224.0 378.0 314.0 381.0 305.0 401.0 229.0 398.0 text 0
316.0 444.0 334.0 444.0 335.0 526.0 319.0 526.0 text 0
373.0 433.0 396.0 428.0 394.0 511.0 381.0 515.0 text 0
216.0 632.0 232.0 634.0 234.0 712.0 212.0 712.0 text 0
230.0 630.0 254.0 630.0 252.0 715.0 235.0 715.0 text 0
266.0 635.0 280.0 635.0 282.0 691.0 267.0 692.0 text 0
292.0 632.0 310.0 634.0 307.0 717.0 287.0 715.0 text 0
315.0 663.0 331.0 662.0 330.0 715.0 313.0 715.0 text 0
333.0 645.0 350.0 642.0 356.0 716.0 341.0 718.0 text 0
357.0 642.0 375.0 638.0 378.0 712.0 366.0 715.0 text 0
373.0 633.0 388.0 628.0 390.0 703.0 380.0 706.0 text 0
