318.0 464.0 410.0 499.0 386.0 536.0 277.0 488.0 text 0
412.0 497.0 561.0 545.0 521.0 571.0 391.0 528.0 text 0
223.0 469.0 397.0 537.0 347.0 566.0 176.0 497.0 text 0
398.0 532.0 584.0 600.0 542.0 639.0 357.0 563.0 text 0
17.0 637.0 170.0 567.0 275.0 717.0 127.0 717.0 text 0
0.0 650.0 15.0 615.0 120.0 717.0 7.0 715.0 text 0
1086.0 15.0 1106.0 15.0 1106.0 26.0 1086.0 25.0 text 0
937.0 16.0 965.0 16.0 964.0 24.0 936.0 24.0 text 0
972.0 15.0 1000.0 15.0 1000.0 22.0 972.0 22.0 text 0
1122.0 15.0 1147.0 15.0 1146.0 25.0 1122.0 25.0 text 0
