593.0 155.0 647.0 161.0 644.0 173.0 593.0 165.0 text 0
156.0 0.0 184.0 15.0 173.0 44.0 86.0 0.0 text 0
576.0 94.0 660.0 97.0 660.0 126.0 572.0 119.0 text 0
598.0 134.0 648.0 142.0 648.0 151.0 597.0 146.0 text 0
592.0 144.0 648.0 147.0 647.0 163.0 597.0 155.0 text 0
86.0 0.0 152.0 31.0 149.0 48.0 66.0 9.0 text 0
1059.0 134.0 1277.0 85.0 1279.0 153.0 1050.0 198.0 text 0
791.0 232.0 874.0 241.0 862.0 312.0 780.0 299.0 text 0
418.0 131.0 452.0 147.0 448.0 163.0 414.0 148.0 text 0
506.0 191.0 552.0 196.0 550.0 214.0 504.0 216.0 text 0
1077.0 186.0 1132.0 183.0 1131.0 202.0 1076.0 205.0 text 0
