189.0 486.0 285.0 459.0 287.0 481.0 190.0 514.0 text 0
463.0 360.0 592.0 379.0 581.0 413.0 467.0 385.0 text 0
1229.0 559.0 1275.0 573.0 1278.0 592.0 1228.0 580.0 text 0
1081.0 522.0 1227.0 563.0 1222.0 585.0 1083.0 547.0 text 0
254.0 310.0 299.0 321.0 290.0 346.0 245.0 334.0 text 0
206.0 299.0 240.0 311.0 239.0 333.0 200.0 327.0 text 0
88.0 277.0 123.0 288.0 119.0 307.0 87.0 301.0 text 0
45.0 269.0 79.0 281.0 70.0 299.0 39.0 292.0 text 0
13.0 263.0 38.0 270.0 35.0 291.0 6.0 281.0 text 0
1207.0 70.0 1279.0 71.0 1278.0 103.0 1206.0 102.0 text 0
