720.0 112.0 780.0 58.0 784.0 85.0 723.0 135.0 text 0
781.0 58.0 852.0 9.0 858.0 28.0 784.0 79.0 text 0
497.0 68.0 545.0 53.0 548.0 70.0 497.0 85.0 text 0
548.0 50.0 559.0 47.0 564.0 65.0 552.0 68.0 text 0
566.0 47.0 648.0 28.0 647.0 44.0 567.0 65.0 text 0
501.0 20.0 553.0 1.0 554.0 19.0 499.0 37.0 text 0
495.0 85.0 543.0 68.0 545.0 84.0 498.0 96.0 text 0
372.0 0.0 401.0 2.0 409.0 24.0 377.0 11.0 text 0
548.0 70.0 582.0 60.0 584.0 73.0 547.0 81.0 text 0
598.0 55.0 647.0 45.0 650.0 58.0 596.0 71.0 text 0
585.0 59.0 592.0 58.0 594.0 70.0 584.0 72.0 text 0
499.0 113.0 551.0 100.0 554.0 118.0 496.0 134.0 text 0
551.0 100.0 644.0 81.0 649.0 98.0 551.0 118.0 text 0
801.0 125.0 812.0 120.0 817.0 139.0 805.0 149.0 text 0
263.0 288.0 311.0 289.0 315.0 305.0 263.0 304.0 text 0
1.0 288.0 47.0 288.0 49.0 302.0 0.0 304.0 text 0
1076.0 284.0 1111.0 282.0 1113.0 300.0 1077.0 301.0 text 0
1109.0 280.0 1165.0 277.0 1167.0 295.0 1110.0 300.0 text 0
958.0 443.0 1013.0 446.0 1013.0 465.0 961.0 462.0 text 0
928.0 442.0 960.0 442.0 963.0 463.0 929.0 461.0 text 0
752.0 433.0 785.0 434.0 786.0 457.0 753.0 456.0 text 0
787.0 437.0 830.0 436.0 834.0 456.0 785.0 454.0 text 0
789.0 298.0 831.0 298.0 827.0 312.0 788.0 314.0 text 0
499.0 130.0 530.0 124.0 531.0 135.0 500.0 141.0 text 0
530.0 122.0 581.0 113.0 582.0 124.0 531.0 133.0 text 0
584.0 111.0 607.0 108.0 605.0 119.0 582.0 122.0 text 0
