379.0 208.0 442.0 196.0 443.0 208.0 379.0 220.0 text 0
634.0 133.0 677.0 124.0 679.0 137.0 636.0 146.0 text 0
335.0 169.0 411.0 158.0 416.0 199.0 340.0 209.0 text 0
410.0 158.0 524.0 133.0 530.0 177.0 416.0 202.0 text 0
593.0 140.0 633.0 133.0 636.0 147.0 596.0 155.0 text 0
1009.0 109.0 1181.0 77.0 1186.0 122.0 1013.0 155.0 text 0
352.0 212.0 379.0 207.0 381.0 219.0 354.0 224.0 text 0
915.0 126.0 1000.0 109.0 1011.0 153.0 926.0 170.0 text 0
440.0 195.0 455.0 192.0 457.0 205.0 442.0 208.0 text 0
455.0 193.0 480.0 188.0 482.0 200.0 457.0 205.0 text 0
478.0 186.0 528.0 179.0 529.0 193.0 479.0 201.0 text 0
283.0 205.0 333.0 188.0 338.0 206.0 287.0 223.0 text 0
291.0 220.0 332.0 204.0 339.0 219.0 297.0 235.0 text 0
186.0 269.0 216.0 254.0 224.0 270.0 194.0 284.0 text 0
