732.0 175.0 768.0 138.0 778.0 179.0 742.0 209.0 text 0
209.0 56.0 277.0 63.0 276.0 79.0 208.0 71.0 text 0
541.0 107.0 551.0 106.0 552.0 115.0 542.0 116.0 text 0
243.0 13.0 350.0 35.0 352.0 47.0 243.0 27.0 text 0
187.0 3.0 240.0 10.0 243.0 27.0 190.0 20.0 text 0
404.0 118.0 519.0 105.0 520.0 118.0 405.0 131.0 text 0
138.0 47.0 202.0 54.0 201.0 71.0 137.0 64.0 text 0
128.0 149.0 204.0 137.0 207.0 154.0 130.0 166.0 text 0
140.0 12.0 174.0 17.0 171.0 29.0 137.0 24.0 text 0
174.0 18.0 217.0 23.0 217.0 34.0 174.0 29.0 text 0
172.0 68.0 214.0 72.0 212.0 85.0 170.0 81.0 text 0
214.0 73.0 284.0 80.0 284.0 93.0 214.0 85.0 text 0
491.0 496.0 540.0 491.0 542.0 506.0 493.0 511.0 text 0
