735.0 206.0 761.0 207.0 761.0 223.0 735.0 222.0 text 0
433.0 127.0 452.0 130.0 452.0 142.0 433.0 139.0 text 0
565.0 137.0 690.0 156.0 690.0 166.0 564.0 148.0 text 0
335.0 112.0 354.0 115.0 353.0 127.0 334.0 124.0 text 0
354.0 113.0 392.0 120.0 391.0 133.0 353.0 126.0 text 0
575.0 202.0 630.0 204.0 630.0 228.0 576.0 239.0 text 0
391.0 121.0 435.0 126.0 434.0 139.0 391.0 133.0 text 0
452.0 130.0 487.0 134.0 486.0 145.0 451.0 141.0 text 0
372.0 377.0 521.0 368.0 523.0 399.0 374.0 409.0 text 0
460.0 528.0 547.0 512.0 547.0 533.0 461.0 549.0 text 0
745.0 478.0 799.0 468.0 801.0 487.0 746.0 496.0 text 0
29.0 85.0 74.0 90.0 74.0 100.0 29.0 94.0 text 0
30.0 73.0 76.0 77.0 76.0 86.0 30.0 81.0 text 0
