870.0 190.0 959.0 194.0 954.0 277.0 865.0 273.0 text 0
863.0 277.0 926.0 280.0 919.0 365.0 862.0 354.0 text 0
799.0 464.0 909.0 524.0 901.0 579.0 786.0 503.0 text 0
919.0 535.0 1128.0 652.0 1101.0 700.0 899.0 579.0 text 0
1077.0 39.0 1172.0 47.0 1169.0 246.0 1074.0 238.0 text 0
1063.0 236.0 1183.0 252.0 1174.0 418.0 1054.0 402.0 text 0
512.0 88.0 555.0 65.0 554.0 98.0 511.0 122.0 text 0
1182.0 35.0 1279.0 29.0 1279.0 236.0 1182.0 242.0 text 0
1189.0 252.0 1277.0 251.0 1277.0 433.0 1189.0 435.0 text 0
310.0 91.0 380.0 98.0 379.0 113.0 311.0 105.0 text 0
321.0 107.0 376.0 114.0 376.0 124.0 320.0 118.0 text 0
317.0 121.0 373.0 127.0 373.0 137.0 319.0 130.0 text 0
