875.0 425.0 944.0 416.0 946.0 452.0 877.0 461.0 text 0
914.0 371.0 974.0 366.0 973.0 400.0 913.0 405.0 text 0
876.0 205.0 941.0 205.0 939.0 241.0 874.0 241.0 text 0
877.0 233.0 964.0 238.0 966.0 281.0 879.0 276.0 text 0
867.0 278.0 931.0 278.0 932.0 313.0 868.0 313.0 text 0
712.0 141.0 878.0 143.0 879.0 174.0 712.0 173.0 text 0
908.0 304.0 967.0 303.0 967.0 334.0 908.0 335.0 text 0
632.0 141.0 710.0 139.0 708.0 174.0 630.0 177.0 text 0
859.0 317.0 967.0 310.0 970.0 369.0 861.0 375.0 text 0
863.0 395.0 955.0 388.0 956.0 435.0 864.0 442.0 text 0
905.0 449.0 967.0 440.0 970.0 475.0 908.0 484.0 text 0
739.0 412.0 779.0 413.0 777.0 424.0 737.0 423.0 text 0
735.0 422.0 778.0 422.0 778.0 432.0 735.0 431.0 text 0
458.0 268.0 510.0 268.0 511.0 279.0 459.0 280.0 text 0
383.0 265.0 415.0 266.0 415.0 278.0 383.0 277.0 text 0
396.0 216.0 440.0 202.0 439.0 229.0 395.0 244.0 text 0
58.0 226.0 127.0 229.0 128.0 249.0 58.0 247.0 text 0
15.0 211.0 100.0 215.0 99.0 231.0 14.0 227.0 text 0
