885.0 113.0 964.0 91.0 971.0 139.0 892.0 161.0 text 0
379.0 223.0 396.0 224.0 396.0 236.0 379.0 236.0 text 0
293.0 225.0 319.0 224.0 320.0 236.0 294.0 237.0 text 0
240.0 210.0 276.0 210.0 277.0 221.0 241.0 221.0 text 0
276.0 210.0 286.0 209.0 286.0 220.0 275.0 221.0 text 0
239.0 226.0 295.0 224.0 294.0 237.0 239.0 239.0 text 0
219.0 228.0 239.0 227.0 239.0 238.0 219.0 239.0 text 0
535.0 225.0 653.0 212.0 655.0 234.0 538.0 247.0 text 0
722.0 89.0 738.0 98.0 738.0 116.0 722.0 107.0 text 0
656.0 211.0 693.0 207.0 695.0 233.0 658.0 236.0 text 0
302.0 207.0 339.0 206.0 339.0 214.0 302.0 215.0 text 0
313.0 214.0 331.0 214.0 332.0 219.0 314.0 220.0 text 0
