746.0 635.0 761.0 648.0 758.0 667.0 744.0 654.0 text 0
704.0 417.0 763.0 442.0 756.0 467.0 699.0 435.0 text 0
763.0 500.0 805.0 527.0 805.0 560.0 762.0 527.0 text 0
812.0 525.0 899.0 582.0 899.0 629.0 810.0 563.0 text 0
711.0 532.0 733.0 551.0 730.0 567.0 707.0 548.0 text 0
678.0 441.0 758.0 500.0 758.0 525.0 676.0 467.0 text 0
734.0 552.0 767.0 578.0 762.0 597.0 728.0 572.0 text 0
677.0 339.0 824.0 392.0 825.0 441.0 678.0 373.0 text 0
768.0 579.0 785.0 593.0 783.0 613.0 763.0 596.0 text 0
786.0 594.0 835.0 636.0 832.0 655.0 782.0 615.0 text 0
836.0 634.0 933.0 719.0 905.0 718.0 832.0 657.0 text 0
759.0 450.0 800.0 469.0 798.0 489.0 756.0 469.0 text 0
711.0 601.0 746.0 634.0 745.0 655.0 710.0 622.0 text 0
760.0 651.0 794.0 682.0 791.0 701.0 758.0 670.0 text 0
717.0 663.0 764.0 719.0 749.0 719.0 714.0 680.0 text 0
690.0 644.0 710.0 659.0 710.0 684.0 690.0 669.0 text 0
685.0 574.0 705.0 588.0 706.0 617.0 687.0 602.0 text 0
684.0 515.0 701.0 525.0 702.0 553.0 685.0 543.0 text 0
963.0 199.0 1019.0 197.0 1020.0 213.0 964.0 215.0 text 0
1013.0 179.0 1083.0 174.0 1084.0 193.0 1014.0 197.0 text 0
962.0 179.0 1014.0 178.0 1014.0 196.0 962.0 198.0 text 0
202.0 158.0 240.0 157.0 242.0 205.0 203.0 206.0 text 0
237.0 153.0 271.0 152.0 274.0 235.0 240.0 236.0 text 0
794.0 683.0 829.0 719.0 808.0 719.0 793.0 700.0 text 0
