1230.0 467.0 1277.0 476.0 1278.0 504.0 1231.0 495.0 text 0
1020.0 197.0 1050.0 192.0 1051.0 213.0 1021.0 218.0 text 0
1021.0 235.0 1050.0 234.0 1052.0 256.0 1023.0 257.0 text 0
1023.0 275.0 1055.0 274.0 1057.0 295.0 1026.0 296.0 text 0
1028.0 315.0 1059.0 315.0 1059.0 336.0 1028.0 336.0 text 0
1032.0 361.0 1062.0 360.0 1061.0 380.0 1031.0 381.0 text 0
1055.0 200.0 1081.0 194.0 1080.0 205.0 1053.0 211.0 text 0
1053.0 245.0 1076.0 240.0 1077.0 247.0 1055.0 253.0 text 0
1060.0 316.0 1099.0 315.0 1100.0 332.0 1061.0 333.0 text 0
1067.0 370.0 1100.0 368.0 1099.0 378.0 1066.0 380.0 text 0
13.0 463.0 45.0 463.0 31.0 522.0 0.0 522.0 text 0
1230.0 406.0 1272.0 414.0 1269.0 466.0 1227.0 458.0 text 0
578.0 40.0 890.0 50.0 891.0 116.0 579.0 106.0 text 0
865.0 7.0 902.0 10.0 903.0 47.0 866.0 45.0 text 0
1011.0 76.0 1041.0 75.0 1042.0 93.0 1012.0 94.0 text 0
