410.0 178.0 446.0 185.0 446.0 196.0 410.0 188.0 text 0
890.0 121.0 939.0 130.0 938.0 143.0 889.0 134.0 text 0
328.0 328.0 366.0 277.0 394.0 292.0 357.0 340.0 text 0
275.0 396.0 324.0 328.0 357.0 341.0 310.0 411.0 text 0
1063.0 286.0 1104.0 196.0 1135.0 202.0 1090.0 292.0 text 0
469.0 139.0 494.0 145.0 494.0 160.0 469.0 155.0 text 0
1176.0 210.0 1238.0 222.0 1234.0 233.0 1171.0 220.0 text 0
444.0 134.0 468.0 138.0 469.0 164.0 446.0 159.0 text 0
1091.0 125.0 1115.0 130.0 1132.0 175.0 1108.0 169.0 text 0
1080.0 61.0 1100.0 66.0 1091.0 102.0 1071.0 96.0 text 0
1141.0 266.0 1161.0 270.0 1172.0 314.0 1152.0 311.0 text 0
1051.0 287.0 1093.0 193.0 1105.0 195.0 1063.0 290.0 text 0
1220.0 7.0 1278.0 15.0 1279.0 30.0 1214.0 21.0 text 0
1208.0 24.0 1267.0 33.0 1263.0 47.0 1204.0 38.0 text 0
1115.0 399.0 1149.0 334.0 1173.0 340.0 1140.0 405.0 text 0
624.0 218.0 680.0 230.0 680.0 241.0 623.0 229.0 text 0
506.0 198.0 545.0 206.0 544.0 216.0 506.0 208.0 text 0
506.0 163.0 545.0 170.0 544.0 182.0 505.0 175.0 text 0
565.0 205.0 597.0 210.0 595.0 220.0 563.0 215.0 text 0
418.0 150.0 454.0 158.0 453.0 168.0 417.0 161.0 text 0
628.0 182.0 688.0 194.0 687.0 207.0 627.0 195.0 text 0
251.0 364.0 325.0 270.0 338.0 280.0 262.0 369.0 text 0
272.0 375.0 341.0 283.0 354.0 286.0 285.0 378.0 text 0
565.0 169.0 597.0 176.0 595.0 186.0 563.0 179.0 text 0
834.0 243.0 861.0 249.0 854.0 280.0 827.0 274.0 text 0
1057.0 233.0 1075.0 191.0 1085.0 193.0 1067.0 236.0 text 0
1083.0 123.0 1091.0 123.0 1106.0 167.0 1098.0 166.0 text 0
1243.0 430.0 1279.0 375.0 1279.0 416.0 1263.0 437.0 text 0
1232.0 428.0 1275.0 364.0 1279.0 373.0 1242.0 430.0 text 0
1259.0 297.0 1279.0 299.0 1279.0 336.0 1276.0 337.0 text 0
1108.0 394.0 1141.0 331.0 1149.0 333.0 1116.0 398.0 text 0
1112.0 359.0 1127.0 328.0 1135.0 332.0 1120.0 363.0 text 0
1241.0 391.0 1257.0 363.0 1266.0 364.0 1250.0 392.0 text 0
1254.0 305.0 1260.0 306.0 1267.0 328.0 1261.0 326.0 text 0
1137.0 267.0 1142.0 268.0 1150.0 307.0 1145.0 306.0 text 0
1129.0 275.0 1135.0 276.0 1138.0 297.0 1132.0 296.0 text 0
1231.0 0.0 1277.0 2.0 1279.0 13.0 1223.0 4.0 text 0
1070.0 60.0 1078.0 62.0 1071.0 93.0 1064.0 90.0 text 0
1058.0 64.0 1066.0 65.0 1060.0 84.0 1052.0 82.0 text 0
904.0 27.0 940.0 34.0 939.0 41.0 903.0 35.0 text 0
444.0 118.0 495.0 127.0 496.0 143.0 445.0 133.0 text 0
403.0 295.0 416.0 301.0 412.0 321.0 395.0 316.0 text 0
57.0 286.0 84.0 291.0 65.0 336.0 37.0 329.0 text 0
861.0 251.0 870.0 253.0 865.0 280.0 855.0 278.0 text 0
524.0 36.0 556.0 44.0 555.0 52.0 523.0 44.0 text 0
569.0 27.0 595.0 39.0 595.0 46.0 569.0 35.0 text 0
612.0 39.0 641.0 43.0 640.0 52.0 611.0 47.0 text 0
623.0 19.0 647.0 24.0 647.0 32.0 623.0 27.0 text 0
672.0 125.0 722.0 136.0 723.0 142.0 673.0 131.0 text 0
