7.0 108.0 170.0 92.0 167.0 144.0 3.0 161.0 text 0
750.0 316.0 880.0 310.0 879.0 355.0 749.0 362.0 text 0
748.0 467.0 882.0 482.0 880.0 537.0 746.0 523.0 text 0
777.0 531.0 838.0 538.0 837.0 561.0 776.0 553.0 text 0
847.0 533.0 892.0 540.0 891.0 568.0 846.0 562.0 text 0
898.0 541.0 949.0 547.0 950.0 576.0 899.0 570.0 text 0
878.0 433.0 916.0 436.0 916.0 540.0 878.0 536.0 text 0
746.0 416.0 838.0 420.0 839.0 473.0 747.0 470.0 text 0
810.0 396.0 880.0 395.0 881.0 423.0 811.0 424.0 text 0
878.0 264.0 913.0 264.0 913.0 358.0 878.0 358.0 text 0
746.0 267.0 839.0 262.0 843.0 308.0 750.0 314.0 text 0
812.0 235.0 882.0 230.0 879.0 257.0 809.0 263.0 text 0
776.0 370.0 839.0 365.0 839.0 385.0 776.0 390.0 text 0
842.0 362.0 890.0 363.0 891.0 388.0 843.0 387.0 text 0
892.0 360.0 945.0 357.0 947.0 386.0 895.0 388.0 text 0
751.0 218.0 949.0 191.0 950.0 214.0 752.0 242.0 text 0
753.0 242.0 810.0 234.0 808.0 267.0 751.0 275.0 text 0
879.0 221.0 950.0 215.0 950.0 255.0 879.0 261.0 text 0
750.0 393.0 806.0 393.0 803.0 430.0 748.0 430.0 text 0
882.0 386.0 955.0 388.0 952.0 432.0 880.0 430.0 text 0
842.0 427.0 857.0 432.0 858.0 468.0 843.0 464.0 text 0
858.0 431.0 876.0 431.0 877.0 468.0 859.0 468.0 text 0
915.0 263.0 948.0 261.0 949.0 303.0 916.0 305.0 text 0
917.0 307.0 951.0 308.0 950.0 360.0 916.0 358.0 text 0
917.0 438.0 951.0 437.0 955.0 480.0 920.0 481.0 text 0
920.0 482.0 955.0 485.0 956.0 543.0 921.0 540.0 text 0
751.0 525.0 772.0 528.0 767.0 554.0 746.0 551.0 text 0
750.0 362.0 772.0 363.0 769.0 388.0 747.0 387.0 text 0
840.0 265.0 860.0 266.0 860.0 297.0 840.0 296.0 text 0
859.0 263.0 877.0 264.0 877.0 297.0 859.0 296.0 text 0
