740.0 206.0 799.0 201.0 802.0 253.0 743.0 258.0 text 0
800.0 193.0 917.0 184.0 916.0 248.0 799.0 257.0 text 0
749.0 254.0 917.0 272.0 916.0 390.0 748.0 372.0 text 0
437.0 153.0 511.0 134.0 508.0 175.0 433.0 194.0 text 0
798.0 425.0 850.0 436.0 847.0 452.0 795.0 441.0 text 0
826.0 386.0 921.0 403.0 919.0 415.0 823.0 398.0 text 0
1068.0 217.0 1148.0 216.0 1148.0 225.0 1068.0 226.0 text 0
1067.0 227.0 1155.0 225.0 1155.0 235.0 1067.0 237.0 text 0
1070.0 255.0 1133.0 253.0 1135.0 261.0 1071.0 263.0 text 0
1169.0 216.0 1188.0 215.0 1188.0 230.0 1169.0 231.0 text 0
600.0 185.0 661.0 176.0 661.0 196.0 600.0 205.0 text 0
383.0 208.0 391.0 213.0 391.0 332.0 383.0 327.0 text 0
392.0 203.0 406.0 213.0 402.0 337.0 389.0 327.0 text 0
337.0 248.0 381.0 247.0 382.0 271.0 338.0 272.0 text 0
341.0 267.0 370.0 267.0 367.0 286.0 338.0 286.0 text 0
337.0 284.0 370.0 284.0 369.0 308.0 336.0 308.0 text 0
336.0 320.0 368.0 320.0 368.0 338.0 336.0 338.0 text 0
1153.0 252.0 1188.0 252.0 1187.0 262.0 1152.0 262.0 text 0
428.0 308.0 452.0 313.0 450.0 343.0 426.0 338.0 text 0
