423.0 271.0 468.0 262.0 471.0 270.0 425.0 280.0 text 0
35.0 183.0 191.0 152.0 199.0 180.0 42.0 211.0 text 0
9.0 591.0 82.0 566.0 88.0 586.0 14.0 611.0 text 0
84.0 568.0 144.0 549.0 150.0 568.0 90.0 586.0 text 0
160.0 542.0 212.0 528.0 216.0 546.0 164.0 559.0 text 0
241.0 531.0 283.0 522.0 289.0 537.0 246.0 546.0 text 0
608.0 411.0 646.0 400.0 649.0 414.0 610.0 425.0 text 0
314.0 132.0 422.0 112.0 430.0 140.0 322.0 159.0 text 0
55.0 248.0 83.0 242.0 90.0 255.0 54.0 263.0 text 0
87.0 246.0 136.0 233.0 141.0 244.0 90.0 255.0 text 0
74.0 269.0 132.0 255.0 134.0 268.0 75.0 282.0 text 0
205.0 196.0 236.0 189.0 238.0 201.0 206.0 209.0 text 0
235.0 193.0 292.0 180.0 296.0 189.0 239.0 202.0 text 0
205.0 211.0 225.0 206.0 229.0 219.0 210.0 224.0 text 0
227.0 207.0 261.0 199.0 264.0 210.0 230.0 218.0 text 0
264.0 200.0 299.0 193.0 300.0 204.0 265.0 211.0 text 0
229.0 221.0 255.0 215.0 257.0 227.0 231.0 233.0 text 0
258.0 214.0 281.0 207.0 284.0 221.0 260.0 228.0 text 0
223.0 238.0 295.0 226.0 299.0 237.0 227.0 250.0 text 0
215.0 260.0 316.0 236.0 319.0 246.0 218.0 270.0 text 0
378.0 176.0 427.0 168.0 427.0 177.0 380.0 186.0 text 0
384.0 189.0 428.0 181.0 430.0 191.0 386.0 199.0 text 0
385.0 208.0 438.0 195.0 441.0 209.0 388.0 222.0 text 0
512.0 156.0 533.0 152.0 535.0 166.0 514.0 170.0 text 0
531.0 152.0 572.0 147.0 576.0 159.0 536.0 164.0 text 0
518.0 174.0 572.0 164.0 575.0 178.0 522.0 187.0 text 0
1.0 402.0 6.0 400.0 10.0 413.0 1.0 416.0 text 0
90.0 355.0 111.0 350.0 115.0 361.0 94.0 366.0 text 0
112.0 351.0 171.0 337.0 175.0 350.0 117.0 364.0 text 0
121.0 367.0 151.0 360.0 157.0 376.0 127.0 383.0 text 0
238.0 312.0 274.0 304.0 275.0 315.0 240.0 323.0 text 0
275.0 303.0 326.0 292.0 330.0 303.0 280.0 314.0 text 0
251.0 324.0 318.0 308.0 322.0 318.0 255.0 334.0 text 0
235.0 344.0 341.0 318.0 346.0 332.0 240.0 358.0 text 0
399.0 262.0 448.0 250.0 450.0 262.0 401.0 274.0 text 0
384.0 278.0 421.0 269.0 424.0 280.0 387.0 288.0 text 0
199.0 153.0 313.0 130.0 318.0 158.0 203.0 180.0 text 0
398.0 290.0 459.0 275.0 461.0 286.0 400.0 301.0 text 0
402.0 305.0 459.0 291.0 464.0 304.0 407.0 317.0 text 0
401.0 319.0 473.0 304.0 475.0 317.0 403.0 333.0 text 0
519.0 246.0 557.0 238.0 558.0 249.0 520.0 257.0 text 0
558.0 238.0 597.0 229.0 598.0 239.0 560.0 248.0 text 0
532.0 258.0 587.0 244.0 589.0 255.0 534.0 269.0 text 0
530.0 273.0 598.0 258.0 601.0 270.0 532.0 286.0 text 0
11.0 474.0 48.0 466.0 51.0 477.0 14.0 486.0 text 0
1.0 481.0 10.0 479.0 12.0 488.0 1.0 493.0 text 0
1.0 495.0 17.0 490.0 20.0 498.0 1.0 506.0 text 0
18.0 488.0 54.0 477.0 57.0 489.0 21.0 500.0 text 0
1.0 512.0 70.0 493.0 73.0 504.0 0.0 526.0 text 0
121.0 433.0 162.0 424.0 163.0 436.0 122.0 444.0 text 0
161.0 423.0 194.0 415.0 198.0 427.0 165.0 435.0 text 0
100.0 452.0 221.0 421.0 222.0 435.0 106.0 463.0 text 0
128.0 458.0 167.0 450.0 170.0 461.0 131.0 470.0 text 0
168.0 448.0 201.0 441.0 204.0 452.0 171.0 459.0 text 0
120.0 476.0 222.0 450.0 231.0 478.0 128.0 505.0 text 0
271.0 407.0 341.0 391.0 347.0 403.0 277.0 418.0 text 0
288.0 418.0 336.0 406.0 340.0 416.0 292.0 428.0 text 0
290.0 433.0 340.0 420.0 345.0 434.0 295.0 447.0 text 0
267.0 485.0 289.0 480.0 292.0 492.0 270.0 497.0 text 0
291.0 480.0 332.0 470.0 335.0 479.0 294.0 490.0 text 0
332.0 468.0 365.0 458.0 370.0 468.0 337.0 478.0 text 0
368.0 456.0 388.0 451.0 393.0 464.0 372.0 468.0 text 0
415.0 375.0 437.0 370.0 438.0 381.0 417.0 386.0 text 0
437.0 371.0 480.0 360.0 483.0 370.0 440.0 381.0 text 0
423.0 391.0 483.0 376.0 485.0 388.0 425.0 403.0 text 0
538.0 343.0 569.0 336.0 571.0 347.0 540.0 354.0 text 0
571.0 336.0 610.0 326.0 610.0 335.0 571.0 344.0 text 0
554.0 353.0 600.0 340.0 602.0 351.0 556.0 364.0 text 0
370.0 489.0 410.0 479.0 412.0 489.0 372.0 499.0 text 0
426.0 472.0 476.0 456.0 480.0 468.0 429.0 483.0 text 0
489.0 451.0 524.0 444.0 525.0 453.0 490.0 459.0 text 0
541.0 439.0 576.0 428.0 577.0 438.0 542.0 449.0 text 0
