462.0 113.0 526.0 107.0 528.0 128.0 465.0 134.0 text 0
523.0 108.0 611.0 101.0 612.0 118.0 525.0 126.0 text 0
467.0 132.0 523.0 125.0 523.0 143.0 467.0 150.0 text 0
532.0 125.0 590.0 118.0 591.0 136.0 533.0 143.0 text 0
590.0 120.0 636.0 116.0 637.0 134.0 591.0 137.0 text 0
631.0 115.0 687.0 111.0 690.0 128.0 635.0 133.0 text 0
467.0 151.0 521.0 145.0 522.0 160.0 468.0 167.0 text 0
522.0 145.0 535.0 144.0 537.0 160.0 523.0 161.0 text 0
535.0 141.0 598.0 137.0 599.0 155.0 537.0 159.0 text 0
608.0 136.0 649.0 133.0 650.0 150.0 609.0 153.0 text 0
649.0 132.0 723.0 125.0 724.0 143.0 650.0 150.0 text 0
391.0 158.0 417.0 155.0 418.0 174.0 392.0 176.0 text 0
1.0 158.0 85.0 151.0 85.0 203.0 1.0 210.0 text 0
176.0 288.0 269.0 285.0 270.0 303.0 177.0 305.0 text 0
1041.0 181.0 1132.0 173.0 1140.0 243.0 1049.0 251.0 text 0
