259.0 0.0 432.0 7.0 431.0 31.0 258.0 23.0 text 0
440.0 2.0 512.0 4.0 507.0 33.0 435.0 31.0 text 0
206.0 51.0 262.0 52.0 259.0 81.0 202.0 80.0 text 0
258.0 50.0 432.0 57.0 433.0 85.0 259.0 77.0 text 0
432.0 57.0 511.0 62.0 511.0 88.0 432.0 84.0 text 0
518.0 8.0 550.0 6.0 549.0 35.0 517.0 37.0 text 0
516.0 61.0 546.0 62.0 543.0 91.0 513.0 90.0 text 0
552.0 10.0 598.0 10.0 597.0 36.0 551.0 36.0 text 0
549.0 63.0 592.0 64.0 591.0 88.0 548.0 87.0 text 0
683.0 72.0 729.0 72.0 730.0 108.0 685.0 108.0 text 0
628.0 362.0 682.0 361.0 682.0 372.0 628.0 373.0 text 0
448.0 274.0 466.0 275.0 464.0 287.0 446.0 286.0 text 0
379.0 293.0 457.0 287.0 457.0 301.0 379.0 307.0 text 0
195.0 424.0 254.0 424.0 252.0 473.0 193.0 473.0 text 0
127.0 355.0 160.0 355.0 160.0 373.0 127.0 373.0 text 0
1.0 295.0 87.0 298.0 86.0 309.0 0.0 307.0 text 0
781.0 304.0 818.0 296.0 820.0 326.0 783.0 334.0 text 0
