273.0 158.0 431.0 114.0 444.0 170.0 284.0 211.0 text 0
444.0 114.0 589.0 81.0 602.0 132.0 459.0 162.0 text 0
607.0 74.0 801.0 28.0 814.0 79.0 620.0 125.0 text 0
394.0 206.0 503.0 180.0 511.0 208.0 401.0 234.0 text 0
508.0 181.0 611.0 154.0 619.0 182.0 515.0 208.0 text 0
617.0 154.0 699.0 133.0 707.0 158.0 625.0 179.0 text 0
711.0 130.0 794.0 109.0 800.0 134.0 718.0 154.0 text 0
229.0 185.0 256.0 177.0 264.0 212.0 237.0 220.0 text 0
248.0 249.0 374.0 220.0 380.0 236.0 255.0 265.0 text 0
675.0 327.0 709.0 317.0 713.0 330.0 679.0 340.0 text 0
720.0 316.0 745.0 309.0 748.0 322.0 724.0 329.0 text 0
450.0 340.0 478.0 332.0 481.0 349.0 454.0 357.0 text 0
479.0 331.0 532.0 318.0 536.0 334.0 482.0 347.0 text 0
576.0 295.0 703.0 262.0 709.0 284.0 582.0 317.0 text 0
