958.0 23.0 978.0 5.0 1018.0 5.0 963.0 60.0 text 0
1022.0 250.0 1109.0 232.0 1113.0 267.0 1027.0 285.0 text 0
1118.0 35.0 1176.0 1.0 1216.0 2.0 1130.0 61.0 text 0
1195.0 511.0 1260.0 534.0 1263.0 558.0 1197.0 534.0 text 0
1197.0 570.0 1276.0 605.0 1278.0 670.0 1211.0 634.0 text 0
1115.0 651.0 1184.0 716.0 1127.0 717.0 1083.0 678.0 text 0
1021.0 83.0 1041.0 73.0 1046.0 138.0 1026.0 148.0 text 0
998.0 116.0 1075.0 71.0 1077.0 101.0 1000.0 146.0 text 0
1014.0 185.0 1071.0 164.0 1077.0 199.0 1019.0 220.0 text 0
992.0 33.0 1031.0 3.0 1061.0 7.0 998.0 55.0 text 0
1155.0 185.0 1217.0 168.0 1220.0 186.0 1158.0 203.0 text 0
1147.0 252.0 1264.0 232.0 1272.0 294.0 1155.0 302.0 text 0
1048.0 318.0 1130.0 316.0 1129.0 338.0 1047.0 341.0 text 0
1155.0 352.0 1188.0 352.0 1185.0 374.0 1156.0 373.0 text 0
1191.0 349.0 1249.0 354.0 1247.0 378.0 1188.0 373.0 text 0
1251.0 353.0 1279.0 354.0 1277.0 382.0 1249.0 380.0 text 0
1066.0 396.0 1140.0 418.0 1138.0 491.0 1064.0 468.0 text 0
1069.0 500.0 1164.0 537.0 1163.0 566.0 1074.0 524.0 text 0
1083.0 568.0 1175.0 617.0 1177.0 656.0 1093.0 603.0 text 0
1261.0 536.0 1277.0 541.0 1278.0 561.0 1263.0 557.0 text 0
