940.0 436.0 1096.0 444.0 1099.0 487.0 943.0 480.0 text 0
878.0 282.0 941.0 270.0 947.0 296.0 883.0 308.0 text 0
978.0 265.0 1058.0 253.0 1062.0 280.0 982.0 292.0 text 0
983.0 291.0 1063.0 281.0 1067.0 300.0 987.0 310.0 text 0
995.0 365.0 1079.0 360.0 1086.0 401.0 1001.0 406.0 text 0
857.0 194.0 1040.0 163.0 1052.0 224.0 869.0 255.0 text 0
922.0 402.0 1092.0 401.0 1095.0 441.0 925.0 442.0 text 0
998.0 516.0 1098.0 530.0 1086.0 601.0 986.0 587.0 text 0
1091.0 540.0 1118.0 535.0 1117.0 570.0 1090.0 574.0 text 0
1026.0 630.0 1131.0 647.0 1131.0 663.0 1026.0 645.0 text 0
940.0 321.0 1074.0 315.0 1080.0 360.0 946.0 366.0 text 0
944.0 275.0 976.0 271.0 984.0 292.0 952.0 296.0 text 0
