2.0 88.0 46.0 87.0 45.0 128.0 1.0 130.0 text 0
17.0 22.0 221.0 0.0 222.0 32.0 18.0 54.0 text 0
395.0 56.0 457.0 51.0 460.0 97.0 398.0 103.0 text 0
49.0 88.0 108.0 83.0 110.0 117.0 51.0 123.0 text 0
223.0 13.0 300.0 3.0 301.0 20.0 225.0 30.0 text 0
222.0 341.0 327.0 341.0 329.0 370.0 225.0 370.0 text 0
329.0 347.0 403.0 346.0 405.0 368.0 330.0 370.0 text 0
206.0 418.0 272.0 411.0 277.0 431.0 210.0 438.0 text 0
275.0 408.0 330.0 406.0 332.0 426.0 277.0 428.0 text 0
391.0 663.0 430.0 652.0 435.0 700.0 396.0 711.0 text 0
