729.0 265.0 760.0 266.0 758.0 286.0 727.0 285.0 text 0
502.0 296.0 549.0 296.0 547.0 313.0 500.0 313.0 text 0
546.0 293.0 588.0 294.0 586.0 313.0 543.0 312.0 text 0
717.0 363.0 753.0 363.0 750.0 381.0 713.0 381.0 text 0
753.0 360.0 807.0 365.0 805.0 388.0 751.0 383.0 text 0
502.0 314.0 586.0 313.0 585.0 321.0 501.0 321.0 text 0
668.0 225.0 687.0 229.0 685.0 243.0 666.0 240.0 text 0
249.0 343.0 293.0 352.0 287.0 370.0 243.0 361.0 text 0
867.0 449.0 901.0 453.0 900.0 462.0 867.0 457.0 text 0
735.0 387.0 755.0 387.0 754.0 396.0 734.0 395.0 text 0
755.0 386.0 781.0 389.0 780.0 399.0 754.0 396.0 text 0
