592.0 103.0 636.0 110.0 633.0 134.0 590.0 127.0 text 0
539.0 220.0 589.0 225.0 587.0 246.0 537.0 241.0 text 0
579.0 234.0 606.0 228.0 610.0 246.0 583.0 252.0 text 0
603.0 236.0 662.0 226.0 670.0 243.0 611.0 253.0 text 0
356.0 324.0 441.0 323.0 440.0 341.0 355.0 342.0 text 0
351.0 345.0 421.0 342.0 420.0 357.0 350.0 361.0 text 0
428.0 343.0 449.0 342.0 448.0 357.0 427.0 358.0 text 0
181.0 253.0 279.0 250.0 276.0 271.0 178.0 274.0 text 0
660.0 248.0 739.0 252.0 739.0 262.0 660.0 258.0 text 0
353.0 362.0 425.0 364.0 422.0 375.0 351.0 373.0 text 0
581.0 386.0 685.0 390.0 687.0 404.0 583.0 401.0 text 0
