3.0 390.0 136.0 382.0 135.0 432.0 2.0 440.0 text 0
7.0 446.0 89.0 436.0 83.0 477.0 1.0 487.0 text 0
113.0 438.0 147.0 435.0 143.0 477.0 110.0 481.0 text 0
1.0 506.0 90.0 500.0 89.0 525.0 0.0 532.0 text 0
322.0 13.0 512.0 17.0 512.0 85.0 322.0 81.0 text 0
475.0 65.0 543.0 35.0 561.0 76.0 492.0 106.0 text 0
557.0 52.0 747.0 20.0 759.0 68.0 569.0 101.0 text 0
707.0 70.0 738.0 70.0 737.0 105.0 706.0 105.0 text 0
743.0 81.0 853.0 81.0 853.0 104.0 743.0 104.0 text 0
863.0 81.0 978.0 83.0 980.0 106.0 866.0 104.0 text 0
535.0 453.0 607.0 448.0 616.0 543.0 543.0 547.0 text 0
675.0 441.0 791.0 428.0 802.0 525.0 686.0 537.0 text 0
500.0 566.0 558.0 558.0 558.0 593.0 500.0 601.0 text 0
575.0 553.0 638.0 545.0 640.0 588.0 577.0 596.0 text 0
651.0 550.0 708.0 541.0 712.0 578.0 656.0 587.0 text 0
705.0 542.0 745.0 538.0 748.0 580.0 708.0 583.0 text 0
755.0 534.0 838.0 528.0 842.0 568.0 759.0 574.0 text 0
1075.0 472.0 1127.0 470.0 1132.0 506.0 1080.0 508.0 text 0
1072.0 531.0 1129.0 523.0 1129.0 536.0 1072.0 544.0 text 0
1131.0 526.0 1161.0 521.0 1162.0 533.0 1132.0 538.0 text 0
