503.0 296.0 528.0 296.0 528.0 315.0 503.0 315.0 text 0
588.0 120.0 626.0 164.0 624.0 196.0 585.0 153.0 text 0
1.0 350.0 79.0 346.0 80.0 359.0 2.0 363.0 text 0
1.0 416.0 26.0 413.0 28.0 433.0 3.0 436.0 text 0
27.0 416.0 50.0 413.0 48.0 427.0 25.0 430.0 text 0
50.0 412.0 83.0 407.0 81.0 421.0 48.0 426.0 text 0
5.0 367.0 84.0 354.0 84.0 396.0 5.0 409.0 text 0
106.0 299.0 166.0 296.0 163.0 347.0 103.0 351.0 text 0
383.0 0.0 531.0 62.0 529.0 107.0 378.0 60.0 text 0
101.0 347.0 165.0 345.0 166.0 392.0 102.0 394.0 text 0
496.0 265.0 547.0 263.0 546.0 284.0 495.0 286.0 text 0
695.0 220.0 724.0 224.0 727.0 241.0 698.0 237.0 text 0
1060.0 198.0 1070.0 197.0 1076.0 282.0 1066.0 283.0 text 0
859.0 200.0 883.0 200.0 885.0 208.0 860.0 208.0 text 0
869.0 209.0 888.0 208.0 889.0 218.0 870.0 218.0 text 0
908.0 238.0 943.0 236.0 946.0 245.0 911.0 246.0 text 0
949.0 233.0 1028.0 230.0 1025.0 271.0 947.0 274.0 text 0
1007.0 133.0 1026.0 135.0 1028.0 166.0 1009.0 164.0 text 0
745.0 232.0 758.0 232.0 758.0 245.0 745.0 245.0 text 0
215.0 1.0 364.0 3.0 361.0 50.0 216.0 9.0 text 0
