739.0 44.0 782.0 39.0 782.0 52.0 739.0 57.0 text 0
782.0 40.0 795.0 38.0 797.0 52.0 784.0 54.0 text 0
553.0 34.0 616.0 33.0 616.0 47.0 553.0 48.0 text 0
628.0 11.0 745.0 6.0 746.0 26.0 629.0 31.0 text 0
746.0 5.0 821.0 3.0 822.0 24.0 747.0 26.0 text 0
621.0 43.0 723.0 37.0 725.0 56.0 623.0 62.0 text 0
158.0 137.0 253.0 163.0 251.0 200.0 156.0 174.0 text 0
553.0 5.0 615.0 4.0 615.0 40.0 553.0 41.0 text 0
880.0 37.0 911.0 35.0 912.0 58.0 881.0 60.0 text 0
578.0 207.0 607.0 204.0 606.0 220.0 577.0 223.0 text 0
1005.0 214.0 1157.0 203.0 1159.0 214.0 1007.0 225.0 text 0
813.0 231.0 900.0 221.0 899.0 239.0 812.0 249.0 text 0
98.0 190.0 135.0 188.0 135.0 212.0 98.0 213.0 text 0
1223.0 27.0 1270.0 26.0 1271.0 53.0 1225.0 53.0 text 0
