505.0 159.0 585.0 153.0 589.0 175.0 509.0 181.0 text 0
474.0 177.0 619.0 170.0 621.0 193.0 476.0 200.0 text 0
664.0 147.0 740.0 140.0 743.0 162.0 667.0 169.0 text 0
637.0 167.0 777.0 157.0 779.0 180.0 639.0 190.0 text 0
476.0 201.0 626.0 190.0 628.0 239.0 478.0 250.0 text 0
636.0 191.0 784.0 178.0 788.0 225.0 640.0 238.0 text 0
1124.0 242.0 1177.0 223.0 1182.0 251.0 1129.0 270.0 text 0
1176.0 219.0 1245.0 197.0 1252.0 232.0 1183.0 254.0 text 0
1125.0 213.0 1157.0 200.0 1160.0 216.0 1128.0 229.0 text 0
1185.0 190.0 1221.0 176.0 1223.0 191.0 1187.0 205.0 text 0
1120.0 230.0 1172.0 208.0 1176.0 223.0 1124.0 245.0 text 0
1180.0 210.0 1238.0 184.0 1240.0 199.0 1182.0 225.0 text 0
1226.0 273.0 1275.0 267.0 1279.0 288.0 1230.0 294.0 text 0
1226.0 257.0 1272.0 252.0 1274.0 270.0 1228.0 275.0 text 0
945.0 320.0 986.0 317.0 993.0 340.0 952.0 343.0 text 0
