522.0 0.0 747.0 10.0 748.0 42.0 523.0 32.0 text 0
1065.0 140.0 1141.0 124.0 1142.0 161.0 1066.0 177.0 text 0
1144.0 120.0 1240.0 102.0 1241.0 142.0 1145.0 160.0 text 0
1081.0 114.0 1120.0 102.0 1121.0 118.0 1082.0 130.0 text 0
1161.0 91.0 1209.0 77.0 1209.0 93.0 1161.0 107.0 text 0
1069.0 127.0 1140.0 110.0 1141.0 128.0 1070.0 145.0 text 0
1145.0 106.0 1236.0 82.0 1238.0 104.0 1147.0 128.0 text 0
1177.0 224.0 1212.0 222.0 1211.0 238.0 1176.0 240.0 text 0
1210.0 223.0 1252.0 219.0 1253.0 234.0 1211.0 238.0 text 0
1151.0 177.0 1172.0 179.0 1172.0 222.0 1151.0 220.0 text 0
825.0 223.0 874.0 221.0 876.0 247.0 827.0 249.0 text 0
2.0 377.0 35.0 369.0 39.0 404.0 6.0 412.0 text 0
