482.0 73.0 573.0 60.0 576.0 88.0 485.0 101.0 text 0
673.0 42.0 776.0 20.0 779.0 50.0 676.0 72.0 text 0
453.0 97.0 614.0 77.0 612.0 109.0 451.0 129.0 text 0
633.0 70.0 821.0 36.0 825.0 67.0 637.0 101.0 text 0
449.0 123.0 620.0 104.0 622.0 168.0 451.0 187.0 text 0
634.0 104.0 831.0 70.0 834.0 134.0 637.0 168.0 text 0
551.0 192.0 651.0 219.0 649.0 256.0 549.0 229.0 text 0
936.0 278.0 978.0 275.0 978.0 296.0 936.0 299.0 text 0
978.0 271.0 1026.0 266.0 1027.0 291.0 979.0 296.0 text 0
935.0 260.0 975.0 256.0 978.0 276.0 938.0 279.0 text 0
981.0 252.0 1024.0 246.0 1025.0 267.0 982.0 273.0 text 0
588.0 321.0 670.0 316.0 671.0 325.0 589.0 330.0 text 0
909.0 384.0 955.0 382.0 956.0 400.0 910.0 402.0 text 0
