68.0 81.0 106.0 86.0 106.0 104.0 68.0 98.0 text 0
579.0 511.0 605.0 484.0 609.0 504.0 583.0 530.0 text 0
423.0 603.0 496.0 529.0 502.0 589.0 429.0 664.0 text 0
496.0 530.0 548.0 476.0 552.0 526.0 501.0 580.0 text 0
526.0 571.0 540.0 557.0 544.0 582.0 530.0 596.0 text 0
435.0 50.0 551.0 40.0 555.0 74.0 438.0 84.0 text 0
540.0 546.0 579.0 500.0 583.0 531.0 544.0 578.0 text 0
15.0 4.0 170.0 35.0 169.0 84.0 13.0 52.0 text 0
21.0 74.0 67.0 79.0 66.0 97.0 20.0 92.0 text 0
105.0 91.0 135.0 96.0 135.0 108.0 105.0 103.0 text 0
134.0 98.0 154.0 99.0 154.0 111.0 134.0 109.0 text 0
12.0 93.0 55.0 98.0 54.0 113.0 10.0 108.0 text 0
56.0 98.0 90.0 101.0 88.0 116.0 54.0 114.0 text 0
88.0 102.0 113.0 106.0 114.0 120.0 88.0 116.0 text 0
112.0 108.0 123.0 109.0 123.0 122.0 112.0 121.0 text 0
124.0 107.0 155.0 111.0 153.0 126.0 122.0 122.0 text 0
