990.0 62.0 1177.0 69.0 1175.0 132.0 987.0 125.0 text 0
987.0 126.0 1164.0 138.0 1158.0 195.0 981.0 184.0 text 0
982.0 219.0 1063.0 228.0 1060.0 260.0 979.0 251.0 text 0
1072.0 228.0 1159.0 240.0 1153.0 275.0 1066.0 263.0 text 0
977.0 264.0 1021.0 272.0 1018.0 290.0 973.0 283.0 text 0
1025.0 272.0 1073.0 281.0 1068.0 303.0 1019.0 293.0 text 0
1074.0 280.0 1159.0 296.0 1158.0 316.0 1073.0 300.0 text 0
974.0 291.0 1026.0 300.0 1022.0 318.0 971.0 308.0 text 0
1029.0 300.0 1082.0 310.0 1079.0 329.0 1026.0 318.0 text 0
968.0 325.0 1160.0 365.0 1158.0 379.0 967.0 340.0 text 0
