442.0 117.0 488.0 117.0 491.0 141.0 444.0 141.0 text 0
450.0 262.0 520.0 261.0 522.0 285.0 452.0 286.0 text 0
512.0 118.0 530.0 122.0 530.0 147.0 512.0 144.0 text 0
447.0 162.0 473.0 161.0 473.0 192.0 447.0 193.0 text 0
445.0 214.0 483.0 212.0 484.0 238.0 446.0 241.0 text 0
488.0 117.0 515.0 120.0 516.0 144.0 490.0 142.0 text 0
478.0 212.0 528.0 212.0 531.0 236.0 481.0 236.0 text 0
455.0 344.0 493.0 342.0 495.0 356.0 457.0 358.0 text 0
491.0 340.0 518.0 338.0 520.0 354.0 492.0 355.0 text 0
450.0 304.0 533.0 295.0 535.0 315.0 452.0 324.0 text 0
34.0 172.0 96.0 172.0 97.0 197.0 35.0 197.0 text 0
168.0 178.0 218.0 173.0 218.0 188.0 168.0 194.0 text 0
310.0 162.0 345.0 161.0 345.0 176.0 310.0 177.0 text 0
