692.0 291.0 763.0 288.0 763.0 308.0 692.0 311.0 text 0
840.0 176.0 912.0 177.0 912.0 184.0 840.0 183.0 text 0
688.0 407.0 738.0 407.0 738.0 443.0 688.0 443.0 text 0
735.0 408.0 758.0 408.0 758.0 430.0 735.0 430.0 text 0
736.0 430.0 758.0 430.0 757.0 443.0 735.0 443.0 text 0
691.0 250.0 763.0 252.0 763.0 284.0 691.0 282.0 text 0
692.0 400.0 717.0 400.0 716.0 408.0 691.0 408.0 text 0
837.0 145.0 911.0 146.0 912.0 176.0 838.0 175.0 text 0
432.0 181.0 471.0 184.0 471.0 204.0 432.0 201.0 text 0
380.0 154.0 428.0 160.0 428.0 172.0 380.0 166.0 text 0
1028.0 165.0 1088.0 157.0 1088.0 177.0 1028.0 185.0 text 0
1224.0 136.0 1268.0 132.0 1268.0 154.0 1224.0 158.0 text 0
687.0 195.0 724.0 197.0 725.0 215.0 688.0 213.0 text 0
374.0 190.0 420.0 191.0 421.0 222.0 375.0 221.0 text 0
816.0 203.0 850.0 198.0 850.0 211.0 816.0 215.0 text 0
