544.0 194.0 596.0 176.0 604.0 199.0 552.0 217.0 text 0
516.0 158.0 593.0 132.0 597.0 145.0 520.0 171.0 text 0
540.0 165.0 577.0 154.0 582.0 166.0 545.0 177.0 text 0
548.0 180.0 577.0 171.0 582.0 178.0 553.0 187.0 text 0
560.0 248.0 618.0 230.0 624.0 237.0 566.0 256.0 text 0
247.0 321.0 298.0 302.0 316.0 328.0 265.0 347.0 text 0
493.0 253.0 535.0 231.0 546.0 245.0 504.0 267.0 text 0
1101.0 44.0 1134.0 40.0 1137.0 56.0 1105.0 60.0 text 0
135.0 518.0 192.0 481.0 206.0 505.0 150.0 542.0 text 0
463.0 243.0 481.0 235.0 489.0 247.0 470.0 256.0 text 0
386.0 258.0 418.0 248.0 424.0 258.0 392.0 268.0 text 0
