676.0 108.0 711.0 116.0 707.0 135.0 673.0 127.0 text 0
570.0 81.0 645.0 101.0 644.0 121.0 568.0 101.0 text 0
654.0 42.0 730.0 62.0 727.0 82.0 652.0 62.0 text 0
456.0 17.0 521.0 34.0 515.0 57.0 451.0 41.0 text 0
520.0 34.0 597.0 52.0 594.0 77.0 516.0 60.0 text 0
524.0 1.0 661.0 42.0 660.0 63.0 523.0 22.0 text 0
596.0 54.0 675.0 75.0 673.0 97.0 594.0 76.0 text 0
517.0 0.0 527.0 2.0 525.0 22.0 456.0 3.0 text 0
396.0 35.0 408.0 38.0 405.0 65.0 393.0 62.0 text 0
408.0 38.0 491.0 60.0 487.0 85.0 405.0 64.0 text 0
491.0 61.0 573.0 82.0 570.0 104.0 487.0 83.0 text 0
645.0 100.0 677.0 107.0 675.0 126.0 643.0 118.0 text 0
508.0 287.0 593.0 292.0 593.0 322.0 508.0 317.0 text 0
514.0 370.0 535.0 370.0 535.0 383.0 514.0 383.0 text 0
537.0 368.0 582.0 371.0 580.0 386.0 535.0 384.0 text 0
514.0 447.0 571.0 443.0 571.0 455.0 514.0 460.0 text 0
34.0 193.0 92.0 201.0 93.0 212.0 35.0 204.0 text 0
1078.0 222.0 1165.0 223.0 1166.0 262.0 1080.0 261.0 text 0
1077.0 260.0 1164.0 262.0 1163.0 273.0 1076.0 271.0 text 0
1062.0 410.0 1097.0 405.0 1097.0 424.0 1062.0 428.0 text 0
790.0 416.0 833.0 415.0 832.0 432.0 788.0 433.0 text 0
484.0 204.0 597.0 212.0 597.0 228.0 484.0 221.0 text 0
