874.0 318.0 981.0 410.0 971.0 437.0 868.0 346.0 text 0
689.0 160.0 730.0 197.0 730.0 220.0 690.0 183.0 text 0
1024.0 13.0 1147.0 51.0 1136.0 95.0 1019.0 52.0 text 0
534.0 26.0 610.0 89.0 604.0 133.0 538.0 71.0 text 0
982.0 1.0 1023.0 11.0 1015.0 53.0 873.0 0.0 text 0
505.0 0.0 535.0 27.0 532.0 66.0 468.0 1.0 text 0
2.0 321.0 39.0 231.0 71.0 295.0 4.0 489.0 text 0
674.0 148.0 692.0 161.0 688.0 183.0 676.0 173.0 text 0
729.0 196.0 790.0 247.0 789.0 273.0 725.0 216.0 text 0
791.0 250.0 844.0 294.0 842.0 317.0 788.0 272.0 text 0
844.0 293.0 872.0 317.0 868.0 343.0 840.0 319.0 text 0
674.0 185.0 683.0 188.0 686.0 208.0 675.0 205.0 text 0
682.0 187.0 720.0 221.0 716.0 241.0 682.0 210.0 text 0
714.0 218.0 800.0 296.0 796.0 319.0 714.0 238.0 text 0
801.0 301.0 866.0 360.0 862.0 382.0 800.0 324.0 text 0
867.0 359.0 918.0 406.0 913.0 431.0 861.0 383.0 text 0
921.0 410.0 998.0 481.0 988.0 504.0 915.0 434.0 text 0
1166.0 56.0 1278.0 95.0 1266.0 141.0 1142.0 96.0 text 0
38.0 230.0 64.0 171.0 84.0 231.0 68.0 287.0 text 0
65.0 170.0 100.0 97.0 118.0 130.0 89.0 231.0 text 0
100.0 99.0 145.0 21.0 157.0 36.0 117.0 141.0 text 0
