487.0 548.0 540.0 555.0 537.0 571.0 484.0 565.0 text 0
545.0 555.0 603.0 563.0 600.0 579.0 542.0 571.0 text 0
707.0 200.0 771.0 211.0 768.0 227.0 704.0 215.0 text 0
773.0 210.0 843.0 223.0 839.0 239.0 769.0 226.0 text 0
845.0 223.0 884.0 229.0 881.0 246.0 842.0 239.0 text 0
711.0 121.0 892.0 150.0 883.0 228.0 702.0 199.0 text 0
593.0 227.0 625.0 232.0 623.0 250.0 591.0 245.0 text 0
721.0 104.0 753.0 110.0 750.0 126.0 718.0 121.0 text 0
584.0 272.0 643.0 280.0 640.0 300.0 582.0 291.0 text 0
500.0 456.0 534.0 461.0 531.0 473.0 498.0 468.0 text 0
502.0 306.0 548.0 312.0 544.0 332.0 498.0 326.0 text 0
497.0 352.0 579.0 364.0 574.0 385.0 492.0 373.0 text 0
1057.0 409.0 1089.0 413.0 1089.0 429.0 1057.0 424.0 text 0
585.0 306.0 756.0 329.0 753.0 341.0 582.0 318.0 text 0
807.0 321.0 965.0 345.0 964.0 355.0 806.0 331.0 text 0
737.0 229.0 845.0 246.0 844.0 257.0 735.0 240.0 text 0
714.0 239.0 865.0 264.0 864.0 275.0 713.0 250.0 text 0
741.0 257.0 836.0 273.0 835.0 285.0 740.0 269.0 text 0
534.0 461.0 557.0 465.0 555.0 477.0 532.0 473.0 text 0
550.0 313.0 577.0 317.0 574.0 336.0 547.0 332.0 text 0
546.0 221.0 590.0 227.0 587.0 243.0 543.0 237.0 text 0
1081.0 446.0 1092.0 448.0 1091.0 457.0 1080.0 456.0 text 0
1052.0 452.0 1065.0 454.0 1065.0 462.0 1052.0 461.0 text 0
1066.0 454.0 1088.0 457.0 1087.0 466.0 1065.0 463.0 text 0
1089.0 457.0 1121.0 461.0 1121.0 470.0 1088.0 467.0 text 0
850.0 336.0 923.0 348.0 922.0 358.0 849.0 346.0 text 0
594.0 320.0 743.0 341.0 741.0 352.0 593.0 331.0 text 0
677.0 392.0 715.0 374.0 721.0 382.0 682.0 400.0 text 0
569.0 464.0 599.0 440.0 605.0 448.0 575.0 472.0 text 0
628.0 465.0 664.0 438.0 670.0 446.0 634.0 472.0 text 0
681.0 460.0 713.0 445.0 718.0 454.0 686.0 469.0 text 0
891.0 441.0 932.0 433.0 935.0 442.0 894.0 450.0 text 0
829.0 390.0 870.0 378.0 872.0 385.0 831.0 397.0 text 0
487.0 401.0 566.0 412.0 566.0 421.0 486.0 410.0 text 0
486.0 410.0 564.0 421.0 564.0 430.0 486.0 419.0 text 0
