153.0 198.0 219.0 199.0 220.0 222.0 154.0 220.0 text 0
78.0 334.0 117.0 333.0 116.0 344.0 77.0 345.0 text 0
120.0 333.0 165.0 331.0 162.0 341.0 118.0 343.0 text 0
104.0 346.0 144.0 345.0 142.0 359.0 102.0 360.0 text 0
727.0 338.0 779.0 344.0 779.0 357.0 727.0 350.0 text 0
729.0 356.0 792.0 362.0 791.0 379.0 729.0 372.0 text 0
738.0 503.0 792.0 524.0 791.0 538.0 737.0 517.0 text 0
270.0 436.0 294.0 435.0 294.0 445.0 270.0 446.0 text 0
347.0 412.0 376.0 409.0 376.0 418.0 347.0 421.0 text 0
833.0 98.0 890.0 77.0 892.0 87.0 835.0 108.0 text 0
837.0 109.0 866.0 101.0 865.0 111.0 837.0 119.0 text 0
836.0 124.0 879.0 111.0 880.0 119.0 836.0 132.0 text 0
837.0 135.0 895.0 119.0 896.0 130.0 838.0 146.0 text 0
838.0 147.0 873.0 140.0 873.0 151.0 838.0 158.0 text 0
838.0 159.0 881.0 150.0 882.0 162.0 839.0 171.0 text 0
838.0 175.0 908.0 160.0 909.0 170.0 839.0 184.0 text 0
838.0 187.0 866.0 182.0 867.0 192.0 839.0 197.0 text 0
839.0 201.0 865.0 197.0 865.0 206.0 840.0 210.0 text 0
841.0 216.0 872.0 210.0 871.0 219.0 840.0 225.0 text 0
840.0 227.0 860.0 226.0 860.0 234.0 840.0 236.0 text 0
842.0 240.0 904.0 234.0 905.0 244.0 843.0 250.0 text 0
842.0 252.0 875.0 250.0 877.0 262.0 843.0 264.0 text 0
842.0 268.0 872.0 266.0 872.0 275.0 842.0 277.0 text 0
845.0 280.0 900.0 277.0 899.0 287.0 844.0 290.0 text 0
844.0 295.0 866.0 293.0 867.0 302.0 845.0 304.0 text 0
846.0 306.0 885.0 306.0 884.0 316.0 845.0 316.0 text 0
846.0 320.0 888.0 321.0 888.0 331.0 846.0 330.0 text 0
847.0 334.0 883.0 335.0 882.0 345.0 846.0 343.0 text 0
847.0 348.0 871.0 348.0 871.0 357.0 847.0 357.0 text 0
847.0 360.0 895.0 364.0 895.0 374.0 847.0 371.0 text 0
847.0 374.0 920.0 381.0 920.0 391.0 848.0 384.0 text 0
848.0 387.0 871.0 390.0 872.0 399.0 848.0 396.0 text 0
849.0 402.0 900.0 408.0 900.0 417.0 849.0 411.0 text 0
849.0 414.0 933.0 428.0 933.0 439.0 848.0 425.0 text 0
850.0 428.0 910.0 439.0 910.0 449.0 850.0 438.0 text 0
853.0 441.0 889.0 449.0 888.0 458.0 851.0 450.0 text 0
853.0 455.0 922.0 471.0 922.0 482.0 852.0 466.0 text 0
852.0 469.0 906.0 482.0 905.0 492.0 851.0 480.0 text 0
855.0 483.0 902.0 496.0 900.0 505.0 853.0 492.0 text 0
854.0 496.0 929.0 517.0 928.0 527.0 853.0 506.0 text 0
853.0 513.0 910.0 527.0 910.0 538.0 853.0 523.0 text 0
859.0 524.0 881.0 530.0 880.0 538.0 858.0 532.0 text 0
855.0 532.0 891.0 544.0 892.0 556.0 856.0 544.0 text 0
856.0 544.0 908.0 562.0 907.0 574.0 855.0 556.0 text 0
