613.0 176.0 703.0 135.0 702.0 174.0 616.0 206.0 text 0
906.0 108.0 977.0 85.0 978.0 105.0 907.0 128.0 text 0
1085.0 313.0 1103.0 312.0 1105.0 329.0 1086.0 330.0 text 0
1103.0 311.0 1115.0 311.0 1117.0 324.0 1105.0 324.0 text 0
700.0 243.0 740.0 238.0 743.0 282.0 703.0 288.0 text 0
853.0 320.0 918.0 320.0 920.0 351.0 855.0 351.0 text 0
727.0 283.0 746.0 283.0 745.0 303.0 726.0 303.0 text 0
1205.0 309.0 1273.0 307.0 1279.0 351.0 1210.0 353.0 text 0
726.0 304.0 744.0 304.0 745.0 323.0 727.0 323.0 text 0
720.0 324.0 739.0 324.0 739.0 352.0 720.0 352.0 text 0
986.0 77.0 1108.0 39.0 1109.0 62.0 986.0 101.0 text 0
514.0 225.0 553.0 210.0 552.0 234.0 513.0 249.0 text 0
634.0 60.0 672.0 33.0 675.0 71.0 636.0 95.0 text 0
672.0 31.0 718.0 0.0 723.0 35.0 674.0 70.0 text 0
651.0 84.0 676.0 70.0 677.0 88.0 652.0 102.0 text 0
651.0 101.0 675.0 87.0 676.0 103.0 652.0 116.0 text 0
648.0 117.0 675.0 102.0 677.0 121.0 650.0 136.0 text 0
695.0 55.0 723.0 37.0 724.0 54.0 695.0 72.0 text 0
696.0 71.0 724.0 54.0 724.0 74.0 696.0 92.0 text 0
692.0 93.0 723.0 75.0 724.0 93.0 693.0 111.0 text 0
