92.0 337.0 237.0 294.0 248.0 330.0 103.0 373.0 text 0
159.0 579.0 243.0 545.0 251.0 568.0 167.0 602.0 text 0
251.0 544.0 308.0 524.0 315.0 543.0 258.0 564.0 text 0
386.0 383.0 427.0 365.0 436.0 396.0 395.0 415.0 text 0
363.0 445.0 554.0 326.0 575.0 391.0 383.0 511.0 text 0
339.0 203.0 469.0 183.0 476.0 207.0 346.0 227.0 text 0
321.0 236.0 503.0 204.0 509.0 228.0 327.0 259.0 text 0
146.0 302.0 175.0 296.0 180.0 307.0 148.0 316.0 text 0
150.0 354.0 176.0 348.0 178.0 370.0 152.0 376.0 text 0
174.0 348.0 202.0 341.0 208.0 360.0 178.0 368.0 text 0
130.0 387.0 246.0 337.0 282.0 420.0 133.0 459.0 text 0
257.0 500.0 316.0 479.0 318.0 488.0 258.0 508.0 text 0
344.0 271.0 372.0 267.0 377.0 279.0 346.0 282.0 text 0
305.0 243.0 339.0 333.0 325.0 343.0 289.0 255.0 text 0
288.0 231.0 298.0 224.0 303.0 241.0 293.0 243.0 text 0
339.0 259.0 500.0 232.0 507.0 255.0 345.0 284.0 text 0
430.0 477.0 543.0 442.0 547.0 453.0 433.0 490.0 text 0
872.0 193.0 957.0 175.0 986.0 247.0 912.0 272.0 text 0
927.0 102.0 1013.0 76.0 1037.0 108.0 952.0 141.0 text 0
993.0 215.0 1088.0 175.0 1106.0 208.0 1007.0 243.0 text 0
1055.0 90.0 1106.0 76.0 1127.0 120.0 1080.0 131.0 text 0
1113.0 55.0 1203.0 43.0 1247.0 135.0 1153.0 152.0 text 0
564.0 340.0 671.0 310.0 689.0 353.0 579.0 391.0 text 0
627.0 617.0 747.0 586.0 766.0 666.0 643.0 699.0 text 0
546.0 625.0 627.0 609.0 646.0 699.0 568.0 717.0 text 0
