621.0 229.0 687.0 210.0 689.0 241.0 623.0 260.0 text 0
690.0 202.0 814.0 163.0 811.0 202.0 688.0 241.0 text 0
779.0 159.0 813.0 147.0 813.0 160.0 779.0 172.0 text 0
789.0 238.0 815.0 232.0 813.0 247.0 788.0 252.0 text 0
496.0 280.0 538.0 274.0 537.0 305.0 495.0 311.0 text 0
538.0 270.0 581.0 260.0 580.0 292.0 536.0 303.0 text 0
843.0 185.0 867.0 174.0 869.0 187.0 845.0 198.0 text 0
872.0 167.0 900.0 164.0 900.0 179.0 872.0 181.0 text 0
907.0 166.0 932.0 164.0 933.0 178.0 908.0 179.0 text 0
846.0 196.0 864.0 189.0 867.0 199.0 849.0 206.0 text 0
873.0 178.0 896.0 177.0 896.0 196.0 873.0 197.0 text 0
908.0 177.0 929.0 179.0 927.0 193.0 906.0 191.0 text 0
260.0 353.0 292.0 356.0 290.0 366.0 258.0 363.0 text 0
