629.0 40.0 680.0 59.0 676.0 87.0 624.0 69.0 text 0
864.0 113.0 910.0 128.0 906.0 150.0 859.0 136.0 text 0
907.0 126.0 955.0 144.0 950.0 170.0 902.0 151.0 text 0
949.0 145.0 979.0 155.0 977.0 178.0 946.0 168.0 text 0
849.0 137.0 979.0 181.0 976.0 192.0 846.0 149.0 text 0
488.0 28.0 502.0 32.0 500.0 45.0 485.0 41.0 text 0
420.0 14.0 435.0 15.0 435.0 30.0 416.0 26.0 text 0
226.0 94.0 264.0 103.0 260.0 117.0 222.0 108.0 text 0
148.0 219.0 170.0 101.0 189.0 112.0 167.0 230.0 text 0
0.0 50.0 40.0 58.0 25.0 122.0 2.0 120.0 text 0
1031.0 245.0 1055.0 251.0 1054.0 262.0 1030.0 260.0 text 0
1002.0 245.0 1027.0 247.0 1028.0 258.0 1002.0 254.0 text 0
488.0 1.0 506.0 6.0 504.0 22.0 489.0 16.0 text 0
701.0 245.0 734.0 249.0 728.0 288.0 688.0 283.0 text 0
