130.0 215.0 209.0 197.0 215.0 226.0 135.0 244.0 text 0
209.0 198.0 257.0 184.0 260.0 213.0 212.0 227.0 text 0
259.0 181.0 290.0 174.0 293.0 206.0 261.0 213.0 text 0
292.0 170.0 448.0 132.0 454.0 167.0 299.0 205.0 text 0
649.0 96.0 711.0 77.0 713.0 95.0 650.0 114.0 text 0
663.0 109.0 701.0 99.0 704.0 116.0 666.0 126.0 text 0
853.0 49.0 941.0 29.0 947.0 59.0 859.0 78.0 text 0
1029.0 25.0 1101.0 0.0 1111.0 29.0 1036.0 57.0 text 0
1104.0 5.0 1122.0 0.0 1190.0 0.0 1114.0 30.0 text 0
30.0 249.0 121.0 225.0 124.0 242.0 33.0 266.0 text 0
52.0 260.0 104.0 247.0 104.0 260.0 52.0 273.0 text 0
1011.0 8.0 1055.0 0.0 1112.0 0.0 1014.0 35.0 text 0
513.0 528.0 625.0 520.0 631.0 565.0 520.0 572.0 text 0
1041.0 553.0 1131.0 548.0 1132.0 560.0 1042.0 566.0 text 0
1037.0 580.0 1164.0 573.0 1167.0 590.0 1040.0 597.0 text 0
1018.0 565.0 1070.0 560.0 1072.0 577.0 1019.0 582.0 text 0
1069.0 560.0 1118.0 558.0 1121.0 580.0 1072.0 582.0 text 0
1116.0 558.0 1157.0 555.0 1160.0 575.0 1119.0 578.0 text 0
528.0 117.0 575.0 109.0 580.0 140.0 533.0 147.0 text 0
585.0 119.0 619.0 89.0 629.0 105.0 595.0 135.0 text 0
756.0 263.0 793.0 256.0 797.0 274.0 759.0 281.0 text 0
748.0 212.0 816.0 199.0 818.0 208.0 749.0 221.0 text 0
767.0 340.0 793.0 336.0 796.0 348.0 769.0 352.0 text 0
1215.0 143.0 1278.0 134.0 1279.0 150.0 1213.0 161.0 text 0
1166.0 492.0 1237.0 489.0 1240.0 515.0 1170.0 518.0 text 0
