503.0 224.0 562.0 271.0 562.0 302.0 504.0 255.0 text 0
492.0 181.0 519.0 196.0 518.0 226.0 491.0 211.0 text 0
522.0 203.0 572.0 235.0 570.0 267.0 520.0 235.0 text 0
573.0 238.0 733.0 357.0 733.0 397.0 573.0 277.0 text 0
457.0 189.0 485.0 211.0 484.0 238.0 457.0 215.0 text 0
455.0 142.0 489.0 171.0 489.0 206.0 455.0 176.0 text 0
487.0 215.0 500.0 229.0 499.0 251.0 485.0 238.0 text 0
568.0 277.0 634.0 333.0 633.0 367.0 567.0 311.0 text 0
642.0 337.0 747.0 426.0 745.0 465.0 640.0 376.0 text 0
576.0 336.0 673.0 424.0 661.0 431.0 564.0 343.0 text 0
411.0 137.0 430.0 154.0 429.0 169.0 410.0 152.0 text 0
429.0 152.0 438.0 156.0 437.0 175.0 428.0 170.0 text 0
224.0 0.0 264.0 26.0 260.0 45.0 215.0 4.0 text 0
