1009.0 198.0 1189.0 130.0 1193.0 193.0 1009.0 245.0 text 0
1201.0 120.0 1279.0 92.0 1279.0 168.0 1208.0 189.0 text 0
860.0 284.0 892.0 277.0 890.0 309.0 859.0 316.0 text 0
892.0 274.0 944.0 259.0 944.0 295.0 892.0 310.0 text 0
1011.0 255.0 1124.0 230.0 1125.0 252.0 1012.0 277.0 text 0
1136.0 325.0 1267.0 320.0 1267.0 348.0 1136.0 352.0 text 0
1133.0 369.0 1279.0 369.0 1279.0 413.0 1134.0 409.0 text 0
1137.0 413.0 1279.0 419.0 1278.0 465.0 1137.0 455.0 text 0
1138.0 459.0 1279.0 471.0 1278.0 517.0 1138.0 500.0 text 0
1136.0 510.0 1165.0 510.0 1165.0 529.0 1136.0 529.0 text 0
1167.0 509.0 1247.0 524.0 1245.0 542.0 1164.0 531.0 text 0
1250.0 522.0 1278.0 529.0 1277.0 553.0 1250.0 546.0 text 0
1136.0 532.0 1162.0 536.0 1161.0 559.0 1137.0 553.0 text 0
1160.0 536.0 1225.0 546.0 1227.0 569.0 1161.0 559.0 text 0
1229.0 545.0 1254.0 549.0 1255.0 576.0 1228.0 570.0 text 0
1139.0 654.0 1190.0 670.0 1190.0 696.0 1137.0 680.0 text 0
1190.0 671.0 1270.0 698.0 1210.0 699.0 1190.0 694.0 text 0
0.0 50.0 72.0 87.0 54.0 142.0 0.0 123.0 text 0
695.0 332.0 746.0 317.0 744.0 350.0 698.0 358.0 text 0
