84.0 332.0 133.0 338.0 130.0 356.0 81.0 350.0 text 0
135.0 339.0 181.0 344.0 177.0 359.0 131.0 354.0 text 0
588.0 136.0 773.0 172.0 770.0 212.0 585.0 176.0 text 0
777.0 173.0 874.0 190.0 870.0 227.0 773.0 211.0 text 0
881.0 188.0 993.0 211.0 990.0 251.0 877.0 228.0 text 0
497.0 114.0 590.0 132.0 580.0 177.0 487.0 160.0 text 0
511.0 166.0 586.0 180.0 582.0 201.0 506.0 187.0 text 0
402.0 101.0 490.0 116.0 485.0 160.0 397.0 144.0 text 0
587.0 177.0 618.0 185.0 615.0 210.0 584.0 202.0 text 0
618.0 185.0 686.0 196.0 685.0 213.0 617.0 202.0 text 0
18.0 187.0 312.0 221.0 302.0 302.0 8.0 268.0 text 0
16.0 286.0 47.0 289.0 43.0 305.0 12.0 302.0 text 0
52.0 288.0 142.0 298.0 136.0 316.0 46.0 306.0 text 0
141.0 296.0 160.0 300.0 155.0 319.0 136.0 315.0 text 0
13.0 306.0 90.0 316.0 85.0 332.0 8.0 322.0 text 0
94.0 312.0 190.0 322.0 186.0 342.0 89.0 331.0 text 0
191.0 324.0 229.0 328.0 225.0 343.0 187.0 339.0 text 0
230.0 326.0 262.0 330.0 259.0 346.0 227.0 342.0 text 0
9.0 326.0 70.0 333.0 66.0 352.0 6.0 345.0 text 0
70.0 333.0 84.0 335.0 81.0 352.0 67.0 350.0 text 0
182.0 341.0 292.0 350.0 286.0 368.0 176.0 359.0 text 0
4.0 371.0 37.0 374.0 32.0 388.0 0.0 385.0 text 0
37.0 371.0 108.0 379.0 104.0 396.0 32.0 388.0 text 0
5.0 388.0 55.0 392.0 50.0 408.0 0.0 404.0 text 0
53.0 391.0 100.0 396.0 98.0 410.0 50.0 406.0 text 0
5.0 406.0 32.0 409.0 27.0 424.0 0.0 421.0 text 0
38.0 407.0 154.0 415.0 148.0 432.0 32.0 424.0 text 0
19.0 424.0 86.0 429.0 84.0 446.0 17.0 441.0 text 0
3.0 425.0 18.0 428.0 16.0 440.0 1.0 438.0 text 0
37.0 442.0 92.0 446.0 86.0 462.0 32.0 458.0 text 0
4.0 443.0 35.0 446.0 30.0 459.0 0.0 456.0 text 0
3.0 461.0 57.0 464.0 54.0 480.0 0.0 478.0 text 0
60.0 464.0 72.0 465.0 68.0 479.0 56.0 478.0 text 0
71.0 462.0 175.0 467.0 172.0 483.0 68.0 478.0 text 0
175.0 466.0 196.0 467.0 192.0 482.0 171.0 481.0 text 0
193.0 465.0 233.0 466.0 232.0 483.0 192.0 482.0 text 0
235.0 467.0 280.0 469.0 276.0 487.0 232.0 485.0 text 0
44.0 81.0 117.0 92.0 115.0 121.0 42.0 110.0 text 0
5.0 73.0 41.0 81.0 35.0 110.0 0.0 102.0 text 0
657.0 307.0 691.0 310.0 690.0 318.0 656.0 314.0 text 0
662.0 319.0 684.0 323.0 683.0 331.0 660.0 328.0 text 0
659.0 331.0 682.0 334.0 684.0 340.0 660.0 338.0 text 0
