261.0 390.0 383.0 388.0 382.0 418.0 260.0 420.0 text 0
260.0 420.0 383.0 417.0 380.0 442.0 256.0 444.0 text 0
243.0 200.0 316.0 212.0 313.0 231.0 240.0 218.0 text 0
326.0 213.0 390.0 222.0 388.0 241.0 325.0 232.0 text 0
400.0 222.0 500.0 234.0 497.0 255.0 397.0 243.0 text 0
422.0 181.0 498.0 195.0 500.0 236.0 423.0 222.0 text 0
271.0 336.0 330.0 337.0 327.0 357.0 268.0 356.0 text 0
235.0 150.0 388.0 174.0 387.0 221.0 234.0 196.0 text 0
337.0 337.0 375.0 338.0 376.0 356.0 338.0 355.0 text 0
260.0 366.0 384.0 368.0 385.0 392.0 261.0 390.0 text 0
255.0 444.0 380.0 441.0 380.0 461.0 255.0 464.0 text 0
252.0 463.0 376.0 457.0 380.0 480.0 255.0 485.0 text 0
252.0 484.0 314.0 483.0 315.0 496.0 253.0 497.0 text 0
313.0 481.0 378.0 478.0 378.0 494.0 313.0 496.0 text 0
606.0 222.0 643.0 228.0 643.0 245.0 606.0 238.0 text 0
641.0 228.0 680.0 236.0 681.0 252.0 642.0 244.0 text 0
681.0 237.0 707.0 243.0 705.0 257.0 679.0 251.0 text 0
705.0 242.0 724.0 246.0 724.0 261.0 705.0 257.0 text 0
723.0 245.0 742.0 247.0 741.0 264.0 723.0 261.0 text 0
