217.0 235.0 304.0 222.0 309.0 243.0 216.0 259.0 text 0
296.0 434.0 374.0 417.0 381.0 445.0 303.0 462.0 text 0
374.0 165.0 400.0 163.0 401.0 175.0 375.0 177.0 text 0
400.0 163.0 428.0 161.0 431.0 171.0 403.0 174.0 text 0
429.0 157.0 523.0 148.0 526.0 161.0 433.0 170.0 text 0
250.0 142.0 540.0 113.0 540.0 141.0 250.0 170.0 text 0
538.0 146.0 563.0 144.0 564.0 155.0 539.0 157.0 text 0
222.0 281.0 306.0 270.0 311.0 285.0 226.0 299.0 text 0
322.0 314.0 366.0 308.0 367.0 322.0 322.0 328.0 text 0
303.0 394.0 354.0 386.0 356.0 399.0 305.0 407.0 text 0
549.0 10.0 616.0 14.0 627.0 52.0 577.0 94.0 text 0
253.0 178.0 369.0 164.0 371.0 178.0 256.0 193.0 text 0
614.0 2.0 657.0 0.0 695.0 1.0 630.0 44.0 text 0
310.0 231.0 389.0 223.0 395.0 247.0 317.0 260.0 text 0
