17.0 309.0 190.0 274.0 190.0 291.0 17.0 326.0 text 0
562.0 215.0 603.0 209.0 603.0 221.0 562.0 227.0 text 0
437.0 193.0 504.0 183.0 502.0 230.0 435.0 240.0 text 0
507.0 180.0 612.0 162.0 611.0 208.0 506.0 226.0 text 0
375.0 253.0 405.0 247.0 407.0 261.0 377.0 266.0 text 0
1.0 283.0 53.0 271.0 53.0 302.0 1.0 314.0 text 0
61.0 266.0 206.0 235.0 211.0 268.0 65.0 300.0 text 0
404.0 246.0 444.0 240.0 446.0 253.0 406.0 260.0 text 0
646.0 196.0 685.0 190.0 688.0 208.0 650.0 215.0 text 0
1082.0 117.0 1119.0 103.0 1120.0 139.0 1083.0 153.0 text 0
1159.0 24.0 1177.0 10.0 1186.0 40.0 1166.0 51.0 text 0
689.0 272.0 706.0 263.0 710.0 275.0 693.0 283.0 text 0
580.0 317.0 586.0 317.0 585.0 328.0 580.0 327.0 text 0
578.0 326.0 594.0 327.0 593.0 337.0 578.0 336.0 text 0
0.0 9.0 25.0 1.0 70.0 7.0 2.0 35.0 text 0
10.0 75.0 91.0 49.0 95.0 64.0 14.0 90.0 text 0
38.0 84.0 92.0 65.0 94.0 82.0 40.0 101.0 text 0
17.0 111.0 95.0 85.0 98.0 101.0 20.0 127.0 text 0
113.0 40.0 160.0 26.0 162.0 36.0 115.0 51.0 text 0
18.0 313.0 193.0 272.0 195.0 290.0 19.0 331.0 text 0
1.0 35.0 60.0 19.0 60.0 32.0 2.0 51.0 text 0
75.0 319.0 132.0 302.0 132.0 318.0 71.0 327.0 text 0
83.0 355.0 108.0 350.0 112.0 370.0 88.0 376.0 text 0
111.0 14.0 169.0 0.0 169.0 4.0 111.0 26.0 text 0
164.0 21.0 198.0 15.0 198.0 26.0 168.0 32.0 text 0
