143.0 25.0 195.0 40.0 196.0 65.0 144.0 51.0 text 0
70.0 425.0 170.0 387.0 173.0 435.0 63.0 478.0 text 0
224.0 207.0 242.0 205.0 254.0 283.0 236.0 285.0 text 0
255.0 291.0 291.0 502.0 270.0 504.0 234.0 293.0 text 0
222.0 204.0 260.0 418.0 233.0 423.0 195.0 209.0 text 0
2.0 390.0 35.0 381.0 41.0 407.0 8.0 416.0 text 0
0.0 471.0 57.0 447.0 61.0 478.0 3.0 502.0 text 0
105.0 0.0 136.0 4.0 139.0 39.0 30.0 2.0 text 0
319.0 206.0 385.0 209.0 405.0 340.0 341.0 361.0 text 0
285.0 143.0 312.0 149.0 328.0 269.0 308.0 272.0 text 0
287.0 452.0 404.0 392.0 406.0 408.0 292.0 470.0 text 0
286.0 481.0 415.0 408.0 417.0 425.0 296.0 506.0 text 0
331.0 492.0 385.0 457.0 387.0 474.0 335.0 506.0 text 0
304.0 569.0 349.0 547.0 361.0 582.0 319.0 610.0 text 0
344.0 532.0 393.0 511.0 400.0 542.0 367.0 563.0 text 0
389.0 499.0 429.0 476.0 439.0 510.0 405.0 532.0 text 0
313.0 156.0 378.0 162.0 389.0 207.0 328.0 201.0 text 0
61.0 342.0 105.0 334.0 107.0 373.0 76.0 386.0 text 0
117.0 329.0 155.0 321.0 159.0 356.0 131.0 369.0 text 0
175.0 319.0 201.0 318.0 210.0 354.0 175.0 357.0 text 0
496.0 81.0 585.0 123.0 585.0 157.0 493.0 131.0 text 0
293.0 540.0 423.0 447.0 430.0 468.0 305.0 561.0 text 0
