12.0 367.0 92.0 354.0 93.0 396.0 13.0 410.0 text 0
181.0 346.0 223.0 342.0 222.0 373.0 180.0 377.0 text 0
1.0 605.0 104.0 544.0 106.0 631.0 3.0 692.0 text 0
105.0 520.0 270.0 425.0 272.0 534.0 107.0 628.0 text 0
82.0 675.0 200.0 590.0 203.0 627.0 85.0 713.0 text 0
201.0 594.0 273.0 546.0 274.0 576.0 202.0 624.0 text 0
380.0 111.0 412.0 122.0 416.0 188.0 379.0 175.0 text 0
241.0 1.0 382.0 83.0 366.0 169.0 225.0 87.0 text 0
477.0 166.0 534.0 206.0 536.0 243.0 475.0 219.0 text 0
772.0 220.0 826.0 194.0 828.0 226.0 775.0 247.0 text 0
22.0 716.0 74.0 684.0 76.0 714.0 71.0 717.0 text 0
