802.0 342.0 822.0 343.0 822.0 355.0 802.0 354.0 text 0
822.0 342.0 845.0 342.0 845.0 355.0 822.0 354.0 text 0
446.0 212.0 470.0 212.0 470.0 254.0 446.0 254.0 text 0
472.0 212.0 497.0 211.0 496.0 253.0 471.0 254.0 text 0
498.0 208.0 534.0 210.0 533.0 252.0 497.0 251.0 text 0
694.0 174.0 722.0 165.0 721.0 216.0 694.0 225.0 text 0
268.0 205.0 421.0 211.0 420.0 254.0 267.0 248.0 text 0
722.0 163.0 757.0 144.0 757.0 183.0 721.0 202.0 text 0
759.0 132.0 794.0 115.0 793.0 167.0 758.0 184.0 text 0
797.0 105.0 843.0 86.0 840.0 145.0 794.0 164.0 text 0
802.0 260.0 905.0 262.0 904.0 283.0 801.0 281.0 text 0
803.0 306.0 823.0 307.0 823.0 320.0 803.0 319.0 text 0
822.0 305.0 837.0 306.0 837.0 320.0 822.0 319.0 text 0
836.0 305.0 858.0 306.0 858.0 321.0 836.0 320.0 text 0
858.0 307.0 865.0 307.0 865.0 321.0 858.0 320.0 text 0
821.0 324.0 850.0 325.0 850.0 337.0 822.0 336.0 text 0
803.0 323.0 823.0 324.0 822.0 336.0 802.0 336.0 text 0
850.0 323.0 906.0 325.0 907.0 340.0 851.0 337.0 text 0
864.0 307.0 897.0 308.0 898.0 321.0 865.0 320.0 text 0
803.0 358.0 823.0 360.0 823.0 373.0 803.0 372.0 text 0
823.0 359.0 852.0 360.0 852.0 373.0 823.0 373.0 text 0
803.0 376.0 823.0 377.0 822.0 391.0 802.0 390.0 text 0
823.0 376.0 852.0 377.0 851.0 393.0 822.0 391.0 text 0
804.0 393.0 844.0 395.0 842.0 408.0 803.0 406.0 text 0
801.0 412.0 824.0 413.0 824.0 427.0 801.0 426.0 text 0
823.0 410.0 863.0 413.0 863.0 427.0 823.0 425.0 text 0
802.0 428.0 822.0 430.0 823.0 444.0 802.0 443.0 text 0
821.0 431.0 860.0 432.0 860.0 447.0 822.0 446.0 text 0
803.0 566.0 821.0 566.0 820.0 590.0 803.0 590.0 text 0
822.0 567.0 844.0 567.0 843.0 590.0 822.0 590.0 text 0
849.0 570.0 885.0 572.0 884.0 587.0 846.0 584.0 text 0
810.0 177.0 840.0 163.0 840.0 180.0 807.0 190.0 text 0
668.0 210.0 683.0 204.0 682.0 216.0 668.0 223.0 text 0
666.0 223.0 685.0 214.0 686.0 225.0 666.0 235.0 text 0
899.0 46.0 1035.0 5.0 1067.0 96.0 908.0 145.0 text 0
560.0 244.0 581.0 244.0 581.0 255.0 560.0 254.0 text 0
668.0 232.0 682.0 227.0 682.0 234.0 668.0 240.0 text 0
1117.0 2.0 1225.0 0.0 1237.0 19.0 1134.0 47.0 text 0
