641.0 253.0 686.0 229.0 693.0 254.0 647.0 278.0 text 0
649.0 303.0 664.0 297.0 671.0 324.0 656.0 330.0 text 0
636.0 159.0 676.0 146.0 680.0 182.0 641.0 194.0 text 0
676.0 147.0 711.0 134.0 716.0 164.0 681.0 177.0 text 0
533.0 246.0 554.0 238.0 561.0 270.0 539.0 278.0 text 0
567.0 173.0 631.0 155.0 637.0 190.0 574.0 207.0 text 0
558.0 235.0 619.0 211.0 624.0 245.0 563.0 268.0 text 0
604.0 93.0 668.0 82.0 674.0 129.0 610.0 140.0 text 0
621.0 217.0 660.0 204.0 667.0 229.0 628.0 242.0 text 0
660.0 196.0 704.0 182.0 712.0 213.0 668.0 227.0 text 0
604.0 332.0 650.0 306.0 655.0 336.0 609.0 362.0 text 0
547.0 368.0 602.0 335.0 608.0 363.0 553.0 396.0 text 0
614.0 258.0 635.0 248.0 644.0 280.0 624.0 290.0 text 0
707.0 188.0 744.0 172.0 749.0 193.0 711.0 209.0 text 0
684.0 226.0 709.0 217.0 716.0 242.0 690.0 251.0 text 0
660.0 295.0 760.0 236.0 768.0 263.0 668.0 322.0 text 0
617.0 377.0 747.0 277.0 753.0 300.0 623.0 400.0 text 0
621.0 407.0 737.0 307.0 742.0 331.0 627.0 430.0 text 0
631.0 439.0 747.0 327.0 753.0 347.0 637.0 460.0 text 0
