957.0 189.0 1042.0 186.0 1041.0 216.0 956.0 218.0 text 0
1048.0 188.0 1142.0 187.0 1142.0 215.0 1048.0 216.0 text 0
762.0 225.0 839.0 203.0 845.0 241.0 767.0 263.0 text 0
734.0 310.0 817.0 318.0 816.0 330.0 733.0 322.0 text 0
765.0 283.0 808.0 286.0 807.0 299.0 764.0 297.0 text 0
744.0 206.0 779.0 188.0 786.0 208.0 751.0 225.0 text 0
891.0 190.0 948.0 190.0 949.0 216.0 892.0 216.0 text 0
482.0 222.0 540.0 222.0 540.0 244.0 481.0 244.0 text 0
898.0 242.0 947.0 243.0 947.0 266.0 898.0 265.0 text 0
949.0 243.0 1062.0 244.0 1062.0 267.0 950.0 267.0 text 0
1146.0 261.0 1212.0 275.0 1206.0 303.0 1140.0 289.0 text 0
897.0 264.0 927.0 265.0 927.0 280.0 897.0 280.0 text 0
925.0 266.0 943.0 266.0 942.0 281.0 925.0 281.0 text 0
943.0 266.0 958.0 267.0 958.0 281.0 942.0 281.0 text 0
957.0 266.0 1028.0 266.0 1027.0 282.0 956.0 281.0 text 0
443.0 242.0 553.0 244.0 554.0 255.0 445.0 252.0 text 0
432.0 226.0 478.0 227.0 479.0 240.0 432.0 239.0 text 0
