469.0 3.0 792.0 4.0 799.0 69.0 470.0 73.0 text 0
547.0 85.0 664.0 77.0 662.0 112.0 545.0 120.0 text 0
287.0 95.0 355.0 90.0 354.0 125.0 286.0 131.0 text 0
365.0 94.0 455.0 87.0 455.0 122.0 365.0 128.0 text 0
465.0 87.0 543.0 79.0 542.0 117.0 464.0 126.0 text 0
282.0 22.0 462.0 7.0 467.0 74.0 287.0 90.0 text 0
550.0 224.0 686.0 212.0 685.0 253.0 549.0 265.0 text 0
1040.0 189.0 1150.0 140.0 1160.0 190.0 1050.0 240.0 text 0
1097.0 224.0 1230.0 215.0 1239.0 262.0 1106.0 270.0 text 0
1088.0 273.0 1205.0 274.0 1205.0 318.0 1089.0 317.0 text 0
905.0 215.0 1023.0 199.0 1024.0 220.0 907.0 236.0 text 0
1210.0 264.0 1277.0 271.0 1279.0 317.0 1213.0 318.0 text 0
1244.0 203.0 1279.0 203.0 1279.0 259.0 1252.0 259.0 text 0
6.0 264.0 37.0 262.0 33.0 282.0 3.0 283.0 text 0
