521.0 129.0 546.0 133.0 545.0 143.0 520.0 138.0 text 0
1155.0 84.0 1178.0 82.0 1178.0 99.0 1155.0 100.0 text 0
586.0 43.0 627.0 41.0 629.0 65.0 588.0 67.0 text 0
633.0 41.0 716.0 39.0 716.0 63.0 633.0 66.0 text 0
276.0 168.0 326.0 166.0 327.0 179.0 277.0 181.0 text 0
546.0 46.0 581.0 43.0 583.0 68.0 547.0 71.0 text 0
624.0 218.0 635.0 217.0 635.0 227.0 624.0 229.0 text 0
465.0 51.0 538.0 46.0 540.0 71.0 467.0 76.0 text 0
634.0 357.0 644.0 356.0 644.0 365.0 634.0 366.0 text 0
1183.0 79.0 1250.0 75.0 1251.0 95.0 1184.0 98.0 text 0
466.0 272.0 492.0 270.0 492.0 282.0 467.0 283.0 text 0
534.0 267.0 556.0 271.0 554.0 282.0 531.0 278.0 text 0
569.0 269.0 590.0 266.0 591.0 275.0 571.0 278.0 text 0
478.0 412.0 501.0 415.0 500.0 426.0 477.0 424.0 text 0
510.0 408.0 535.0 411.0 534.0 422.0 508.0 419.0 text 0
576.0 398.0 600.0 406.0 596.0 415.0 573.0 408.0 text 0
560.0 541.0 583.0 542.0 581.0 553.0 559.0 552.0 text 0
495.0 549.0 520.0 549.0 521.0 560.0 496.0 560.0 text 0
421.0 157.0 436.0 157.0 437.0 172.0 422.0 174.0 text 0
638.0 489.0 654.0 489.0 654.0 503.0 644.0 502.0 text 0
649.0 624.0 663.0 624.0 663.0 637.0 652.0 638.0 text 0
907.0 131.0 958.0 127.0 960.0 139.0 909.0 144.0 text 0
243.0 340.0 256.0 338.0 258.0 350.0 243.0 351.0 text 0
