697.0 143.0 718.0 146.0 731.0 235.0 710.0 232.0 text 0
689.0 167.0 700.0 167.0 706.0 215.0 695.0 215.0 text 0
902.0 37.0 944.0 25.0 943.0 52.0 902.0 64.0 text 0
910.0 59.0 945.0 50.0 945.0 63.0 910.0 71.0 text 0
826.0 254.0 854.0 250.0 854.0 267.0 826.0 270.0 text 0
660.0 369.0 697.0 384.0 695.0 406.0 658.0 391.0 text 0
508.0 391.0 520.0 389.0 520.0 399.0 509.0 401.0 text 0
485.0 378.0 500.0 376.0 500.0 383.0 486.0 385.0 text 0
499.0 375.0 524.0 372.0 525.0 380.0 500.0 383.0 text 0
587.0 149.0 620.0 138.0 625.0 160.0 592.0 171.0 text 0
917.0 486.0 964.0 509.0 966.0 530.0 915.0 507.0 text 0
1104.0 509.0 1113.0 506.0 1113.0 526.0 1105.0 524.0 text 0
