173.0 227.0 198.0 234.0 202.0 248.0 177.0 241.0 text 0
372.0 393.0 440.0 409.0 441.0 447.0 383.0 431.0 text 0
36.0 151.0 63.0 157.0 67.0 174.0 40.0 168.0 text 0
68.0 159.0 167.0 181.0 171.0 198.0 72.0 176.0 text 0
173.0 182.0 191.0 186.0 193.0 204.0 175.0 200.0 text 0
88.0 130.0 166.0 147.0 171.0 173.0 93.0 156.0 text 0
69.0 182.0 169.0 206.0 174.0 221.0 73.0 197.0 text 0
97.0 208.0 168.0 226.0 170.0 240.0 100.0 222.0 text 0
39.0 120.0 78.0 128.0 85.0 155.0 45.0 147.0 text 0
581.0 448.0 610.0 458.0 604.0 478.0 575.0 468.0 text 0
647.0 466.0 674.0 474.0 668.0 495.0 640.0 487.0 text 0
731.0 482.0 757.0 490.0 753.0 502.0 726.0 494.0 text 0
759.0 491.0 789.0 501.0 786.0 512.0 756.0 503.0 text 0
554.0 557.0 600.0 570.0 600.0 582.0 554.0 569.0 text 0
868.0 616.0 953.0 638.0 947.0 651.0 862.0 629.0 text 0
863.0 643.0 951.0 668.0 944.0 680.0 855.0 655.0 text 0
994.0 674.0 1084.0 698.0 1076.0 710.0 987.0 686.0 text 0
64.0 201.0 92.0 208.0 95.0 222.0 67.0 215.0 text 0
607.0 467.0 619.0 472.0 616.0 481.0 604.0 477.0 text 0
843.0 512.0 895.0 523.0 891.0 538.0 839.0 526.0 text 0
869.0 547.0 894.0 554.0 893.0 562.0 867.0 556.0 text 0
557.0 412.0 586.0 420.0 582.0 427.0 553.0 419.0 text 0
795.0 373.0 846.0 390.0 843.0 397.0 791.0 380.0 text 0
787.0 376.0 850.0 397.0 846.0 406.0 783.0 385.0 text 0
335.0 15.0 353.0 0.0 378.0 2.0 343.0 29.0 text 0
347.0 30.0 380.0 1.0 395.0 4.0 356.0 36.0 text 0
349.0 46.0 401.0 1.0 406.0 4.0 354.0 50.0 text 0
626.0 575.0 707.0 596.0 707.0 607.0 626.0 586.0 text 0
627.0 587.0 693.0 604.0 691.0 616.0 624.0 598.0 text 0
85.0 227.0 155.0 243.0 155.0 251.0 88.0 236.0 text 0
157.0 244.0 171.0 247.0 173.0 256.0 158.0 254.0 text 0
174.0 248.0 201.0 254.0 202.0 263.0 176.0 257.0 text 0
1240.0 149.0 1276.0 156.0 1276.0 168.0 1232.0 159.0 text 0
1230.0 161.0 1276.0 169.0 1276.0 179.0 1221.0 169.0 text 0
817.0 601.0 864.0 614.0 860.0 627.0 813.0 614.0 text 0
