27.0 327.0 93.0 321.0 91.0 348.0 25.0 355.0 text 0
487.0 269.0 571.0 259.0 571.0 283.0 487.0 293.0 text 0
572.0 258.0 672.0 245.0 673.0 270.0 573.0 283.0 text 0
808.0 215.0 820.0 212.0 825.0 240.0 813.0 243.0 text 0
1251.0 158.0 1267.0 154.0 1272.0 180.0 1256.0 184.0 text 0
951.0 104.0 986.0 90.0 988.0 106.0 954.0 120.0 text 0
956.0 122.0 979.0 113.0 982.0 127.0 959.0 136.0 text 0
960.0 136.0 989.0 126.0 991.0 142.0 962.0 152.0 text 0
418.0 274.0 439.0 271.0 441.0 279.0 420.0 282.0 text 0
816.0 437.0 863.0 449.0 862.0 471.0 816.0 456.0 text 0
25.0 326.0 92.0 320.0 93.0 350.0 27.0 356.0 text 0
