24.0 463.0 72.0 467.0 69.0 499.0 21.0 494.0 text 0
685.0 42.0 756.0 30.0 757.0 53.0 686.0 65.0 text 0
544.0 43.0 610.0 34.0 610.0 54.0 544.0 64.0 text 0
305.0 154.0 436.0 145.0 435.0 185.0 304.0 194.0 text 0
295.0 191.0 429.0 187.0 430.0 229.0 296.0 234.0 text 0
312.0 135.0 423.0 127.0 426.0 145.0 315.0 152.0 text 0
449.0 27.0 479.0 23.0 479.0 41.0 449.0 46.0 text 0
226.0 84.0 263.0 78.0 264.0 100.0 227.0 106.0 text 0
143.0 150.0 173.0 144.0 174.0 162.0 143.0 167.0 text 0
168.0 200.0 195.0 199.0 195.0 219.0 168.0 220.0 text 0
27.0 501.0 70.0 506.0 68.0 521.0 26.0 516.0 text 0
