511.0 199.0 553.0 180.0 553.0 207.0 515.0 227.0 text 0
309.0 57.0 331.0 60.0 331.0 74.0 305.0 70.0 text 0
387.0 67.0 413.0 73.0 411.0 86.0 384.0 78.0 text 0
413.0 72.0 421.0 73.0 422.0 84.0 412.0 84.0 text 0
413.0 87.0 420.0 88.0 419.0 101.0 413.0 102.0 text 0
283.0 66.0 353.0 78.0 351.0 95.0 281.0 84.0 text 0
551.0 177.0 598.0 150.0 601.0 182.0 554.0 206.0 text 0
597.0 146.0 697.0 92.0 697.0 135.0 601.0 183.0 text 0
705.0 86.0 849.0 1.0 906.0 11.0 706.0 125.0 text 0
623.0 207.0 733.0 217.0 732.0 247.0 619.0 240.0 text 0
741.0 223.0 851.0 232.0 852.0 255.0 740.0 245.0 text 0
