253.0 372.0 277.0 367.0 279.0 386.0 255.0 396.0 text 0
262.0 69.0 309.0 66.0 310.0 92.0 263.0 95.0 text 0
524.0 138.0 611.0 134.0 612.0 153.0 527.0 160.0 text 0
528.0 160.0 563.0 158.0 562.0 178.0 529.0 178.0 text 0
561.0 156.0 612.0 155.0 612.0 172.0 562.0 178.0 text 0
521.0 112.0 541.0 113.0 541.0 139.0 522.0 138.0 text 0
543.0 113.0 609.0 107.0 611.0 132.0 543.0 139.0 text 0
516.0 229.0 574.0 221.0 575.0 250.0 517.0 258.0 text 0
236.0 280.0 303.0 274.0 307.0 320.0 240.0 339.0 text 0
266.0 98.0 310.0 98.0 313.0 117.0 269.0 117.0 text 0
316.0 85.0 328.0 84.0 328.0 111.0 316.0 112.0 text 0
330.0 92.0 342.0 90.0 342.0 109.0 330.0 111.0 text 0
330.0 114.0 344.0 114.0 349.0 147.0 335.0 147.0 text 0
196.0 200.0 209.0 201.0 212.0 254.0 197.0 253.0 text 0
310.0 354.0 335.0 345.0 337.0 364.0 312.0 373.0 text 0
596.0 224.0 644.0 216.0 646.0 241.0 598.0 249.0 text 0
261.0 397.0 307.0 383.0 304.0 396.0 258.0 410.0 text 0
