363.0 216.0 551.0 216.0 557.0 281.0 353.0 283.0 text 0
273.0 340.0 399.0 348.0 400.0 392.0 274.0 384.0 text 0
912.0 510.0 1060.0 513.0 1063.0 540.0 911.0 535.0 text 0
949.0 378.0 1009.0 382.0 1008.0 396.0 952.0 394.0 text 0
1008.0 382.0 1087.0 386.0 1080.0 406.0 1006.0 400.0 text 0
1080.0 387.0 1137.0 390.0 1134.0 409.0 1075.0 406.0 text 0
748.0 36.0 850.0 34.0 851.0 66.0 749.0 68.0 text 0
396.0 46.0 510.0 46.0 510.0 74.0 396.0 74.0 text 0
104.0 260.0 192.0 262.0 191.0 292.0 104.0 291.0 text 0
1154.0 517.0 1275.0 520.0 1276.0 544.0 1155.0 541.0 text 0
