2.0 455.0 70.0 433.0 89.0 476.0 2.0 506.0 text 0
196.0 666.0 231.0 683.0 206.0 713.0 145.0 718.0 text 0
47.0 609.0 80.0 590.0 97.0 619.0 65.0 646.0 text 0
90.0 591.0 150.0 556.0 163.0 595.0 106.0 632.0 text 0
48.0 671.0 180.0 585.0 199.0 619.0 63.0 702.0 text 0
63.0 716.0 165.0 644.0 181.0 672.0 138.0 718.0 text 0
2.0 700.0 52.0 670.0 63.0 699.0 49.0 718.0 text 0
289.0 643.0 371.0 608.0 380.0 635.0 300.0 671.0 text 0
305.0 665.0 382.0 631.0 395.0 651.0 323.0 680.0 text 0
298.0 686.0 364.0 660.0 380.0 675.0 312.0 707.0 text 0
1.0 643.0 54.0 613.0 59.0 644.0 6.0 675.0 text 0
487.0 57.0 546.0 43.0 550.0 59.0 492.0 74.0 text 0
318.0 489.0 384.0 465.0 387.0 502.0 321.0 526.0 text 0
