577
386
161
195
982
213
510
1054
401
432
674
328
188
1209
300
828
1125
91
1227
412
1277
305
503
190
466
507
819
850
807
754
1038
24
756
673
951
1204
1269
1237
498
341
610
1017
400
1141
95
431
550
137
333
53
849
969
751
659
1036
987
311
923
463
695
1261
58
903
612
384
668
61
495
734
769
941
1259
587
352
1087
233
241
1231
773
894
933
35
927
1295
683
1257
157
635
113
601
265
805
1267
1195
313
223
1041
450
848
908
318
317
98
853
1005
549
94
1020
491
1039
845
252
561
458
405
162
655
200
573
1223
170
527
1296
309
592
707
727
725
168
998
1144
502
738
171
289
614
391
566
288
971
1218
657
537
791
30
613
1059
726
343
859
794
1089
366
1268
316
245
1271
1034
101
718
1181
158
698
228
1082
622
647
694
456
1049
81
1173
75
568
1143
757
77
470
460
1031
487
763
1278
1270
370
256
530
939
582
57
1071
689
1103
1234
1074
314
1093
1252
815
235
397
414
1085
56
320
826
758
34
1060
750
658
672
238
76
1230
55
1079
619
774
2
1058
962
876
441
629
1098
1099
522
499
312
438
956
954
1124
523
654
1284
915
665
1116
928
918
1249
1244
388
667
1025
521
766
677
1053
722
586
901
1194
1290
533
534
1010
1066
974
808
607
189
3
379
519
279
111
715
242
23
885
626
1188
1213
870
471
128
1187
891
378
1205
691
504
1014
225
1008
864
37
186
765
1086
837
663
1145
579
192
272
1199
1152
1222
525
970
44
531
1094
911
129
1208
326
209
427
584
452
1135
73
248
1062
997
367
207
132
526
390
867
1157
291
710
1225
606
977
382
1019
882
1067
1262
784
1119
671
542
337
415
1186
1055
395
152
74
505
1140
163
705
387
989
1190
5
478
1078
136
177
355
1065
788
790
912
290
728
836
1033
793
1299
1109
546
834
560
631
364
342
1226
852
1156
459
1102
737
1003
1164
496
1068
426
905
273
87
263
275
250
138
1004
895
771
182
10
1201
304
1263
1128
1018
374
402
540
1287
299
125
104
482
893
80
198
430
389
814
638
419
220
408
122
571
45
164
778
906
407
978
575
286
18
816
922
336
1203
340
1032
48
1297
630
249
869
194
315
1155
1273
434
752
899
1182
685
615
512
1149
462
16
830
712
413
535
729
645
649
678
99
219
1165
377
439
183
1112
1006
555
1202
681
781
29
798
929
1279
266
222
909
365
1121
193
82
783
719
745
680
322
984
13
6
327
351
594
1050
8
639
873
829
902
1011
353
861
529
570
536
704
1180
562
180
1070
212
1023
827
953
825
806
239
211
1007
22
435
858
868
296
267
206
297
600
339
484
688
210
896
167
772
1105
1015
319
973
398
344
457
126
329
841
735
764
686
1265
604
433
795
102
820
547
324
959
67
979
565
59
422
511
1083
1248
109
285
1250
697
1172
1260
1072
557
276
651
1200
736
166
986
1158
983
1243
714
406
1167
767
904
964
112
269
1214
842
103
1292
935
17
330
107
650
21
27
1280
1258
811
670
1254
25
380
483
556
818
411
347
839
437
424
1045
141
360
662
1294
1051
229
202
201
298
723
361
284
648
417
83
900
602
961
1139
255
1241
581
787
958
890
653
539
271
528
907
558
42
843
148
268
996
69
1276
28
552
856
897
1224
216
1272
41
1247
385
4
1127
359
1191
283
1211
146
800
493
937
660
625
780
865
331
1096
591
264
7
608
1163
708
551
593
436
1298
947
461
494
332
71
36
139
831
50
840
191
874
159
559
733
538
47
588
446
473
732
1012
469
1266
477
1289
381
1178
789
308
130
611
105
131
1076
480
1189
706
295
63
199
1046
755
950
349
724
741
1232
54
1253
879
310
721
1184
1197
925
116
620
218
1291
810
748
1138
474
821
1162
90
563
782
455
11
46
281
931
1175
1148
217
110
926
966
1000
173
253
717
692
992
709
85
509
548
1077
957
346
1056
632
942
768
306
19
1095
760
1264
759
373
442
1251
464
187
910
553
178
394
196
621
803
89
730
940
690
703
237
179
518
78
1216
999
409
240
142
684
930
701
1131
643
1107
963
515
749
287
975
282
564
696
716
108
960
429
243
227
516
418
785
1151
145
1113
500
60
824
151
1022
175
134
981
955
114
257
914
988
468
948
965
847
520
1193
506
1110
472
1021
862
155
583
1064
980
817
1001
990
936
215
20
368
968
1166
354
1118
117
844
851
1210
846
32
1063
1229
453
823
863
753
743
1
454
79
362
214
205
1153
184
770
985
1242
609
1040
52
172
221
274
919
1286
123
358
140
1092
294
682
872
416
399
833
1179
254
1185
857
932
1146
1029
231
574
1215
1084
1255
15
1106
1150
1161
356
1221
702
251
603
792
325
945
1160
1228
64
799
921
802
508
1123
943
1256
1233
1030
640
153
1024
1016
270
334
393
86
444
877
1147
246
293
572
517
913
9
675
1220
796
115
181
866
693
420
1183
813
855
1169
545
371
1154
1246
375
345
383
357
580
350
1192
1196
154
1100
1217
644
1027
14
84
489
878
65
994
247
1239
121
1075
160
1069
1171
746
280
1236
687
143
150
946
1159
924
261
448
1108
119
544
1009
576
68
1126
260
1002
1042
1052
623
934
127
485
51
479
624
476
699
403
174
917
262
236
835
338
230
541
120
1212
100
88
1168
404
1132
543
1073
232
776
952
1028
26
1137
616
739
949
944
156
1283
176
292
889
224
277
501
492
118
96
1057
1115
761
467
532
410
147
1104
1122
1081
1120
278
1207
1176
62
259
40
303
676
169
1142
881
1275
762
165
97
590
106
133
809
589
711
1245
513
1130
938
423
898
777
449
124
871
578
972
585
661
628
39
1048
301
598
1111
12
804
307
203
976
618
569
208
967
244
363
135
1013
995
884
713
149
634
486
1170
488
720
1235
38
1219
892
1240
428
1044
731
475
679
554
443
465
93
72
786
323
425
637
812
33
234
396
641
1088
1285
875
1101
481
1129
1238
226
742
1293
744
445
1282
642
497
854
204
490
43
31
185
656
392
883
801
1080
1198
617
860
1061
524
335
421
595
599
666
369
1136
1117
321
920
66
348
669
447
664
775
888
1037
880
567
627
1281
747
838
916
652
92
646
596
700
993
1047
49
1206
258
514
197
1035
605
991
1090
1177
1174
633
1091
1133
1134
887
451
636
1043
144
440
372
822
597
1114
797
832
779
1274
1097
302
740
376
1026
1288
70
886