899.0 214.0 928.0 213.0 928.0 241.0 900.0 242.0 text 0
931.0 212.0 989.0 206.0 990.0 234.0 932.0 240.0 text 0
905.0 182.0 925.0 173.0 928.0 187.0 905.0 194.0 text 0
928.0 171.0 936.0 169.0 939.0 183.0 929.0 184.0 text 0
939.0 168.0 973.0 168.0 972.0 183.0 940.0 181.0 text 0
892.0 205.0 947.0 181.0 946.0 195.0 899.0 215.0 text 0
946.0 184.0 987.0 190.0 984.0 200.0 945.0 195.0 text 0
919.0 204.0 933.0 200.0 935.0 208.0 919.0 216.0 text 0
933.0 199.0 951.0 197.0 952.0 208.0 935.0 209.0 text 0
952.0 196.0 960.0 196.0 960.0 206.0 952.0 206.0 text 0
374.0 186.0 396.0 185.0 397.0 197.0 375.0 198.0 text 0
905.0 337.0 961.0 341.0 962.0 351.0 905.0 347.0 text 0
915.0 350.0 992.0 357.0 992.0 369.0 915.0 361.0 text 0
964.0 340.0 989.0 341.0 989.0 353.0 964.0 351.0 text 0
