499.0 377.0 536.0 373.0 536.0 415.0 499.0 419.0 text 0
323.0 363.0 385.0 365.0 382.0 386.0 321.0 384.0 text 0
451.0 362.0 493.0 360.0 493.0 378.0 451.0 380.0 text 0
456.0 448.0 521.0 439.0 522.0 457.0 457.0 465.0 text 0
525.0 442.0 571.0 436.0 571.0 451.0 525.0 456.0 text 0
452.0 383.0 499.0 378.0 503.0 441.0 456.0 446.0 text 0
328.0 396.0 389.0 386.0 392.0 400.0 331.0 410.0 text 0
599.0 557.0 630.0 552.0 631.0 565.0 600.0 570.0 text 0
267.0 489.0 312.0 499.0 311.0 515.0 265.0 505.0 text 0
274.0 510.0 301.0 517.0 302.0 534.0 275.0 528.0 text 0
263.0 525.0 314.0 538.0 314.0 560.0 263.0 547.0 text 0
56.0 142.0 180.0 113.0 180.0 134.0 56.0 163.0 text 0
274.0 130.0 319.0 124.0 320.0 144.0 275.0 149.0 text 0
274.0 151.0 317.0 146.0 320.0 161.0 276.0 167.0 text 0
274.0 170.0 314.0 163.0 316.0 183.0 276.0 190.0 text 0
575.0 322.0 611.0 319.0 611.0 327.0 575.0 329.0 text 0
325.0 167.0 376.0 158.0 375.0 169.0 324.0 179.0 text 0
326.0 177.0 372.0 171.0 372.0 183.0 326.0 189.0 text 0
324.0 193.0 367.0 185.0 367.0 199.0 323.0 207.0 text 0
320.0 559.0 350.0 568.0 347.0 582.0 317.0 572.0 text 0
319.0 574.0 360.0 585.0 359.0 602.0 318.0 592.0 text 0
459.0 515.0 522.0 506.0 522.0 518.0 460.0 527.0 text 0
458.0 556.0 509.0 548.0 509.0 555.0 458.0 563.0 text 0
457.0 562.0 584.0 542.0 584.0 550.0 457.0 571.0 text 0
