416.0 243.0 476.0 245.0 477.0 254.0 420.0 263.0 text 0
420.0 253.0 553.0 248.0 556.0 265.0 425.0 276.0 text 0
516.0 139.0 591.0 142.0 595.0 162.0 520.0 159.0 text 0
593.0 145.0 641.0 146.0 646.0 163.0 598.0 162.0 text 0
644.0 148.0 670.0 149.0 673.0 165.0 647.0 164.0 text 0
479.0 136.0 514.0 136.0 517.0 158.0 482.0 158.0 text 0
672.0 150.0 699.0 151.0 701.0 166.0 675.0 165.0 text 0
406.0 179.0 478.0 176.0 483.0 208.0 411.0 211.0 text 0
699.0 152.0 711.0 152.0 714.0 167.0 702.0 167.0 text 0
646.0 181.0 678.0 179.0 683.0 202.0 651.0 203.0 text 0
711.0 152.0 736.0 153.0 739.0 170.0 715.0 169.0 text 0
772.0 180.0 804.0 179.0 810.0 198.0 777.0 200.0 text 0
414.0 215.0 488.0 208.0 488.0 224.0 415.0 228.0 text 0
413.0 228.0 527.0 224.0 530.0 240.0 417.0 244.0 text 0
423.0 274.0 504.0 267.0 504.0 286.0 425.0 295.0 text 0
442.0 291.0 511.0 282.0 513.0 297.0 446.0 312.0 text 0
461.0 307.0 505.0 296.0 507.0 311.0 465.0 316.0 text 0
482.0 312.0 524.0 310.0 525.0 328.0 493.0 331.0 text 0
647.0 204.0 714.0 193.0 752.0 364.0 683.0 391.0 text 0
773.0 206.0 822.0 202.0 834.0 282.0 805.0 325.0 text 0
828.0 175.0 870.0 173.0 868.0 206.0 840.0 212.0 text 0
968.0 145.0 1035.0 155.0 1042.0 207.0 986.0 211.0 text 0
858.0 223.0 925.0 198.0 936.0 218.0 865.0 238.0 text 0
862.0 306.0 904.0 295.0 905.0 318.0 867.0 324.0 text 0
860.0 402.0 903.0 397.0 902.0 415.0 867.0 426.0 text 0
771.0 385.0 803.0 381.0 803.0 403.0 777.0 405.0 text 0
952.0 488.0 990.0 495.0 992.0 516.0 956.0 516.0 text 0
