5.0 336.0 75.0 327.0 78.0 354.0 8.0 362.0 text 0
383.0 295.0 445.0 285.0 446.0 314.0 383.0 325.0 text 0
716.0 244.0 738.0 232.0 743.0 259.0 720.0 270.0 text 0
758.0 256.0 798.0 248.0 798.0 270.0 758.0 278.0 text 0
763.0 282.0 830.0 273.0 833.0 296.0 767.0 305.0 text 0
768.0 306.0 853.0 297.0 856.0 320.0 771.0 329.0 text 0
773.0 336.0 840.0 322.0 844.0 349.0 777.0 363.0 text 0
831.0 270.0 855.0 267.0 860.0 291.0 836.0 295.0 text 0
250.0 300.0 275.0 297.0 275.0 309.0 250.0 312.0 text 0
276.0 298.0 297.0 295.0 297.0 306.0 277.0 309.0 text 0
617.0 260.0 641.0 257.0 641.0 268.0 617.0 270.0 text 0
642.0 259.0 674.0 256.0 674.0 264.0 642.0 267.0 text 0
940.0 228.0 961.0 225.0 961.0 232.0 940.0 235.0 text 0
960.0 223.0 989.0 220.0 990.0 229.0 961.0 232.0 text 0
923.0 489.0 955.0 483.0 962.0 507.0 929.0 513.0 text 0
656.0 348.0 684.0 345.0 684.0 352.0 656.0 355.0 text 0
658.0 356.0 684.0 353.0 684.0 360.0 658.0 363.0 text 0
974.0 308.0 999.0 305.0 1000.0 312.0 975.0 314.0 text 0
979.0 314.0 1000.0 313.0 1000.0 320.0 979.0 322.0 text 0
