820.0 330.0 907.0 339.0 904.0 359.0 818.0 350.0 text 0
1025.0 305.0 1073.0 309.0 1072.0 327.0 1023.0 323.0 text 0
771.0 108.0 927.0 102.0 928.0 158.0 772.0 164.0 text 0
776.0 349.0 794.0 352.0 792.0 366.0 774.0 363.0 text 0
794.0 349.0 871.0 360.0 871.0 377.0 794.0 366.0 text 0
742.0 65.0 866.0 54.0 868.0 105.0 744.0 116.0 text 0
875.0 361.0 920.0 368.0 919.0 384.0 874.0 377.0 text 0
602.0 154.0 621.0 150.0 620.0 227.0 599.0 222.0 text 0
788.0 288.0 828.0 291.0 828.0 308.0 789.0 304.0 text 0
831.0 289.0 882.0 296.0 883.0 312.0 832.0 306.0 text 0
968.0 301.0 1020.0 306.0 1022.0 325.0 970.0 321.0 text 0
763.0 325.0 819.0 328.0 817.0 349.0 761.0 345.0 text 0
909.0 341.0 963.0 347.0 958.0 364.0 903.0 358.0 text 0
963.0 342.0 1070.0 354.0 1066.0 377.0 959.0 365.0 text 0
1072.0 357.0 1137.0 364.0 1134.0 383.0 1069.0 376.0 text 0
922.0 368.0 947.0 372.0 944.0 388.0 920.0 384.0 text 0
950.0 368.0 967.0 370.0 963.0 391.0 947.0 389.0 text 0
966.0 373.0 1054.0 385.0 1050.0 404.0 962.0 392.0 text 0
1058.0 381.0 1115.0 390.0 1112.0 410.0 1054.0 402.0 text 0
314.0 25.0 369.0 27.0 368.0 55.0 313.0 53.0 text 0
343.0 53.0 385.0 55.0 385.0 69.0 344.0 66.0 text 0
310.0 51.0 408.0 57.0 406.0 93.0 308.0 88.0 text 0
620.0 201.0 636.0 207.0 635.0 233.0 619.0 227.0 text 0
340.0 84.0 406.0 89.0 406.0 100.0 340.0 95.0 text 0
596.0 114.0 634.0 109.0 636.0 143.0 598.0 148.0 text 0
620.0 157.0 633.0 154.0 633.0 192.0 621.0 192.0 text 0
328.0 215.0 351.0 214.0 351.0 222.0 328.0 223.0 text 0
352.0 212.0 364.0 212.0 363.0 221.0 351.0 221.0 text 0
363.0 213.0 378.0 212.0 378.0 219.0 363.0 221.0 text 0
315.0 225.0 333.0 223.0 333.0 231.0 315.0 232.0 text 0
335.0 221.0 357.0 221.0 357.0 230.0 335.0 231.0 text 0
355.0 223.0 388.0 222.0 389.0 229.0 355.0 229.0 text 0
330.0 232.0 345.0 232.0 345.0 240.0 330.0 240.0 text 0
344.0 232.0 365.0 230.0 365.0 239.0 344.0 241.0 text 0
363.0 233.0 381.0 230.0 382.0 237.0 363.0 239.0 text 0
609.0 235.0 635.0 243.0 635.0 259.0 611.0 249.0 text 0
611.0 251.0 635.0 263.0 635.0 273.0 610.0 261.0 text 0
336.0 241.0 359.0 239.0 359.0 245.0 336.0 247.0 text 0
361.0 237.0 376.0 237.0 376.0 246.0 361.0 245.0 text 0
322.0 249.0 387.0 245.0 387.0 249.0 322.0 254.0 text 0
331.0 252.0 382.0 249.0 383.0 255.0 331.0 258.0 text 0
321.0 263.0 351.0 261.0 351.0 271.0 322.0 272.0 text 0
351.0 261.0 357.0 261.0 358.0 269.0 352.0 269.0 text 0
358.0 260.0 387.0 258.0 388.0 265.0 359.0 267.0 text 0
327.0 272.0 347.0 271.0 348.0 279.0 329.0 280.0 text 0
347.0 270.0 357.0 269.0 359.0 278.0 349.0 279.0 text 0
357.0 271.0 369.0 271.0 369.0 277.0 357.0 278.0 text 0
369.0 269.0 383.0 268.0 383.0 274.0 369.0 275.0 text 0
343.0 279.0 389.0 277.0 389.0 295.0 343.0 297.0 text 0
764.0 308.0 791.0 308.0 791.0 320.0 764.0 319.0 text 0
790.0 308.0 854.0 315.0 854.0 328.0 790.0 321.0 text 0
854.0 313.0 908.0 316.0 910.0 335.0 856.0 332.0 text 0
935.0 323.0 972.0 325.0 972.0 338.0 935.0 336.0 text 0
973.0 322.0 1058.0 331.0 1058.0 345.0 973.0 336.0 text 0
1061.0 331.0 1118.0 337.0 1116.0 358.0 1059.0 352.0 text 0
766.0 373.0 824.0 381.0 822.0 394.0 765.0 386.0 text 0
826.0 383.0 868.0 389.0 866.0 401.0 824.0 395.0 text 0
866.0 389.0 892.0 392.0 889.0 407.0 863.0 404.0 text 0
893.0 391.0 924.0 395.0 920.0 410.0 890.0 407.0 text 0
925.0 396.0 988.0 404.0 985.0 419.0 922.0 410.0 text 0
991.0 404.0 1060.0 413.0 1058.0 430.0 989.0 421.0 text 0
1062.0 415.0 1090.0 418.0 1087.0 436.0 1059.0 432.0 text 0
1091.0 419.0 1131.0 423.0 1129.0 440.0 1089.0 437.0 text 0
875.0 409.0 908.0 414.0 905.0 430.0 872.0 426.0 text 0
907.0 419.0 926.0 422.0 923.0 432.0 905.0 429.0 text 0
927.0 423.0 949.0 425.0 945.0 436.0 922.0 433.0 text 0
950.0 423.0 988.0 429.0 982.0 443.0 945.0 437.0 text 0
986.0 428.0 1038.0 436.0 1033.0 453.0 982.0 446.0 text 0
1042.0 438.0 1089.0 444.0 1085.0 460.0 1038.0 453.0 text 0
1089.0 444.0 1139.0 452.0 1135.0 469.0 1085.0 461.0 text 0
943.0 444.0 963.0 449.0 960.0 461.0 940.0 457.0 text 0
964.0 449.0 1019.0 460.0 1017.0 471.0 962.0 460.0 text 0
1024.0 457.0 1069.0 467.0 1065.0 478.0 1019.0 469.0 text 0
916.0 455.0 925.0 457.0 925.0 470.0 915.0 468.0 text 0
928.0 457.0 1020.0 475.0 1019.0 488.0 928.0 470.0 text 0
1022.0 474.0 1060.0 482.0 1058.0 497.0 1020.0 488.0 text 0
1062.0 482.0 1145.0 494.0 1143.0 511.0 1061.0 499.0 text 0
921.0 467.0 1001.0 487.0 998.0 507.0 918.0 487.0 text 0
1000.0 490.0 1075.0 503.0 1074.0 520.0 998.0 507.0 text 0
1077.0 505.0 1144.0 517.0 1144.0 533.0 1077.0 522.0 text 0
