691.0 187.0 720.0 185.0 721.0 196.0 692.0 199.0 text 0
677.0 191.0 691.0 189.0 692.0 200.0 678.0 202.0 text 0
682.0 175.0 703.0 172.0 708.0 182.0 687.0 185.0 text 0
704.0 171.0 733.0 166.0 736.0 177.0 707.0 182.0 text 0
666.0 195.0 674.0 192.0 676.0 205.0 668.0 207.0 text 0
672.0 177.0 686.0 175.0 687.0 185.0 673.0 187.0 text 0
656.0 179.0 666.0 177.0 671.0 188.0 661.0 190.0 text 0
719.0 182.0 736.0 181.0 738.0 192.0 721.0 193.0 text 0
668.0 208.0 680.0 207.0 683.0 219.0 672.0 220.0 text 0
683.0 205.0 697.0 204.0 699.0 216.0 685.0 217.0 text 0
697.0 201.0 735.0 196.0 737.0 209.0 699.0 214.0 text 0
736.0 194.0 773.0 187.0 774.0 200.0 737.0 206.0 text 0
