983.0 261.0 1040.0 247.0 1044.0 267.0 987.0 281.0 text 0
1038.0 247.0 1093.0 235.0 1098.0 254.0 1044.0 266.0 text 0
957.0 171.0 1032.0 151.0 1035.0 170.0 961.0 190.0 text 0
1032.0 148.0 1067.0 140.0 1071.0 158.0 1035.0 167.0 text 0
964.0 203.0 995.0 195.0 1002.0 211.0 971.0 218.0 text 0
363.0 44.0 401.0 48.0 403.0 78.0 365.0 74.0 text 0
995.0 192.0 1065.0 174.0 1074.0 193.0 1004.0 211.0 text 0
281.0 40.0 356.0 44.0 360.0 75.0 284.0 71.0 text 0
972.0 232.0 1021.0 220.0 1027.0 240.0 978.0 252.0 text 0
1023.0 220.0 1057.0 212.0 1062.0 231.0 1027.0 238.0 text 0
1060.0 212.0 1087.0 205.0 1092.0 221.0 1064.0 227.0 text 0
1021.0 287.0 1070.0 276.0 1076.0 295.0 1027.0 306.0 text 0
865.0 265.0 881.0 263.0 881.0 274.0 865.0 276.0 text 0
879.0 261.0 927.0 251.0 929.0 262.0 881.0 272.0 text 0
867.0 278.0 945.0 263.0 945.0 274.0 867.0 290.0 text 0
527.0 505.0 545.0 500.0 549.0 509.0 531.0 515.0 text 0
520.0 520.0 553.0 509.0 556.0 522.0 523.0 533.0 text 0
284.0 416.0 306.0 414.0 308.0 431.0 286.0 433.0 text 0
305.0 410.0 328.0 407.0 333.0 427.0 310.0 430.0 text 0
288.0 434.0 312.0 432.0 313.0 448.0 290.0 451.0 text 0
312.0 430.0 336.0 427.0 336.0 444.0 312.0 446.0 text 0
