737.0 150.0 765.0 152.0 765.0 164.0 737.0 162.0 text 0
604.0 139.0 685.0 144.0 684.0 158.0 603.0 153.0 text 0
1152.0 538.0 1210.0 543.0 1212.0 561.0 1154.0 556.0 text 0
1212.0 542.0 1241.0 543.0 1241.0 560.0 1212.0 558.0 text 0
1242.0 541.0 1277.0 543.0 1278.0 563.0 1243.0 561.0 text 0
247.0 381.0 317.0 386.0 316.0 405.0 246.0 400.0 text 0
1156.0 561.0 1279.0 565.0 1279.0 587.0 1156.0 583.0 text 0
158.0 376.0 246.0 382.0 246.0 398.0 158.0 393.0 text 0
1060.0 168.0 1179.0 176.0 1178.0 188.0 1060.0 180.0 text 0
1066.0 196.0 1167.0 202.0 1168.0 220.0 1067.0 214.0 text 0
498.0 93.0 550.0 96.0 550.0 110.0 498.0 107.0 text 0
551.0 96.0 600.0 99.0 601.0 113.0 552.0 110.0 text 0
601.0 100.0 649.0 103.0 649.0 117.0 601.0 113.0 text 0
650.0 103.0 676.0 104.0 675.0 119.0 650.0 117.0 text 0
678.0 106.0 719.0 109.0 718.0 122.0 677.0 119.0 text 0
745.0 110.0 781.0 113.0 780.0 126.0 745.0 123.0 text 0
782.0 111.0 828.0 115.0 829.0 129.0 782.0 125.0 text 0
829.0 115.0 843.0 116.0 843.0 130.0 829.0 128.0 text 0
845.0 115.0 879.0 118.0 879.0 132.0 845.0 129.0 text 0
881.0 118.0 893.0 119.0 893.0 134.0 881.0 133.0 text 0
894.0 120.0 920.0 121.0 921.0 135.0 895.0 134.0 text 0
923.0 122.0 937.0 122.0 936.0 135.0 922.0 135.0 text 0
937.0 122.0 987.0 125.0 987.0 139.0 937.0 136.0 text 0
499.0 111.0 547.0 115.0 547.0 130.0 499.0 125.0 text 0
549.0 115.0 590.0 119.0 589.0 133.0 548.0 130.0 text 0
592.0 120.0 616.0 121.0 615.0 134.0 591.0 133.0 text 0
617.0 120.0 660.0 123.0 660.0 137.0 618.0 135.0 text 0
660.0 125.0 675.0 124.0 676.0 136.0 661.0 137.0 text 0
677.0 123.0 714.0 126.0 714.0 141.0 677.0 138.0 text 0
753.0 128.0 805.0 132.0 804.0 147.0 752.0 144.0 text 0
806.0 132.0 861.0 136.0 861.0 150.0 806.0 147.0 text 0
863.0 135.0 895.0 136.0 895.0 152.0 863.0 151.0 text 0
897.0 138.0 934.0 141.0 933.0 156.0 895.0 153.0 text 0
935.0 140.0 957.0 142.0 956.0 157.0 935.0 155.0 text 0
959.0 144.0 1018.0 149.0 1017.0 162.0 958.0 157.0 text 0
499.0 131.0 559.0 136.0 559.0 150.0 499.0 146.0 text 0
559.0 138.0 603.0 140.0 603.0 152.0 559.0 150.0 text 0
686.0 144.0 703.0 146.0 702.0 160.0 685.0 158.0 text 0
765.0 150.0 781.0 152.0 780.0 164.0 765.0 163.0 text 0
782.0 150.0 799.0 152.0 799.0 165.0 781.0 164.0 text 0
801.0 154.0 811.0 154.0 808.0 166.0 799.0 166.0 text 0
811.0 153.0 840.0 154.0 840.0 168.0 811.0 167.0 text 0
842.0 154.0 879.0 157.0 877.0 171.0 840.0 168.0 text 0
881.0 158.0 895.0 160.0 893.0 172.0 879.0 170.0 text 0
895.0 158.0 923.0 160.0 921.0 174.0 893.0 172.0 text 0
924.0 160.0 934.0 161.0 934.0 174.0 923.0 173.0 text 0
932.0 162.0 975.0 164.0 977.0 176.0 934.0 174.0 text 0
500.0 150.0 558.0 153.0 556.0 169.0 498.0 165.0 text 0
557.0 154.0 603.0 156.0 603.0 172.0 557.0 169.0 text 0
603.0 161.0 621.0 161.0 622.0 173.0 604.0 173.0 text 0
624.0 160.0 645.0 161.0 644.0 175.0 623.0 174.0 text 0
647.0 161.0 668.0 163.0 668.0 176.0 647.0 174.0 text 0
670.0 164.0 685.0 164.0 685.0 177.0 669.0 177.0 text 0
685.0 164.0 700.0 166.0 701.0 178.0 686.0 177.0 text 0
742.0 168.0 786.0 170.0 787.0 184.0 743.0 182.0 text 0
788.0 171.0 804.0 171.0 805.0 185.0 790.0 184.0 text 0
805.0 171.0 836.0 173.0 835.0 187.0 804.0 185.0 text 0
838.0 175.0 871.0 178.0 870.0 190.0 837.0 187.0 text 0
872.0 177.0 901.0 178.0 901.0 191.0 872.0 190.0 text 0
903.0 178.0 938.0 180.0 936.0 193.0 902.0 192.0 text 0
936.0 180.0 995.0 184.0 996.0 197.0 937.0 193.0 text 0
499.0 171.0 531.0 173.0 531.0 186.0 498.0 184.0 text 0
532.0 172.0 547.0 172.0 547.0 186.0 532.0 186.0 text 0
546.0 175.0 576.0 177.0 576.0 188.0 547.0 186.0 text 0
578.0 176.0 599.0 177.0 598.0 190.0 577.0 188.0 text 0
600.0 177.0 636.0 180.0 636.0 194.0 600.0 191.0 text 0
636.0 181.0 685.0 184.0 685.0 197.0 636.0 194.0 text 0
688.0 185.0 701.0 185.0 699.0 197.0 686.0 197.0 text 0
731.0 188.0 762.0 190.0 762.0 200.0 731.0 198.0 text 0
763.0 188.0 806.0 191.0 806.0 203.0 763.0 200.0 text 0
810.0 191.0 850.0 193.0 849.0 206.0 808.0 204.0 text 0
851.0 193.0 873.0 194.0 874.0 208.0 851.0 207.0 text 0
873.0 195.0 902.0 197.0 903.0 209.0 874.0 207.0 text 0
904.0 196.0 942.0 198.0 942.0 212.0 904.0 209.0 text 0
