139.0 364.0 152.0 363.0 152.0 372.0 140.0 372.0 text 0
153.0 362.0 172.0 362.0 172.0 371.0 153.0 371.0 text 0
150.0 340.0 165.0 340.0 165.0 359.0 150.0 359.0 text 0
167.0 336.0 220.0 333.0 221.0 355.0 168.0 358.0 text 0
267.0 299.0 294.0 299.0 294.0 310.0 267.0 310.0 text 0
101.0 342.0 148.0 341.0 147.0 360.0 100.0 361.0 text 0
42.0 369.0 67.0 368.0 67.0 378.0 43.0 380.0 text 0
40.0 346.0 98.0 342.0 99.0 364.0 40.0 368.0 text 0
67.0 368.0 77.0 369.0 77.0 377.0 67.0 377.0 text 0
78.0 369.0 98.0 368.0 98.0 376.0 78.0 377.0 text 0
99.0 365.0 139.0 363.0 138.0 374.0 98.0 376.0 text 0
173.0 360.0 190.0 360.0 190.0 370.0 172.0 370.0 text 0
192.0 359.0 222.0 358.0 221.0 368.0 191.0 369.0 text 0
236.0 447.0 301.0 442.0 300.0 454.0 235.0 459.0 text 0
775.0 373.0 811.0 370.0 811.0 379.0 775.0 382.0 text 0
761.0 367.0 781.0 365.0 781.0 373.0 761.0 374.0 text 0
783.0 364.0 819.0 361.0 820.0 369.0 783.0 372.0 text 0
827.0 305.0 845.0 306.0 846.0 315.0 829.0 315.0 text 0
847.0 305.0 865.0 305.0 865.0 314.0 847.0 314.0 text 0
865.0 304.0 896.0 302.0 897.0 311.0 865.0 312.0 text 0
896.0 301.0 914.0 301.0 914.0 310.0 897.0 310.0 text 0
