458.0 290.0 502.0 288.0 502.0 298.0 458.0 300.0 text 0
460.0 302.0 482.0 300.0 482.0 317.0 460.0 319.0 text 0
424.0 103.0 499.0 121.0 501.0 158.0 426.0 140.0 text 0
435.0 151.0 450.0 153.0 449.0 169.0 434.0 167.0 text 0
452.0 153.0 472.0 156.0 471.0 171.0 452.0 168.0 text 0
420.0 71.0 490.0 93.0 492.0 120.0 422.0 98.0 text 0
478.0 159.0 484.0 160.0 485.0 173.0 478.0 171.0 text 0
428.0 58.0 485.0 77.0 484.0 90.0 427.0 71.0 text 0
485.0 162.0 504.0 165.0 505.0 178.0 486.0 175.0 text 0
484.0 300.0 503.0 300.0 502.0 317.0 483.0 317.0 text 0
724.0 377.0 769.0 371.0 770.0 384.0 724.0 390.0 text 0
769.0 369.0 806.0 365.0 809.0 377.0 771.0 382.0 text 0
400.0 289.0 441.0 280.0 443.0 298.0 402.0 307.0 text 0
368.0 301.0 396.0 295.0 397.0 309.0 369.0 315.0 text 0
1046.0 199.0 1078.0 194.0 1078.0 206.0 1046.0 211.0 text 0
1084.0 190.0 1121.0 183.0 1121.0 196.0 1084.0 203.0 text 0
1126.0 180.0 1145.0 175.0 1144.0 188.0 1125.0 193.0 text 0
1147.0 176.0 1177.0 171.0 1178.0 182.0 1148.0 187.0 text 0
