736.0 362.0 743.0 362.0 743.0 370.0 735.0 370.0 text 0
714.0 364.0 728.0 364.0 727.0 370.0 714.0 371.0 text 0
728.0 376.0 753.0 376.0 753.0 385.0 728.0 385.0 text 0
682.0 343.0 722.0 343.0 721.0 351.0 680.0 352.0 text 0
712.0 439.0 758.0 437.0 758.0 451.0 712.0 453.0 text 0
707.0 378.0 722.0 378.0 722.0 387.0 708.0 387.0 text 0
683.0 357.0 696.0 357.0 695.0 365.0 682.0 364.0 text 0
412.0 300.0 446.0 302.0 443.0 339.0 409.0 336.0 text 0
697.0 357.0 721.0 357.0 721.0 364.0 697.0 364.0 text 0
723.0 355.0 754.0 355.0 754.0 363.0 723.0 363.0 text 0
680.0 365.0 714.0 364.0 713.0 373.0 680.0 373.0 text 0
728.0 363.0 735.0 363.0 735.0 369.0 728.0 369.0 text 0
744.0 362.0 757.0 362.0 757.0 369.0 744.0 368.0 text 0
692.0 379.0 706.0 379.0 705.0 387.0 692.0 387.0 text 0
727.0 513.0 764.0 510.0 764.0 516.0 727.0 519.0 text 0
723.0 526.0 730.0 525.0 730.0 529.0 723.0 530.0 text 0
743.0 521.0 772.0 519.0 773.0 526.0 743.0 528.0 text 0
762.0 527.0 773.0 527.0 773.0 532.0 762.0 532.0 text 0
723.0 530.0 738.0 529.0 738.0 536.0 723.0 537.0 text 0
724.0 540.0 737.0 540.0 738.0 549.0 725.0 549.0 text 0
747.0 539.0 775.0 537.0 775.0 543.0 747.0 545.0 text 0
405.0 232.0 438.0 233.0 442.0 267.0 410.0 266.0 text 0
