391.0 73.0 404.0 73.0 404.0 92.0 391.0 92.0 text 0
429.0 71.0 458.0 71.0 458.0 91.0 429.0 91.0 text 0
491.0 37.0 504.0 37.0 504.0 56.0 491.0 56.0 text 0
377.0 101.0 404.0 101.0 404.0 120.0 377.0 120.0 text 0
463.0 99.0 547.0 99.0 547.0 120.0 463.0 120.0 text 0
422.0 39.0 487.0 37.0 486.0 57.0 421.0 59.0 text 0
358.0 75.0 364.0 75.0 364.0 92.0 358.0 92.0 text 0
372.0 41.0 414.0 40.0 414.0 59.0 371.0 60.0 text 0
464.0 71.0 477.0 71.0 477.0 90.0 464.0 90.0 text 0
410.0 99.0 437.0 100.0 437.0 120.0 409.0 119.0 text 0
438.0 98.0 457.0 98.0 457.0 112.0 438.0 112.0 text 0
504.0 70.0 519.0 70.0 519.0 89.0 504.0 89.0 text 0
480.0 67.0 497.0 68.0 497.0 81.0 480.0 80.0 text 0
406.0 70.0 425.0 70.0 425.0 83.0 406.0 83.0 text 0
365.0 71.0 381.0 71.0 381.0 84.0 365.0 84.0 text 0
329.0 102.0 355.0 102.0 355.0 122.0 329.0 122.0 text 0
355.0 100.0 371.0 100.0 371.0 113.0 355.0 113.0 text 0
