663.0 312.0 711.0 306.0 714.0 319.0 666.0 325.0 text 0
982.0 194.0 1061.0 183.0 1063.0 204.0 984.0 215.0 text 0
805.0 472.0 826.0 472.0 825.0 481.0 804.0 481.0 text 0
825.0 473.0 837.0 472.0 837.0 478.0 825.0 479.0 text 0
837.0 472.0 867.0 470.0 867.0 477.0 838.0 479.0 text 0
549.0 419.0 623.0 409.0 624.0 445.0 550.0 455.0 text 0
866.0 468.0 885.0 468.0 886.0 477.0 867.0 477.0 text 0
756.0 152.0 794.0 145.0 796.0 161.0 758.0 168.0 text 0
885.0 464.0 909.0 465.0 908.0 475.0 885.0 474.0 text 0
650.0 254.0 712.0 244.0 715.0 263.0 653.0 274.0 text 0
627.0 278.0 741.0 260.0 744.0 279.0 630.0 297.0 text 0
804.0 225.0 879.0 214.0 884.0 232.0 809.0 243.0 text 0
782.0 247.0 911.0 229.0 916.0 251.0 787.0 269.0 text 0
951.0 222.0 1096.0 202.0 1100.0 221.0 956.0 242.0 text 0
827.0 286.0 878.0 279.0 880.0 292.0 829.0 299.0 text 0
1001.0 261.0 1060.0 254.0 1061.0 268.0 1003.0 274.0 text 0
648.0 394.0 693.0 389.0 694.0 399.0 649.0 404.0 text 0
699.0 387.0 765.0 379.0 765.0 390.0 700.0 397.0 text 0
806.0 372.0 860.0 366.0 861.0 377.0 807.0 384.0 text 0
864.0 365.0 940.0 357.0 942.0 368.0 866.0 377.0 text 0
975.0 349.0 1034.0 345.0 1036.0 357.0 977.0 362.0 text 0
1040.0 344.0 1124.0 336.0 1126.0 348.0 1042.0 356.0 text 0
103.0 689.0 117.0 689.0 117.0 696.0 103.0 696.0 text 0
117.0 690.0 136.0 689.0 136.0 696.0 117.0 696.0 text 0
104.0 699.0 121.0 699.0 120.0 707.0 103.0 707.0 text 0
120.0 698.0 138.0 698.0 138.0 706.0 121.0 706.0 text 0
