212.0 88.0 247.0 90.0 251.0 131.0 215.0 130.0 text 0
263.0 91.0 347.0 90.0 346.0 130.0 262.0 131.0 text 0
201.0 139.0 211.0 139.0 211.0 156.0 201.0 156.0 text 0
214.0 139.0 252.0 139.0 251.0 155.0 212.0 155.0 text 0
253.0 137.0 270.0 137.0 271.0 153.0 254.0 154.0 text 0
272.0 138.0 298.0 137.0 298.0 153.0 272.0 153.0 text 0
297.0 135.0 339.0 134.0 340.0 153.0 298.0 153.0 text 0
131.0 355.0 179.0 348.0 179.0 363.0 132.0 368.0 text 0
181.0 347.0 217.0 345.0 218.0 360.0 183.0 362.0 text 0
220.0 346.0 249.0 343.0 248.0 356.0 219.0 358.0 text 0
250.0 342.0 280.0 340.0 280.0 352.0 250.0 355.0 text 0
