502.0 6.0 568.0 9.0 567.0 33.0 501.0 30.0 text 0
663.0 298.0 722.0 285.0 733.0 321.0 675.0 333.0 text 0
495.0 62.0 567.0 69.0 568.0 95.0 496.0 88.0 text 0
455.0 128.0 605.0 124.0 605.0 136.0 455.0 140.0 text 0
466.0 140.0 606.0 136.0 607.0 148.0 467.0 152.0 text 0
2.0 421.0 99.0 399.0 98.0 451.0 1.0 473.0 text 0
49.0 355.0 89.0 329.0 99.0 343.0 59.0 368.0 text 0
1.0 354.0 46.0 345.0 48.0 363.0 3.0 373.0 text 0
450.0 125.0 605.0 123.0 611.0 148.0 463.0 154.0 text 0
490.0 163.0 595.0 158.0 602.0 171.0 496.0 176.0 text 0
462.0 207.0 635.0 191.0 644.0 210.0 471.0 227.0 text 0
