1142.0 283.0 1167.0 282.0 1169.0 292.0 1144.0 293.0 text 0
0.0 373.0 30.0 373.0 30.0 385.0 0.0 385.0 text 0
528.0 445.0 545.0 443.0 546.0 455.0 530.0 458.0 text 0
1119.0 230.0 1148.0 228.0 1156.0 253.0 1127.0 255.0 text 0
1157.0 330.0 1197.0 326.0 1199.0 338.0 1159.0 342.0 text 0
491.0 467.0 534.0 460.0 534.0 472.0 492.0 478.0 text 0
42.0 443.0 171.0 435.0 171.0 465.0 42.0 472.0 text 0
1145.0 294.0 1170.0 293.0 1171.0 303.0 1146.0 303.0 text 0
1162.0 311.0 1176.0 310.0 1178.0 319.0 1164.0 320.0 text 0
533.0 459.0 559.0 456.0 560.0 467.0 534.0 471.0 text 0
2.0 385.0 51.0 384.0 50.0 397.0 1.0 398.0 text 0
1.0 397.0 49.0 396.0 48.0 411.0 1.0 411.0 text 0
