165.0 604.0 262.0 600.0 260.0 620.0 164.0 624.0 text 0
166.0 582.0 207.0 582.0 207.0 600.0 166.0 600.0 text 0
173.0 518.0 202.0 518.0 201.0 535.0 172.0 535.0 text 0
205.0 517.0 251.0 517.0 249.0 534.0 203.0 534.0 text 0
256.0 515.0 358.0 514.0 357.0 533.0 255.0 533.0 text 0
225.0 479.0 324.0 481.0 325.0 496.0 226.0 494.0 text 0
170.0 540.0 247.0 537.0 246.0 556.0 169.0 559.0 text 0
176.0 482.0 227.0 482.0 226.0 495.0 175.0 495.0 text 0
249.0 537.0 304.0 536.0 305.0 554.0 250.0 555.0 text 0
168.0 561.0 253.0 560.0 252.0 577.0 167.0 578.0 text 0
257.0 558.0 313.0 556.0 312.0 573.0 256.0 575.0 text 0
315.0 556.0 348.0 555.0 347.0 574.0 315.0 575.0 text 0
211.0 580.0 284.0 578.0 284.0 596.0 211.0 598.0 text 0
266.0 601.0 294.0 600.0 291.0 618.0 264.0 619.0 text 0
295.0 600.0 339.0 598.0 340.0 616.0 296.0 617.0 text 0
162.0 627.0 228.0 624.0 226.0 643.0 160.0 645.0 text 0
232.0 623.0 289.0 622.0 286.0 641.0 230.0 642.0 text 0
162.0 650.0 209.0 647.0 208.0 665.0 161.0 667.0 text 0
160.0 672.0 188.0 671.0 187.0 689.0 158.0 691.0 text 0
193.0 668.0 236.0 667.0 236.0 686.0 193.0 687.0 text 0
237.0 666.0 296.0 663.0 296.0 683.0 237.0 685.0 text 0
298.0 663.0 342.0 662.0 342.0 681.0 298.0 683.0 text 0
156.0 695.0 216.0 691.0 215.0 711.0 155.0 715.0 text 0
217.0 690.0 279.0 686.0 280.0 705.0 218.0 708.0 text 0
