470.0 240.0 562.0 242.0 560.0 272.0 468.0 270.0 text 0
484.0 263.0 539.0 264.0 539.0 280.0 484.0 279.0 text 0
486.0 289.0 543.0 290.0 542.0 304.0 485.0 303.0 text 0
888.0 76.0 942.0 75.0 941.0 87.0 887.0 88.0 text 0
943.0 71.0 978.0 72.0 977.0 88.0 943.0 87.0 text 0
978.0 73.0 1017.0 71.0 1017.0 85.0 978.0 87.0 text 0
90.0 87.0 112.0 87.0 112.0 100.0 89.0 100.0 text 0
93.0 103.0 112.0 103.0 113.0 115.0 94.0 115.0 text 0
96.0 120.0 113.0 121.0 114.0 131.0 97.0 130.0 text 0
99.0 132.0 113.0 133.0 112.0 145.0 98.0 145.0 text 0
