804.0 268.0 837.0 270.0 837.0 334.0 805.0 332.0 text 0
785.0 479.0 861.0 483.0 861.0 497.0 785.0 493.0 text 0
776.0 499.0 796.0 501.0 796.0 510.0 776.0 509.0 text 0
774.0 515.0 785.0 516.0 785.0 526.0 774.0 525.0 text 0
810.0 501.0 871.0 503.0 870.0 514.0 809.0 512.0 text 0
822.0 517.0 871.0 518.0 871.0 530.0 822.0 528.0 text 0
774.0 527.0 803.0 528.0 803.0 542.0 773.0 541.0 text 0
833.0 533.0 850.0 534.0 850.0 543.0 833.0 543.0 text 0
854.0 533.0 871.0 533.0 871.0 544.0 854.0 543.0 text 0
789.0 546.0 856.0 548.0 855.0 558.0 787.0 556.0 text 0
