47.0 232.0 92.0 231.0 92.0 243.0 47.0 244.0 text 0
22.0 213.0 68.0 214.0 67.0 230.0 21.0 230.0 text 0
277.0 211.0 407.0 208.0 407.0 240.0 277.0 243.0 text 0
409.0 209.0 549.0 205.0 551.0 236.0 411.0 240.0 text 0
564.0 171.0 600.0 135.0 605.0 184.0 569.0 221.0 text 0
597.0 129.0 631.0 95.0 638.0 152.0 604.0 185.0 text 0
914.0 137.0 943.0 129.0 946.0 151.0 918.0 160.0 text 0
951.0 101.0 977.0 91.0 981.0 118.0 956.0 128.0 text 0
1074.0 122.0 1108.0 112.0 1113.0 139.0 1080.0 149.0 text 0
567.0 238.0 656.0 189.0 658.0 219.0 570.0 268.0 text 0
566.0 271.0 660.0 220.0 661.0 239.0 569.0 282.0 text 0
1122.0 104.0 1211.0 71.0 1218.0 88.0 1126.0 118.0 text 0
1119.0 83.0 1162.0 64.0 1166.0 75.0 1123.0 94.0 text 0
1112.0 58.0 1162.0 38.0 1165.0 47.0 1115.0 67.0 text 0
1105.0 36.0 1164.0 8.0 1165.0 15.0 1107.0 44.0 text 0
1099.0 11.0 1124.0 0.0 1144.0 1.0 1104.0 20.0 text 0
172.0 228.0 242.0 227.0 242.0 240.0 172.0 241.0 text 0
