688.0 198.0 701.0 199.0 701.0 212.0 687.0 211.0 text 0
702.0 194.0 725.0 195.0 725.0 209.0 701.0 208.0 text 0
648.0 237.0 664.0 236.0 665.0 248.0 650.0 250.0 text 0
664.0 236.0 678.0 236.0 679.0 250.0 665.0 250.0 text 0
678.0 231.0 708.0 228.0 708.0 241.0 678.0 244.0 text 0
674.0 280.0 726.0 270.0 726.0 281.0 674.0 291.0 text 0
648.0 200.0 655.0 200.0 654.0 214.0 648.0 215.0 text 0
673.0 260.0 730.0 249.0 731.0 269.0 673.0 280.0 text 0
654.0 199.0 688.0 198.0 687.0 214.0 653.0 215.0 text 0
725.0 193.0 736.0 193.0 736.0 206.0 725.0 206.0 text 0
647.0 221.0 682.0 216.0 683.0 227.0 648.0 233.0 text 0
682.0 214.0 701.0 212.0 701.0 226.0 683.0 228.0 text 0
700.0 211.0 727.0 208.0 726.0 222.0 700.0 225.0 text 0
725.0 209.0 752.0 206.0 753.0 220.0 726.0 222.0 text 0
643.0 599.0 680.0 579.0 681.0 589.0 645.0 609.0 text 0
518.0 211.0 534.0 210.0 534.0 231.0 518.0 232.0 text 0
