1214.0 277.0 1253.0 279.0 1252.0 291.0 1213.0 289.0 text 0
1255.0 276.0 1269.0 278.0 1268.0 292.0 1254.0 290.0 text 0
1201.0 288.0 1279.0 292.0 1278.0 307.0 1200.0 302.0 text 0
768.0 266.0 804.0 266.0 801.0 285.0 766.0 285.0 text 0
805.0 267.0 855.0 268.0 852.0 285.0 802.0 284.0 text 0
856.0 266.0 928.0 269.0 925.0 289.0 853.0 286.0 text 0
1164.0 497.0 1224.0 504.0 1221.0 518.0 1162.0 511.0 text 0
1223.0 502.0 1266.0 510.0 1264.0 524.0 1220.0 516.0 text 0
1161.0 511.0 1226.0 522.0 1224.0 535.0 1159.0 524.0 text 0
1227.0 520.0 1266.0 526.0 1262.0 540.0 1223.0 533.0 text 0
615.0 267.0 634.0 266.0 633.0 274.0 615.0 275.0 text 0
633.0 267.0 641.0 267.0 640.0 275.0 633.0 275.0 text 0
609.0 273.0 646.0 275.0 646.0 283.0 609.0 282.0 text 0
