474.0 126.0 502.0 126.0 502.0 132.0 474.0 132.0 text 0
754.0 422.0 802.0 476.0 794.0 523.0 746.0 469.0 text 0
299.0 112.0 316.0 112.0 317.0 135.0 299.0 135.0 text 0
337.0 105.0 415.0 105.0 418.0 125.0 339.0 125.0 text 0
417.0 108.0 431.0 107.0 430.0 123.0 416.0 123.0 text 0
240.0 110.0 299.0 108.0 301.0 136.0 242.0 138.0 text 0
458.0 101.0 515.0 101.0 517.0 127.0 461.0 127.0 text 0
135.0 114.0 195.0 110.0 196.0 139.0 136.0 142.0 text 0
412.0 86.0 434.0 85.0 433.0 100.0 412.0 101.0 text 0
334.0 86.0 401.0 86.0 400.0 102.0 333.0 102.0 text 0
847.0 421.0 902.0 474.0 907.0 633.0 852.0 580.0 text 0
478.0 133.0 501.0 132.0 501.0 138.0 478.0 139.0 text 0
363.0 127.0 406.0 127.0 406.0 135.0 363.0 135.0 text 0
373.0 134.0 400.0 134.0 400.0 142.0 373.0 142.0 text 0
257.0 136.0 301.0 134.0 303.0 141.0 258.0 141.0 text 0
268.0 140.0 294.0 140.0 294.0 147.0 268.0 147.0 text 0
135.0 141.0 196.0 137.0 197.0 144.0 136.0 148.0 text 0
149.0 146.0 180.0 144.0 181.0 151.0 149.0 153.0 text 0
920.0 486.0 997.0 526.0 1000.0 716.0 925.0 652.0 text 0
1000.0 534.0 1240.0 674.0 1244.0 715.0 1005.0 718.0 text 0
822.0 43.0 1274.0 4.0 1276.0 575.0 841.0 397.0 text 0
