2.0 240.0 127.0 240.0 126.0 261.0 1.0 261.0 text 0
0.0 264.0 81.0 267.0 81.0 287.0 0.0 284.0 text 0
1083.0 181.0 1153.0 176.0 1155.0 198.0 1085.0 203.0 text 0
1095.0 199.0 1164.0 198.0 1165.0 214.0 1096.0 214.0 text 0
1106.0 216.0 1164.0 211.0 1167.0 238.0 1108.0 244.0 text 0
1081.0 105.0 1242.0 109.0 1244.0 154.0 1083.0 150.0 text 0
1163.0 211.0 1222.0 203.0 1225.0 230.0 1166.0 237.0 text 0
1012.0 105.0 1083.0 105.0 1082.0 150.0 1011.0 150.0 text 0
185.0 218.0 250.0 220.0 246.0 239.0 181.0 237.0 text 0
182.0 244.0 245.0 246.0 243.0 266.0 180.0 264.0 text 0
176.0 268.0 242.0 271.0 241.0 293.0 175.0 289.0 text 0
172.0 296.0 241.0 299.0 238.0 319.0 170.0 316.0 text 0
169.0 325.0 234.0 325.0 232.0 344.0 167.0 344.0 text 0
164.0 351.0 232.0 353.0 230.0 376.0 161.0 374.0 text 0
162.0 378.0 228.0 382.0 225.0 403.0 159.0 399.0 text 0
144.0 521.0 211.0 524.0 207.0 548.0 140.0 545.0 text 0
135.0 551.0 206.0 554.0 204.0 579.0 133.0 576.0 text 0
133.0 578.0 205.0 582.0 200.0 613.0 129.0 609.0 text 0
161.0 408.0 225.0 410.0 223.0 431.0 159.0 429.0 text 0
152.0 436.0 222.0 436.0 220.0 458.0 150.0 458.0 text 0
1.0 213.0 172.0 215.0 172.0 237.0 1.0 235.0 text 0
1.0 290.0 96.0 292.0 95.0 316.0 0.0 314.0 text 0
1.0 321.0 55.0 321.0 54.0 342.0 0.0 342.0 text 0
1.0 346.0 74.0 348.0 74.0 372.0 1.0 370.0 text 0
5.0 372.0 137.0 376.0 133.0 400.0 1.0 395.0 text 0
2.0 401.0 54.0 401.0 52.0 426.0 0.0 426.0 text 0
1.0 428.0 77.0 430.0 77.0 456.0 1.0 455.0 text 0
0.0 577.0 41.0 578.0 42.0 610.0 1.0 608.0 text 0
571.0 25.0 594.0 104.0 590.0 165.0 566.0 86.0 text 0
0.0 188.0 84.0 190.0 84.0 211.0 0.0 210.0 text 0
791.0 312.0 830.0 295.0 831.0 327.0 793.0 344.0 text 0
870.0 252.0 908.0 231.0 909.0 259.0 871.0 281.0 text 0
879.0 273.0 900.0 262.0 901.0 289.0 879.0 300.0 text 0
0.0 490.0 30.0 489.0 31.0 517.0 0.0 518.0 text 0
465.0 333.0 500.0 331.0 499.0 353.0 465.0 353.0 text 0
1162.0 193.0 1203.0 193.0 1207.0 210.0 1162.0 211.0 text 0
537.0 2.0 568.0 6.0 560.0 63.0 560.0 63.0 text 0
1250.0 174.0 1273.0 179.0 1279.0 213.0 1253.0 215.0 text 0
3.0 133.0 80.0 138.0 82.0 178.0 2.0 175.0 text 0
850.0 269.0 869.0 257.0 870.0 299.0 850.0 313.0 text 0
372.0 305.0 429.0 306.0 426.0 328.0 374.0 328.0 text 0
