495.0 126.0 553.0 118.0 555.0 139.0 497.0 146.0 text 0
459.0 131.0 495.0 127.0 496.0 145.0 460.0 149.0 text 0
500.0 5.0 530.0 0.0 533.0 15.0 504.0 20.0 text 0
437.0 34.0 523.0 22.0 525.0 51.0 439.0 62.0 text 0
431.0 136.0 459.0 132.0 460.0 151.0 431.0 154.0 text 0
447.0 12.0 501.0 6.0 502.0 20.0 448.0 26.0 text 0
425.0 15.0 446.0 12.0 448.0 26.0 427.0 29.0 text 0
460.0 153.0 498.0 148.0 499.0 166.0 460.0 171.0 text 0
499.0 150.0 527.0 147.0 527.0 163.0 499.0 166.0 text 0
446.0 180.0 491.0 173.0 493.0 193.0 448.0 200.0 text 0
497.0 172.0 548.0 167.0 547.0 187.0 496.0 192.0 text 0
453.0 202.0 546.0 190.0 548.0 211.0 454.0 222.0 text 0
