988.0 75.0 1013.0 77.0 1012.0 83.0 986.0 81.0 text 0
555.0 322.0 600.0 324.0 599.0 339.0 554.0 337.0 text 0
343.0 416.0 402.0 423.0 400.0 440.0 341.0 433.0 text 0
518.0 301.0 557.0 303.0 555.0 322.0 515.0 320.0 text 0
561.0 302.0 633.0 306.0 631.0 326.0 559.0 322.0 text 0
280.0 409.0 344.0 415.0 341.0 432.0 278.0 426.0 text 0
516.0 319.0 541.0 321.0 540.0 335.0 514.0 333.0 text 0
798.0 459.0 838.0 463.0 837.0 472.0 797.0 467.0 text 0
544.0 323.0 556.0 323.0 554.0 335.0 543.0 335.0 text 0
758.0 208.0 798.0 210.0 795.0 224.0 756.0 222.0 text 0
806.0 209.0 858.0 213.0 857.0 227.0 805.0 224.0 text 0
870.0 213.0 892.0 214.0 891.0 229.0 869.0 227.0 text 0
900.0 213.0 963.0 216.0 962.0 230.0 899.0 228.0 text 0
64.0 418.0 129.0 429.0 128.0 440.0 63.0 429.0 text 0
64.0 428.0 129.0 438.0 127.0 449.0 62.0 439.0 text 0
50.0 436.0 141.0 451.0 138.0 462.0 47.0 447.0 text 0
1240.0 226.0 1279.0 228.0 1278.0 246.0 1238.0 244.0 text 0
67.0 454.0 123.0 462.0 122.0 472.0 66.0 464.0 text 0
73.0 475.0 114.0 480.0 112.0 489.0 71.0 484.0 text 0
64.0 489.0 127.0 498.0 124.0 507.0 61.0 499.0 text 0
596.0 439.0 624.0 439.0 622.0 449.0 594.0 449.0 text 0
986.0 216.0 1173.0 228.0 1173.0 240.0 989.0 230.0 text 0
835.0 145.0 861.0 145.0 861.0 150.0 835.0 150.0 text 0
862.0 175.0 885.0 175.0 885.0 181.0 862.0 181.0 text 0
891.0 144.0 916.0 145.0 916.0 152.0 891.0 151.0 text 0
915.0 175.0 941.0 176.0 940.0 184.0 914.0 184.0 text 0
945.0 176.0 968.0 177.0 968.0 183.0 945.0 181.0 text 0
946.0 181.0 966.0 181.0 966.0 188.0 945.0 189.0 text 0
973.0 177.0 997.0 178.0 997.0 184.0 973.0 184.0 text 0
977.0 184.0 991.0 184.0 990.0 190.0 976.0 190.0 text 0
924.0 138.0 956.0 139.0 955.0 147.0 923.0 146.0 text 0
919.0 124.0 958.0 124.0 957.0 132.0 917.0 132.0 text 0
919.0 107.0 960.0 109.0 960.0 114.0 919.0 113.0 text 0
601.0 325.0 632.0 327.0 631.0 341.0 599.0 339.0 text 0
1006.0 108.0 1029.0 109.0 1029.0 117.0 1006.0 117.0 text 0
1034.0 77.0 1063.0 77.0 1062.0 85.0 1033.0 84.0 text 0
1047.0 109.0 1083.0 111.0 1082.0 119.0 1046.0 117.0 text 0
1080.0 78.0 1113.0 77.0 1113.0 85.0 1080.0 85.0 text 0
1094.0 112.0 1131.0 112.0 1131.0 120.0 1094.0 120.0 text 0
1133.0 78.0 1156.0 79.0 1156.0 86.0 1133.0 85.0 text 0
1171.0 79.0 1214.0 81.0 1214.0 88.0 1171.0 87.0 text 0
1150.0 112.0 1173.0 113.0 1173.0 120.0 1150.0 118.0 text 0
1010.0 149.0 1035.0 150.0 1035.0 155.0 1009.0 155.0 text 0
1032.0 180.0 1051.0 180.0 1050.0 188.0 1031.0 188.0 text 0
1058.0 148.0 1093.0 150.0 1093.0 157.0 1058.0 155.0 text 0
1119.0 152.0 1154.0 152.0 1154.0 159.0 1119.0 160.0 text 0
1190.0 149.0 1208.0 150.0 1206.0 155.0 1189.0 154.0 text 0
1187.0 154.0 1207.0 155.0 1206.0 161.0 1186.0 160.0 text 0
1216.0 149.0 1240.0 150.0 1239.0 157.0 1216.0 155.0 text 0
1192.0 113.0 1226.0 115.0 1226.0 121.0 1191.0 119.0 text 0
1230.0 80.0 1256.0 82.0 1256.0 89.0 1230.0 88.0 text 0
1244.0 116.0 1273.0 117.0 1272.0 123.0 1243.0 122.0 text 0
1218.0 154.0 1234.0 154.0 1234.0 161.0 1217.0 161.0 text 0
1243.0 150.0 1273.0 150.0 1273.0 159.0 1244.0 158.0 text 0
1246.0 155.0 1267.0 155.0 1267.0 164.0 1246.0 164.0 text 0
1078.0 180.0 1122.0 181.0 1123.0 189.0 1079.0 188.0 text 0
1148.0 184.0 1172.0 184.0 1171.0 190.0 1147.0 190.0 text 0
1201.0 206.0 1223.0 207.0 1223.0 213.0 1201.0 211.0 text 0
1197.0 211.0 1228.0 213.0 1226.0 220.0 1195.0 218.0 text 0
1233.0 208.0 1255.0 209.0 1253.0 215.0 1231.0 214.0 text 0
1235.0 214.0 1249.0 215.0 1247.0 219.0 1233.0 218.0 text 0
1217.0 627.0 1261.0 633.0 1261.0 649.0 1216.0 643.0 text 0
208.0 369.0 254.0 374.0 252.0 395.0 206.0 390.0 text 0
862.0 355.0 899.0 359.0 898.0 370.0 862.0 366.0 text 0
900.0 357.0 929.0 359.0 928.0 371.0 898.0 369.0 text 0
929.0 359.0 950.0 361.0 948.0 375.0 928.0 372.0 text 0
