217.0 315.0 283.0 300.0 294.0 343.0 228.0 358.0 text 0
175.0 386.0 209.0 378.0 212.0 393.0 178.0 401.0 text 0
597.0 392.0 678.0 356.0 684.0 401.0 604.0 436.0 text 0
695.0 368.0 742.0 350.0 745.0 371.0 698.0 393.0 text 0
701.0 397.0 773.0 367.0 777.0 386.0 706.0 422.0 text 0
212.0 378.0 267.0 365.0 269.0 378.0 214.0 391.0 text 0
268.0 364.0 311.0 354.0 313.0 367.0 271.0 377.0 text 0
314.0 353.0 335.0 348.0 337.0 361.0 316.0 365.0 text 0
608.0 443.0 644.0 425.0 645.0 438.0 609.0 455.0 text 0
644.0 426.0 681.0 410.0 682.0 419.0 646.0 436.0 text 0
611.0 457.0 621.0 453.0 623.0 466.0 612.0 471.0 text 0
622.0 454.0 663.0 434.0 665.0 447.0 624.0 467.0 text 0
163.0 214.0 246.0 205.0 246.0 219.0 166.0 228.0 text 0
187.0 228.0 268.0 217.0 267.0 226.0 189.0 236.0 text 0
968.0 190.0 1001.0 181.0 1002.0 202.0 968.0 210.0 text 0
954.0 139.0 974.0 136.0 973.0 154.0 957.0 157.0 text 0
946.0 162.0 985.0 155.0 986.0 179.0 949.0 185.0 text 0
943.0 194.0 966.0 191.0 965.0 208.0 946.0 209.0 text 0
977.0 212.0 992.0 209.0 993.0 230.0 979.0 233.0 text 0
993.0 207.0 1003.0 204.0 1003.0 225.0 994.0 230.0 text 0
