563.0 404.0 602.0 417.0 599.0 443.0 561.0 429.0 text 0
296.0 70.0 324.0 67.0 325.0 85.0 296.0 89.0 text 0
708.0 235.0 804.0 235.0 805.0 264.0 709.0 264.0 text 0
837.0 279.0 868.0 281.0 869.0 313.0 838.0 310.0 text 0
871.0 276.0 917.0 284.0 915.0 319.0 870.0 312.0 text 0
891.0 184.0 987.0 178.0 987.0 219.0 891.0 224.0 text 0
723.0 297.0 770.0 296.0 772.0 323.0 725.0 324.0 text 0
714.0 177.0 874.0 173.0 876.0 225.0 716.0 229.0 text 0
795.0 332.0 898.0 330.0 899.0 380.0 796.0 382.0 text 0
900.0 367.0 913.0 365.0 918.0 387.0 905.0 390.0 text 0
907.0 351.0 974.0 345.0 981.0 387.0 914.0 393.0 text 0
701.0 407.0 767.0 394.0 776.0 437.0 710.0 450.0 text 0
709.0 443.0 779.0 461.0 776.0 490.0 706.0 473.0 text 0
797.0 467.0 822.0 469.0 823.0 490.0 797.0 488.0 text 0
853.0 407.0 887.0 418.0 884.0 446.0 850.0 435.0 text 0
890.0 408.0 939.0 415.0 940.0 444.0 891.0 437.0 text 0
850.0 440.0 893.0 447.0 892.0 471.0 849.0 463.0 text 0
896.0 445.0 941.0 457.0 934.0 486.0 889.0 474.0 text 0
846.0 468.0 898.0 479.0 898.0 507.0 846.0 496.0 text 0
897.0 477.0 945.0 490.0 944.0 524.0 897.0 510.0 text 0
592.0 214.0 617.0 204.0 621.0 217.0 597.0 227.0 text 0
458.0 182.0 527.0 169.0 532.0 193.0 463.0 206.0 text 0
571.0 221.0 591.0 215.0 595.0 229.0 575.0 235.0 text 0
569.0 241.0 603.0 227.0 607.0 242.0 572.0 256.0 text 0
560.0 274.0 588.0 274.0 588.0 288.0 560.0 288.0 text 0
560.0 288.0 601.0 292.0 601.0 308.0 559.0 305.0 text 0
606.0 222.0 645.0 205.0 645.0 225.0 607.0 241.0 text 0
564.0 255.0 588.0 258.0 587.0 273.0 563.0 270.0 text 0
558.0 305.0 587.0 306.0 586.0 322.0 557.0 321.0 text 0
616.0 269.0 639.0 270.0 638.0 287.0 615.0 286.0 text 0
613.0 312.0 634.0 312.0 633.0 326.0 612.0 325.0 text 0
589.0 461.0 603.0 461.0 601.0 491.0 587.0 491.0 text 0
600.0 465.0 614.0 466.0 613.0 479.0 599.0 479.0 text 0
286.0 138.0 319.0 137.0 317.0 156.0 284.0 156.0 text 0
439.0 394.0 460.0 399.0 460.0 416.0 439.0 411.0 text 0
462.0 398.0 483.0 402.0 481.0 420.0 459.0 415.0 text 0
437.0 413.0 455.0 416.0 454.0 430.0 436.0 427.0 text 0
455.0 415.0 472.0 419.0 471.0 435.0 454.0 431.0 text 0
473.0 418.0 491.0 422.0 489.0 439.0 471.0 435.0 text 0
437.0 428.0 454.0 433.0 453.0 449.0 436.0 445.0 text 0
462.0 435.0 477.0 437.0 473.0 453.0 458.0 451.0 text 0
474.0 436.0 493.0 440.0 491.0 457.0 472.0 453.0 text 0
219.0 138.0 261.0 139.0 261.0 158.0 218.0 157.0 text 0
208.0 207.0 255.0 206.0 256.0 227.0 209.0 229.0 text 0
469.0 209.0 497.0 211.0 493.0 227.0 466.0 225.0 text 0
463.0 227.0 482.0 230.0 481.0 242.0 462.0 239.0 text 0
460.0 239.0 491.0 242.0 489.0 258.0 459.0 255.0 text 0
461.0 265.0 485.0 266.0 485.0 282.0 461.0 281.0 text 0
457.0 281.0 471.0 282.0 471.0 296.0 457.0 295.0 text 0
453.0 295.0 482.0 300.0 482.0 317.0 453.0 312.0 text 0
453.0 322.0 483.0 327.0 483.0 345.0 453.0 340.0 text 0
446.0 345.0 467.0 348.0 466.0 361.0 444.0 358.0 text 0
446.0 362.0 492.0 368.0 489.0 386.0 443.0 379.0 text 0
510.0 212.0 529.0 214.0 529.0 226.0 509.0 224.0 text 0
510.0 227.0 530.0 230.0 528.0 245.0 508.0 242.0 text 0
507.0 243.0 525.0 247.0 526.0 260.0 507.0 256.0 text 0
503.0 270.0 522.0 272.0 520.0 285.0 501.0 283.0 text 0
502.0 287.0 519.0 288.0 517.0 301.0 499.0 300.0 text 0
499.0 303.0 519.0 304.0 517.0 317.0 496.0 315.0 text 0
497.0 330.0 514.0 332.0 512.0 345.0 496.0 342.0 text 0
518.0 331.0 535.0 333.0 533.0 349.0 516.0 346.0 text 0
494.0 350.0 512.0 353.0 509.0 368.0 492.0 365.0 text 0
513.0 354.0 534.0 356.0 533.0 370.0 513.0 368.0 text 0
510.0 374.0 533.0 376.0 530.0 392.0 507.0 390.0 text 0
495.0 375.0 506.0 376.0 505.0 382.0 494.0 382.0 text 0
502.0 421.0 519.0 421.0 520.0 436.0 502.0 437.0 text 0
