308.0 363.0 354.0 342.0 361.0 368.0 315.0 389.0 text 0
352.0 344.0 379.0 337.0 385.0 360.0 358.0 367.0 text 0
379.0 336.0 401.0 328.0 404.0 348.0 382.0 356.0 text 0
398.0 326.0 436.0 312.0 442.0 334.0 403.0 349.0 text 0
317.0 390.0 388.0 356.0 390.0 369.0 320.0 403.0 text 0
293.0 485.0 368.0 444.0 380.0 483.0 304.0 524.0 text 0
374.0 444.0 462.0 388.0 468.0 422.0 381.0 478.0 text 0
303.0 531.0 348.0 501.0 355.0 541.0 309.0 571.0 text 0
348.0 500.0 442.0 441.0 452.0 474.0 358.0 533.0 text 0
247.0 391.0 307.0 366.0 314.0 399.0 255.0 423.0 text 0
