943.0 317.0 1160.0 349.0 1160.0 384.0 943.0 351.0 text 0
865.0 341.0 1276.0 409.0 1276.0 501.0 861.0 410.0 text 0
594.0 215.0 610.0 214.0 610.0 228.0 594.0 229.0 text 0
612.0 214.0 643.0 210.0 643.0 224.0 611.0 228.0 text 0
564.0 262.0 587.0 261.0 586.0 288.0 563.0 288.0 text 0
549.0 218.0 594.0 215.0 594.0 230.0 549.0 233.0 text 0
593.0 262.0 655.0 266.0 655.0 296.0 593.0 292.0 text 0
404.0 215.0 425.0 213.0 425.0 238.0 404.0 239.0 text 0
654.0 263.0 672.0 263.0 671.0 282.0 653.0 283.0 text 0
579.0 288.0 731.0 303.0 731.0 330.0 578.0 315.0 text 0
572.0 313.0 659.0 324.0 659.0 351.0 571.0 339.0 text 0
661.0 323.0 733.0 332.0 734.0 354.0 661.0 345.0 text 0
661.0 344.0 746.0 356.0 746.0 380.0 661.0 368.0 text 0
592.0 387.0 629.0 395.0 628.0 407.0 592.0 399.0 text 0
628.0 396.0 643.0 399.0 642.0 410.0 628.0 407.0 text 0
643.0 398.0 683.0 406.0 684.0 419.0 644.0 412.0 text 0
654.0 468.0 685.0 477.0 684.0 493.0 654.0 484.0 text 0
684.0 478.0 752.0 496.0 752.0 511.0 684.0 493.0 text 0
650.0 481.0 692.0 494.0 692.0 511.0 650.0 497.0 text 0
649.0 498.0 751.0 529.0 751.0 544.0 650.0 514.0 text 0
649.0 526.0 720.0 549.0 722.0 566.0 650.0 544.0 text 0
651.0 550.0 739.0 580.0 740.0 595.0 652.0 565.0 text 0
648.0 513.0 696.0 527.0 698.0 543.0 649.0 528.0 text 0
1034.0 259.0 1078.0 263.0 1076.0 291.0 1032.0 287.0 text 0
1074.0 262.0 1204.0 273.0 1206.0 301.0 1076.0 291.0 text 0
930.0 251.0 1027.0 260.0 1026.0 285.0 930.0 276.0 text 0
963.0 284.0 1161.0 307.0 1160.0 324.0 962.0 302.0 text 0
860.0 407.0 1074.0 458.0 1075.0 496.0 861.0 445.0 text 0
1081.0 456.0 1276.0 505.0 1274.0 545.0 1079.0 496.0 text 0
1013.0 502.0 1067.0 519.0 1062.0 539.0 1007.0 522.0 text 0
945.0 617.0 1120.0 690.0 1110.0 718.0 935.0 645.0 text 0
854.0 634.0 920.0 664.0 912.0 693.0 845.0 663.0 text 0
576.0 523.0 616.0 537.0 616.0 548.0 576.0 534.0 text 0
568.0 533.0 618.0 551.0 620.0 562.0 569.0 544.0 text 0
566.0 543.0 623.0 563.0 623.0 576.0 566.0 556.0 text 0
966.0 190.0 980.0 190.0 980.0 206.0 967.0 206.0 text 0
1089.0 180.0 1107.0 181.0 1107.0 197.0 1088.0 197.0 text 0
1219.0 199.0 1240.0 200.0 1240.0 216.0 1218.0 215.0 text 0
1247.0 172.0 1276.0 172.0 1277.0 208.0 1248.0 208.0 text 0
923.0 669.0 980.0 694.0 971.0 718.0 914.0 693.0 text 0
364.0 475.0 419.0 454.0 428.0 472.0 373.0 493.0 text 0
783.0 112.0 817.0 111.0 816.0 119.0 782.0 120.0 text 0
826.0 111.0 850.0 112.0 849.0 121.0 825.0 120.0 text 0
1055.0 190.0 1091.0 191.0 1090.0 198.0 1055.0 198.0 text 0
648.0 565.0 781.0 612.0 767.0 689.0 633.0 642.0 text 0
1123.0 186.0 1150.0 189.0 1154.0 198.0 1124.0 195.0 text 0
1163.0 183.0 1189.0 183.0 1186.0 191.0 1160.0 191.0 text 0
617.0 86.0 651.0 88.0 649.0 96.0 615.0 94.0 text 0
53.0 263.0 133.0 260.0 132.0 284.0 52.0 287.0 text 0
303.0 243.0 343.0 215.0 361.0 245.0 325.0 272.0 text 0
44.0 181.0 125.0 183.0 124.0 193.0 43.0 191.0 text 0
987.0 192.0 1022.0 195.0 1022.0 215.0 986.0 211.0 text 0
904.0 193.0 930.0 192.0 930.0 213.0 904.0 214.0 text 0
