118.0 92.0 259.0 80.0 261.0 124.0 120.0 136.0 text 0
314.0 31.0 401.0 28.0 404.0 98.0 318.0 101.0 text 0
739.0 64.0 761.0 63.0 759.0 82.0 737.0 82.0 text 0
510.0 58.0 522.0 62.0 522.0 88.0 510.0 84.0 text 0
510.0 228.0 560.0 222.0 561.0 237.0 511.0 243.0 text 0
510.0 243.0 561.0 237.0 563.0 249.0 512.0 255.0 text 0
483.0 209.0 532.0 211.0 532.0 225.0 483.0 224.0 text 0
347.0 258.0 403.0 259.0 403.0 273.0 347.0 272.0 text 0
359.0 222.0 398.0 223.0 399.0 237.0 360.0 236.0 text 0
329.0 193.0 362.0 191.0 363.0 206.0 329.0 208.0 text 0
