1007.0 51.0 1110.0 58.0 1103.0 86.0 1001.0 79.0 text 0
573.0 194.0 633.0 209.0 618.0 267.0 558.0 251.0 text 0
806.0 273.0 896.0 287.0 890.0 315.0 800.0 301.0 text 0
1137.0 330.0 1189.0 337.0 1186.0 354.0 1135.0 347.0 text 0
1221.0 345.0 1263.0 351.0 1261.0 365.0 1219.0 359.0 text 0
619.0 246.0 727.0 263.0 721.0 292.0 613.0 275.0 text 0
1101.0 230.0 1236.0 219.0 1238.0 239.0 1103.0 250.0 text 0
1100.0 125.0 1111.0 126.0 1105.0 145.0 1093.0 144.0 text 0
839.0 38.0 939.0 45.0 934.0 66.0 835.0 59.0 text 0
758.0 36.0 794.0 37.0 790.0 59.0 755.0 58.0 text 0
895.0 64.0 934.0 65.0 932.0 74.0 893.0 72.0 text 0
1023.0 77.0 1076.0 81.0 1076.0 89.0 1023.0 84.0 text 0
908.0 106.0 921.0 106.0 918.0 119.0 906.0 119.0 text 0
417.0 148.0 443.0 153.0 442.0 162.0 416.0 157.0 text 0
