845.0 218.0 931.0 216.0 931.0 226.0 845.0 228.0 text 0
885.0 270.0 897.0 270.0 896.0 297.0 884.0 297.0 text 0
818.0 161.0 881.0 162.0 880.0 178.0 818.0 177.0 text 0
881.0 162.0 905.0 162.0 904.0 179.0 880.0 178.0 text 0
905.0 162.0 957.0 162.0 955.0 177.0 904.0 177.0 text 0
769.0 51.0 843.0 53.0 844.0 71.0 769.0 71.0 text 0
809.0 268.0 828.0 268.0 827.0 305.0 808.0 304.0 text 0
692.0 47.0 764.0 48.0 765.0 69.0 694.0 66.0 text 0
876.0 271.0 886.0 271.0 885.0 296.0 875.0 296.0 text 0
922.0 268.0 946.0 268.0 946.0 296.0 922.0 296.0 text 0
367.0 606.0 485.0 586.0 496.0 640.0 379.0 660.0 text 0
350.0 472.0 426.0 458.0 433.0 488.0 356.0 502.0 text 0
331.0 381.0 401.0 377.0 403.0 400.0 333.0 405.0 text 0
341.0 305.0 389.0 300.0 390.0 315.0 343.0 319.0 text 0
8.0 165.0 22.0 164.0 25.0 205.0 11.0 207.0 text 0
289.0 34.0 315.0 34.0 315.0 49.0 289.0 49.0 text 0
75.0 21.0 93.0 22.0 94.0 36.0 76.0 35.0 text 0
442.0 115.0 498.0 116.0 497.0 122.0 442.0 121.0 text 0
