650.0 500.0 668.0 503.0 664.0 534.0 646.0 531.0 text 0
665.0 120.0 761.0 123.0 760.0 136.0 664.0 133.0 text 0
985.0 570.0 1068.0 590.0 1066.0 608.0 983.0 588.0 text 0
1074.0 591.0 1129.0 603.0 1124.0 622.0 1069.0 611.0 text 0
692.0 78.0 715.0 79.0 712.0 110.0 689.0 109.0 text 0
1111.0 307.0 1218.0 320.0 1213.0 341.0 1106.0 329.0 text 0
671.0 288.0 691.0 289.0 688.0 318.0 668.0 317.0 text 0
1014.0 268.0 1153.0 282.0 1150.0 317.0 1011.0 304.0 text 0
675.0 133.0 751.0 135.0 751.0 147.0 674.0 145.0 text 0
645.0 319.0 718.0 330.0 718.0 341.0 645.0 330.0 text 0
650.0 329.0 706.0 339.0 705.0 352.0 649.0 341.0 text 0
654.0 344.0 698.0 351.0 695.0 364.0 651.0 356.0 text 0
623.0 530.0 693.0 546.0 693.0 560.0 622.0 544.0 text 0
622.0 541.0 719.0 566.0 717.0 580.0 620.0 554.0 text 0
633.0 559.0 708.0 577.0 705.0 590.0 631.0 572.0 text 0
