534.0 645.0 584.0 622.0 590.0 641.0 541.0 664.0 text 0
471.0 641.0 626.0 569.0 630.0 598.0 482.0 671.0 text 0
682.0 154.0 745.0 151.0 745.0 173.0 683.0 175.0 text 0
850.0 151.0 894.0 150.0 895.0 167.0 851.0 167.0 text 0
1187.0 326.0 1277.0 296.0 1279.0 336.0 1200.0 360.0 text 0
1112.0 123.0 1147.0 118.0 1149.0 135.0 1115.0 140.0 text 0
403.0 240.0 416.0 238.0 418.0 253.0 404.0 254.0 text 0
406.0 255.0 423.0 255.0 424.0 265.0 408.0 265.0 text 0
781.0 211.0 805.0 209.0 806.0 220.0 782.0 222.0 text 0
784.0 225.0 808.0 224.0 808.0 236.0 784.0 237.0 text 0
786.0 240.0 807.0 240.0 808.0 251.0 787.0 252.0 text 0
