712.0 270.0 765.0 267.0 765.0 307.0 712.0 310.0 text 0
802.0 405.0 841.0 405.0 842.0 434.0 803.0 434.0 text 0
107.0 10.0 210.0 3.0 213.0 36.0 110.0 44.0 text 0
713.0 410.0 769.0 409.0 769.0 435.0 713.0 436.0 text 0
770.0 407.0 802.0 407.0 801.0 436.0 769.0 436.0 text 0
18.0 17.0 106.0 8.0 106.0 43.0 19.0 52.0 text 0
531.0 295.0 564.0 295.0 564.0 314.0 530.0 314.0 text 0
766.0 266.0 797.0 265.0 797.0 307.0 766.0 308.0 text 0
797.0 264.0 835.0 263.0 834.0 308.0 796.0 309.0 text 0
712.0 343.0 766.0 343.0 766.0 385.0 712.0 386.0 text 0
765.0 342.0 801.0 342.0 801.0 385.0 766.0 384.0 text 0
800.0 340.0 837.0 340.0 838.0 385.0 800.0 385.0 text 0
