608.0 299.0 657.0 300.0 656.0 314.0 607.0 313.0 text 0
361.0 398.0 409.0 392.0 409.0 405.0 361.0 411.0 text 0
625.0 34.0 674.0 45.0 672.0 61.0 624.0 50.0 text 0
638.0 52.0 675.0 60.0 671.0 74.0 634.0 67.0 text 0
620.0 80.0 678.0 90.0 673.0 124.0 616.0 114.0 text 0
626.0 17.0 675.0 29.0 673.0 47.0 624.0 34.0 text 0
436.0 2.0 578.0 40.0 577.0 51.0 436.0 13.0 text 0
574.0 251.0 660.0 253.0 659.0 273.0 573.0 271.0 text 0
125.0 423.0 299.0 404.0 301.0 418.0 126.0 437.0 text 0
303.0 405.0 360.0 399.0 360.0 411.0 303.0 417.0 text 0
575.0 298.0 608.0 299.0 607.0 314.0 574.0 314.0 text 0
594.0 316.0 636.0 316.0 635.0 329.0 593.0 329.0 text 0
576.0 329.0 618.0 332.0 617.0 344.0 575.0 341.0 text 0
620.0 330.0 651.0 330.0 651.0 345.0 621.0 344.0 text 0
558.0 342.0 669.0 345.0 668.0 360.0 557.0 357.0 text 0
566.0 369.0 658.0 373.0 658.0 382.0 566.0 378.0 text 0
568.0 378.0 659.0 382.0 658.0 393.0 567.0 389.0 text 0
569.0 512.0 640.0 516.0 640.0 536.0 570.0 532.0 text 0
572.0 531.0 640.0 533.0 641.0 553.0 573.0 550.0 text 0
592.0 550.0 638.0 551.0 637.0 566.0 591.0 564.0 text 0
