416.0 420.0 446.0 429.0 442.0 450.0 412.0 441.0 text 0
443.0 430.0 500.0 447.0 496.0 468.0 439.0 451.0 text 0
418.0 448.0 499.0 475.0 492.0 510.0 411.0 484.0 text 0
492.0 337.0 518.0 342.0 516.0 350.0 490.0 345.0 text 0
550.0 347.0 583.0 354.0 580.0 365.0 546.0 358.0 text 0
531.0 356.0 594.0 370.0 592.0 383.0 529.0 369.0 text 0
1030.0 250.0 1110.0 259.0 1106.0 279.0 1026.0 270.0 text 0
1106.0 257.0 1205.0 269.0 1202.0 290.0 1103.0 279.0 text 0
983.0 568.0 1102.0 603.0 1096.0 638.0 976.0 603.0 text 0
1107.0 602.0 1244.0 644.0 1236.0 679.0 1099.0 638.0 text 0
1062.0 290.0 1161.0 303.0 1160.0 312.0 1061.0 299.0 text 0
1000.0 293.0 1234.0 322.0 1233.0 335.0 998.0 305.0 text 0
992.0 305.0 1238.0 340.0 1236.0 351.0 991.0 316.0 text 0
1002.0 320.0 1222.0 352.0 1221.0 362.0 1001.0 330.0 text 0
987.0 344.0 1231.0 383.0 1230.0 394.0 986.0 355.0 text 0
985.0 354.0 1170.0 385.0 1167.0 400.0 983.0 368.0 text 0
984.0 378.0 1227.0 422.0 1224.0 435.0 981.0 390.0 text 0
985.0 394.0 1065.0 410.0 1062.0 419.0 983.0 403.0 text 0
983.0 429.0 1214.0 475.0 1214.0 485.0 983.0 439.0 text 0
992.0 443.0 1195.0 485.0 1195.0 496.0 992.0 454.0 text 0
980.0 453.0 1210.0 503.0 1211.0 513.0 980.0 462.0 text 0
988.0 467.0 1194.0 513.0 1196.0 525.0 990.0 478.0 text 0
1032.0 488.0 1139.0 510.0 1140.0 525.0 1033.0 503.0 text 0
980.0 500.0 1199.0 551.0 1200.0 564.0 981.0 513.0 text 0
970.0 509.0 1205.0 565.0 1207.0 579.0 972.0 522.0 text 0
985.0 523.0 1184.0 574.0 1186.0 588.0 987.0 537.0 text 0
1040.0 551.0 1115.0 572.0 1115.0 585.0 1040.0 564.0 text 0
1021.0 565.0 1123.0 594.0 1125.0 607.0 1023.0 579.0 text 0
