703.0 63.0 745.0 63.0 744.0 73.0 703.0 72.0 text 0
649.0 60.0 696.0 62.0 697.0 72.0 650.0 70.0 text 0
274.0 42.0 318.0 42.0 318.0 61.0 274.0 61.0 text 0
504.0 53.0 569.0 56.0 569.0 68.0 504.0 66.0 text 0
583.0 56.0 642.0 59.0 642.0 71.0 583.0 68.0 text 0
180.0 40.0 273.0 42.0 275.0 61.0 183.0 59.0 text 0
92.0 37.0 147.0 37.0 151.0 59.0 96.0 58.0 text 0
533.0 187.0 623.0 175.0 626.0 202.0 535.0 214.0 text 0
626.0 175.0 710.0 167.0 714.0 194.0 630.0 202.0 text 0
292.0 219.0 345.0 213.0 345.0 232.0 292.0 238.0 text 0
1001.0 120.0 1057.0 115.0 1057.0 127.0 1002.0 133.0 text 0
0.0 34.0 91.0 35.0 91.0 57.0 0.0 56.0 text 0
