481.0 79.0 552.0 82.0 552.0 102.0 481.0 99.0 text 0
265.0 415.0 330.0 405.0 331.0 431.0 266.0 441.0 text 0
418.0 78.0 482.0 80.0 481.0 98.0 416.0 96.0 text 0
612.0 88.0 662.0 88.0 662.0 106.0 613.0 106.0 text 0
240.0 70.0 338.0 72.0 335.0 93.0 237.0 91.0 text 0
161.0 68.0 239.0 68.0 240.0 90.0 162.0 90.0 text 0
660.0 88.0 716.0 90.0 716.0 108.0 660.0 106.0 text 0
760.0 91.0 843.0 94.0 843.0 111.0 761.0 109.0 text 0
873.0 95.0 943.0 97.0 941.0 114.0 872.0 112.0 text 0
2.0 64.0 51.0 64.0 48.0 87.0 0.0 87.0 text 0
275.0 443.0 326.0 441.0 323.0 527.0 272.0 530.0 text 0
