538.0 400.0 589.0 401.0 589.0 429.0 538.0 428.0 text 0
554.0 430.0 603.0 430.0 603.0 459.0 553.0 458.0 text 0
906.0 285.0 983.0 284.0 984.0 302.0 906.0 303.0 text 0
987.0 283.0 1079.0 282.0 1076.0 302.0 984.0 304.0 text 0
957.0 419.0 1061.0 429.0 1060.0 450.0 956.0 440.0 text 0
860.0 185.0 916.0 185.0 918.0 232.0 862.0 232.0 text 0
805.0 234.0 1079.0 232.0 1081.0 280.0 808.0 282.0 text 0
521.0 385.0 555.0 385.0 555.0 397.0 521.0 396.0 text 0
557.0 385.0 615.0 387.0 616.0 399.0 558.0 397.0 text 0
1141.0 372.0 1217.0 373.0 1218.0 388.0 1142.0 387.0 text 0
1158.0 407.0 1201.0 407.0 1202.0 422.0 1159.0 421.0 text 0
1156.0 425.0 1202.0 425.0 1204.0 441.0 1157.0 440.0 text 0
1155.0 442.0 1205.0 443.0 1206.0 458.0 1156.0 458.0 text 0
521.0 399.0 536.0 399.0 536.0 411.0 521.0 411.0 text 0
526.0 428.0 549.0 429.0 549.0 442.0 526.0 441.0 text 0
589.0 418.0 603.0 418.0 603.0 430.0 589.0 429.0 text 0
603.0 449.0 617.0 449.0 616.0 461.0 602.0 461.0 text 0
