601.0 21.0 614.0 21.0 614.0 34.0 602.0 34.0 text 0
606.0 34.0 623.0 34.0 623.0 47.0 606.0 47.0 text 0
826.0 54.0 849.0 53.0 850.0 79.0 827.0 80.0 text 0
767.0 24.0 803.0 25.0 803.0 38.0 766.0 37.0 text 0
558.0 19.0 602.0 20.0 601.0 34.0 558.0 34.0 text 0
843.0 55.0 873.0 54.0 872.0 97.0 842.0 97.0 text 0
616.0 22.0 672.0 24.0 671.0 38.0 615.0 36.0 text 0
557.0 34.0 607.0 35.0 606.0 47.0 556.0 46.0 text 0
271.0 216.0 298.0 224.0 294.0 237.0 267.0 230.0 text 0
558.0 46.0 588.0 47.0 588.0 58.0 558.0 58.0 text 0
588.0 46.0 622.0 46.0 622.0 58.0 588.0 58.0 text 0
559.0 57.0 594.0 57.0 594.0 70.0 559.0 70.0 text 0
594.0 58.0 634.0 58.0 634.0 71.0 594.0 70.0 text 0
623.0 46.0 635.0 46.0 635.0 59.0 623.0 59.0 text 0
633.0 58.0 649.0 58.0 649.0 71.0 633.0 71.0 text 0
68.0 497.0 114.0 484.0 114.0 501.0 69.0 515.0 text 0
73.0 512.0 115.0 501.0 114.0 520.0 72.0 532.0 text 0
