1182.0 191.0 1275.0 193.0 1275.0 221.0 1182.0 218.0 text 0
416.0 231.0 512.0 233.0 512.0 256.0 416.0 253.0 text 0
452.0 149.0 470.0 150.0 470.0 169.0 452.0 169.0 text 0
472.0 148.0 538.0 145.0 537.0 165.0 471.0 168.0 text 0
402.0 177.0 438.0 177.0 437.0 210.0 402.0 210.0 text 0
409.0 152.0 451.0 151.0 451.0 168.0 408.0 170.0 text 0
437.0 175.0 501.0 174.0 501.0 230.0 437.0 232.0 text 0
426.0 116.0 514.0 110.0 516.0 143.0 427.0 150.0 text 0
410.0 211.0 436.0 212.0 436.0 232.0 409.0 231.0 text 0
451.0 258.0 472.0 258.0 473.0 281.0 451.0 280.0 text 0
1124.0 236.0 1279.0 237.0 1278.0 264.0 1123.0 263.0 text 0
1141.0 271.0 1278.0 272.0 1278.0 294.0 1141.0 293.0 text 0
1138.0 296.0 1212.0 297.0 1214.0 323.0 1141.0 322.0 text 0
1121.0 332.0 1277.0 331.0 1277.0 356.0 1121.0 357.0 text 0
1163.0 365.0 1275.0 362.0 1278.0 392.0 1166.0 395.0 text 0
1122.0 414.0 1274.0 413.0 1276.0 448.0 1124.0 450.0 text 0
1135.0 455.0 1245.0 452.0 1250.0 490.0 1140.0 493.0 text 0
1176.0 518.0 1252.0 523.0 1252.0 563.0 1176.0 558.0 text 0
