1102.0 177.0 1150.0 160.0 1151.0 173.0 1103.0 191.0 text 0
887.0 266.0 982.0 275.0 984.0 297.0 890.0 288.0 text 0
1091.0 98.0 1202.0 67.0 1203.0 84.0 1092.0 115.0 text 0
1095.0 121.0 1140.0 107.0 1140.0 124.0 1095.0 137.0 text 0
1100.0 155.0 1142.0 142.0 1143.0 158.0 1101.0 172.0 text 0
1091.0 77.0 1124.0 67.0 1125.0 85.0 1092.0 95.0 text 0
1104.0 196.0 1148.0 177.0 1150.0 194.0 1105.0 213.0 text 0
1085.0 20.0 1151.0 5.0 1150.0 20.0 1084.0 34.0 text 0
316.0 123.0 352.0 117.0 354.0 131.0 319.0 136.0 text 0
252.0 67.0 297.0 26.0 306.0 55.0 256.0 88.0 text 0
1081.0 0.0 1130.0 0.0 1130.0 2.0 1082.0 11.0 text 0
