697.0 130.0 714.0 129.0 714.0 140.0 697.0 141.0 text 0
852.0 123.0 880.0 123.0 882.0 137.0 855.0 137.0 text 0
1017.0 117.0 1053.0 115.0 1053.0 133.0 1017.0 135.0 text 0
1050.0 113.0 1096.0 112.0 1096.0 132.0 1050.0 133.0 text 0
1185.0 110.0 1278.0 104.0 1278.0 123.0 1185.0 128.0 text 0
882.0 121.0 937.0 121.0 936.0 137.0 881.0 137.0 text 0
1185.0 110.0 1279.0 106.0 1278.0 125.0 1185.0 130.0 text 0
765.0 125.0 783.0 125.0 783.0 139.0 764.0 139.0 text 0
713.0 129.0 741.0 128.0 741.0 140.0 713.0 140.0 text 0
782.0 126.0 820.0 126.0 821.0 137.0 782.0 138.0 text 0
1096.0 587.0 1133.0 611.0 1130.0 622.0 1092.0 598.0 text 0
866.0 141.0 902.0 142.0 901.0 155.0 866.0 154.0 text 0
714.0 155.0 733.0 155.0 733.0 166.0 714.0 166.0 text 0
1218.0 267.0 1259.0 258.0 1259.0 272.0 1218.0 281.0 text 0
1218.0 315.0 1242.0 311.0 1243.0 324.0 1220.0 328.0 text 0
1129.0 102.0 1167.0 98.0 1167.0 110.0 1129.0 113.0 text 0
1124.0 117.0 1177.0 113.0 1177.0 118.0 1124.0 121.0 text 0
649.0 130.0 683.0 128.0 684.0 139.0 651.0 140.0 text 0
580.0 133.0 605.0 133.0 605.0 141.0 580.0 141.0 text 0
611.0 134.0 639.0 133.0 638.0 139.0 610.0 140.0 text 0
818.0 95.0 846.0 92.0 846.0 103.0 818.0 105.0 text 0
851.0 95.0 880.0 89.0 880.0 98.0 849.0 103.0 text 0
