667.0 165.0 738.0 156.0 740.0 177.0 669.0 186.0 text 0
741.0 160.0 760.0 156.0 761.0 175.0 742.0 178.0 text 0
768.0 155.0 855.0 144.0 855.0 166.0 768.0 177.0 text 0
532.0 227.0 602.0 223.0 602.0 236.0 532.0 241.0 text 0
1003.0 284.0 1090.0 274.0 1093.0 284.0 1007.0 294.0 text 0
1021.0 294.0 1086.0 285.0 1086.0 293.0 1021.0 302.0 text 0
1019.0 301.0 1088.0 294.0 1090.0 306.0 1021.0 313.0 text 0
998.0 177.0 1036.0 175.0 1033.0 187.0 996.0 190.0 text 0
1029.0 358.0 1057.0 354.0 1058.0 364.0 1030.0 368.0 text 0
1065.0 401.0 1098.0 398.0 1098.0 408.0 1065.0 411.0 text 0
1029.0 268.0 1067.0 264.0 1068.0 274.0 1030.0 278.0 text 0
