667.0 700.0 732.0 635.0 747.0 655.0 682.0 719.0 text 0
707.0 528.0 785.0 463.0 828.0 539.0 751.0 604.0 text 0
77.0 104.0 271.0 61.0 292.0 115.0 98.0 158.0 text 0
102.0 39.0 218.0 15.0 237.0 75.0 121.0 99.0 text 0
306.0 76.0 371.0 65.0 380.0 83.0 315.0 94.0 text 0
296.0 96.0 408.0 69.0 417.0 100.0 305.0 128.0 text 0
411.0 216.0 428.0 210.0 433.0 220.0 416.0 226.0 text 0
377.0 243.0 472.0 203.0 482.0 225.0 387.0 265.0 text 0
417.0 56.0 473.0 45.0 480.0 59.0 423.0 70.0 text 0
405.0 74.0 497.0 50.0 511.0 76.0 418.0 100.0 text 0
510.0 176.0 527.0 171.0 532.0 181.0 515.0 186.0 text 0
477.0 204.0 560.0 168.0 573.0 184.0 491.0 220.0 text 0
518.0 51.0 540.0 46.0 545.0 61.0 523.0 66.0 text 0
512.0 68.0 575.0 54.0 582.0 80.0 520.0 94.0 text 0
527.0 95.0 571.0 81.0 590.0 118.0 546.0 131.0 text 0
571.0 54.0 637.0 35.0 647.0 59.0 581.0 78.0 text 0
582.0 38.0 602.0 31.0 611.0 43.0 591.0 49.0 text 0
593.0 73.0 635.0 63.0 652.0 91.0 611.0 101.0 text 0
461.0 400.0 528.0 354.0 550.0 396.0 482.0 443.0 text 0
483.0 443.0 553.0 391.0 571.0 433.0 501.0 484.0 text 0
517.0 478.0 538.0 464.0 546.0 475.0 525.0 489.0 text 0
501.0 500.0 558.0 458.0 572.0 480.0 515.0 523.0 text 0
530.0 356.0 571.0 331.0 587.0 368.0 546.0 393.0 text 0
546.0 390.0 587.0 363.0 608.0 395.0 567.0 423.0 text 0
681.0 386.0 738.0 335.0 746.0 350.0 688.0 401.0 text 0
566.0 428.0 576.0 420.0 583.0 430.0 573.0 438.0 text 0
571.0 436.0 595.0 418.0 607.0 434.0 583.0 453.0 text 0
737.0 333.0 788.0 291.0 795.0 305.0 743.0 346.0 text 0
588.0 695.0 631.0 641.0 645.0 659.0 602.0 713.0 text 0
628.0 639.0 651.0 620.0 663.0 636.0 641.0 655.0 text 0
651.0 615.0 701.0 573.0 712.0 591.0 662.0 634.0 text 0
665.0 635.0 688.0 616.0 700.0 634.0 676.0 653.0 text 0
656.0 673.0 715.0 616.0 731.0 638.0 672.0 694.0 text 0
207.0 229.0 273.0 205.0 290.0 244.0 223.0 268.0 text 0
190.0 274.0 318.0 226.0 332.0 261.0 203.0 309.0 text 0
772.0 448.0 813.0 411.0 853.0 474.0 812.0 510.0 text 0
872.0 649.0 902.0 584.0 923.0 620.0 893.0 685.0 text 0
892.0 675.0 917.0 638.0 930.0 651.0 905.0 689.0 text 0
685.0 21.0 722.0 13.0 750.0 75.0 712.0 84.0 text 0
811.0 1.0 838.0 50.0 816.0 59.0 788.0 10.0 text 0
788.0 176.0 822.0 241.0 796.0 258.0 762.0 193.0 text 0
872.0 126.0 900.0 184.0 881.0 194.0 853.0 136.0 text 0
870.0 346.0 903.0 410.0 880.0 428.0 846.0 364.0 text 0
931.0 264.0 957.0 306.0 938.0 323.0 912.0 280.0 text 0
947.0 506.0 980.0 570.0 958.0 599.0 926.0 535.0 text 0
990.0 391.0 1018.0 440.0 1001.0 465.0 972.0 416.0 text 0
1052.0 514.0 1081.0 565.0 1068.0 590.0 1040.0 539.0 text 0
607.0 253.0 686.0 206.0 696.0 223.0 617.0 269.0 text 0
683.0 209.0 733.0 179.0 743.0 196.0 693.0 226.0 text 0
622.0 270.0 686.0 229.0 696.0 244.0 632.0 285.0 text 0
690.0 230.0 742.0 194.0 748.0 210.0 696.0 246.0 text 0
767.0 619.0 832.0 553.0 838.0 569.0 773.0 635.0 text 0
278.0 649.0 378.0 570.0 386.0 580.0 286.0 659.0 text 0
290.0 659.0 412.0 560.0 420.0 570.0 297.0 669.0 text 0
80.0 700.0 172.0 631.0 181.0 651.0 88.0 719.0 text 0
208.0 309.0 335.0 261.0 341.0 277.0 213.0 324.0 text 0
418.0 460.0 475.0 561.0 461.0 571.0 404.0 470.0 text 0
438.0 455.0 498.0 561.0 482.0 568.0 423.0 462.0 text 0
462.0 447.0 526.0 553.0 509.0 560.0 444.0 454.0 text 0
566.0 173.0 619.0 151.0 626.0 161.0 573.0 184.0 text 0
570.0 183.0 624.0 161.0 632.0 172.0 579.0 193.0 text 0
629.0 141.0 678.0 122.0 684.0 130.0 635.0 149.0 text 0
630.0 152.0 687.0 129.0 693.0 141.0 636.0 164.0 text 0
378.0 266.0 478.0 226.0 491.0 235.0 391.0 276.0 text 0
486.0 221.0 575.0 183.0 581.0 192.0 492.0 230.0 text 0
3.0 367.0 119.0 324.0 119.0 358.0 3.0 401.0 text 0
7.0 634.0 168.0 542.0 164.0 583.0 3.0 675.0 text 0
767.0 454.0 816.0 416.0 851.0 475.0 802.0 514.0 text 0
0.0 167.0 52.0 157.0 69.0 189.0 1.0 200.0 text 0
0.0 329.0 49.0 308.0 58.0 346.0 1.0 364.0 text 0
873.0 670.0 893.0 701.0 876.0 717.0 858.0 696.0 text 0
651.0 695.0 666.0 714.0 658.0 717.0 635.0 717.0 text 0
