746.0 171.0 782.0 160.0 782.0 174.0 746.0 185.0 text 0
629.0 184.0 664.0 182.0 667.0 195.0 631.0 197.0 text 0
610.0 292.0 673.0 286.0 673.0 299.0 610.0 305.0 text 0
407.0 304.0 496.0 295.0 496.0 305.0 407.0 315.0 text 0
837.0 258.0 882.0 253.0 886.0 268.0 841.0 273.0 text 0
545.0 293.0 598.0 288.0 598.0 308.0 545.0 314.0 text 0
879.0 253.0 910.0 251.0 914.0 267.0 883.0 270.0 text 0
893.0 105.0 948.0 96.0 948.0 122.0 893.0 132.0 text 0
594.0 292.0 610.0 290.0 612.0 305.0 597.0 308.0 text 0
548.0 189.0 591.0 186.0 591.0 199.0 548.0 202.0 text 0
586.0 185.0 619.0 185.0 620.0 199.0 587.0 199.0 text 0
618.0 182.0 631.0 182.0 632.0 198.0 619.0 198.0 text 0
441.0 188.0 510.0 185.0 512.0 207.0 443.0 209.0 text 0
287.0 195.0 355.0 191.0 356.0 213.0 288.0 216.0 text 0
707.0 591.0 753.0 581.0 756.0 598.0 711.0 608.0 text 0
841.0 140.0 886.0 130.0 885.0 146.0 840.0 156.0 text 0
491.0 36.0 554.0 35.0 552.0 55.0 488.0 56.0 text 0
504.0 75.0 568.0 75.0 571.0 97.0 506.0 97.0 text 0
289.0 73.0 356.0 74.0 355.0 95.0 288.0 94.0 text 0
229.0 41.0 279.0 42.0 284.0 57.0 234.0 56.0 text 0
304.0 10.0 351.0 10.0 353.0 27.0 306.0 27.0 text 0
490.0 2.0 564.0 6.0 566.0 16.0 492.0 12.0 text 0
504.0 24.0 588.0 27.0 588.0 36.0 503.0 33.0 text 0
530.0 60.0 584.0 60.0 584.0 73.0 530.0 73.0 text 0
375.0 351.0 424.0 343.0 428.0 359.0 379.0 367.0 text 0
712.0 611.0 761.0 599.0 762.0 608.0 713.0 620.0 text 0
105.0 185.0 172.0 195.0 176.0 215.0 109.0 205.0 text 0
19.0 141.0 59.0 178.0 61.0 200.0 21.0 163.0 text 0
