313.0 395.0 332.0 391.0 333.0 405.0 315.0 409.0 text 0
345.0 379.0 395.0 366.0 395.0 379.0 345.0 391.0 text 0
216.0 445.0 236.0 443.0 238.0 458.0 218.0 460.0 text 0
236.0 440.0 271.0 431.0 273.0 448.0 238.0 456.0 text 0
270.0 431.0 290.0 429.0 290.0 443.0 270.0 445.0 text 0
262.0 275.0 378.0 260.0 381.0 283.0 265.0 298.0 text 0
288.0 426.0 392.0 399.0 393.0 414.0 290.0 441.0 text 0
186.0 283.0 258.0 276.0 263.0 298.0 191.0 304.0 text 0
207.0 414.0 247.0 404.0 248.0 416.0 208.0 426.0 text 0
246.0 403.0 275.0 398.0 276.0 411.0 247.0 416.0 text 0
223.0 423.0 248.0 416.0 250.0 426.0 225.0 433.0 text 0
247.0 414.0 263.0 411.0 266.0 423.0 250.0 425.0 text 0
292.0 403.0 316.0 398.0 317.0 409.0 293.0 414.0 text 0
228.0 430.0 260.0 423.0 262.0 435.0 231.0 443.0 text 0
278.0 394.0 313.0 386.0 316.0 401.0 281.0 409.0 text 0
296.0 414.0 328.0 406.0 331.0 416.0 298.0 424.0 text 0
312.0 386.0 337.0 383.0 341.0 395.0 316.0 399.0 text 0
352.0 388.0 393.0 375.0 395.0 386.0 353.0 399.0 text 0
358.0 395.0 391.0 385.0 391.0 399.0 358.0 409.0 text 0
311.0 238.0 376.0 231.0 377.0 258.0 312.0 264.0 text 0
197.0 233.0 218.0 233.0 218.0 256.0 197.0 256.0 text 0
210.0 234.0 261.0 225.0 267.0 246.0 216.0 255.0 text 0
222.0 253.0 290.0 241.0 290.0 265.0 222.0 276.0 text 0
1200.0 193.0 1279.0 195.0 1278.0 225.0 1200.0 223.0 text 0
1187.0 83.0 1257.0 73.0 1261.0 104.0 1191.0 114.0 text 0
975.0 207.0 1011.0 208.0 1013.0 227.0 978.0 226.0 text 0
924.0 241.0 963.0 244.0 965.0 272.0 926.0 269.0 text 0
800.0 334.0 830.0 338.0 830.0 350.0 800.0 347.0 text 0
616.0 243.0 633.0 242.0 635.0 252.0 617.0 253.0 text 0
591.0 283.0 610.0 283.0 610.0 293.0 591.0 293.0 text 0
815.0 229.0 859.0 226.0 860.0 236.0 816.0 239.0 text 0
972.0 145.0 1000.0 143.0 1002.0 161.0 974.0 163.0 text 0
589.0 264.0 607.0 264.0 608.0 278.0 590.0 278.0 text 0
936.0 278.0 958.0 283.0 959.0 299.0 937.0 294.0 text 0
1026.0 379.0 1047.0 389.0 1052.0 422.0 1031.0 413.0 text 0
1209.0 163.0 1261.0 162.0 1261.0 177.0 1209.0 178.0 text 0
385.0 167.0 437.0 149.0 440.0 183.0 388.0 200.0 text 0
