726.0 151.0 745.0 151.0 745.0 175.0 726.0 175.0 text 0
446.0 153.0 570.0 130.0 575.0 174.0 451.0 196.0 text 0
622.0 169.0 643.0 166.0 646.0 188.0 625.0 190.0 text 0
642.0 169.0 682.0 164.0 685.0 183.0 645.0 188.0 text 0
681.0 161.0 727.0 159.0 730.0 178.0 683.0 180.0 text 0
596.0 176.0 620.0 173.0 623.0 190.0 600.0 194.0 text 0
743.0 149.0 781.0 148.0 781.0 170.0 743.0 171.0 text 0
571.0 134.0 653.0 120.0 661.0 158.0 578.0 171.0 text 0
692.0 103.0 747.0 91.0 750.0 111.0 695.0 123.0 text 0
702.0 123.0 777.0 111.0 776.0 135.0 701.0 146.0 text 0
668.0 114.0 684.0 110.0 686.0 140.0 671.0 144.0 text 0
