643.0 228.0 660.0 224.0 660.0 238.0 643.0 236.0 text 0
25.0 213.0 70.0 188.0 81.0 225.0 36.0 250.0 text 0
941.0 168.0 980.0 163.0 981.0 175.0 942.0 180.0 text 0
978.0 160.0 1006.0 156.0 1006.0 171.0 978.0 175.0 text 0
930.0 266.0 967.0 260.0 970.0 275.0 932.0 281.0 text 0
917.0 171.0 941.0 169.0 941.0 184.0 917.0 186.0 text 0
995.0 248.0 1013.0 245.0 1018.0 268.0 1000.0 270.0 text 0
968.0 258.0 996.0 253.0 997.0 269.0 970.0 274.0 text 0
910.0 139.0 1002.0 124.0 1005.0 140.0 913.0 156.0 text 0
977.0 284.0 1023.0 278.0 1023.0 291.0 977.0 298.0 text 0
631.0 215.0 667.0 215.0 667.0 228.0 631.0 228.0 text 0
941.0 283.0 1033.0 271.0 1035.0 280.0 942.0 293.0 text 0
286.0 238.0 310.0 241.0 310.0 257.0 286.0 255.0 text 0
285.0 258.0 316.0 260.0 315.0 273.0 284.0 272.0 text 0
1003.0 124.0 1014.0 122.0 1016.0 136.0 1005.0 138.0 text 0
913.0 102.0 937.0 96.0 941.0 120.0 916.0 125.0 text 0
210.0 236.0 242.0 240.0 245.0 270.0 213.0 266.0 text 0
1017.0 258.0 1030.0 255.0 1031.0 263.0 1018.0 266.0 text 0
1008.0 158.0 1017.0 157.0 1017.0 166.0 1008.0 167.0 text 0
1199.0 147.0 1214.0 145.0 1218.0 171.0 1204.0 173.0 text 0
52.0 246.0 102.0 250.0 102.0 257.0 50.0 254.0 text 0
1139.0 439.0 1225.0 429.0 1226.0 441.0 1140.0 451.0 text 0
