250.0 210.0 293.0 204.0 293.0 221.0 250.0 228.0 text 0
285.0 223.0 306.0 221.0 306.0 235.0 285.0 236.0 text 0
430.0 45.0 455.0 45.0 456.0 63.0 431.0 63.0 text 0
456.0 44.0 480.0 41.0 480.0 61.0 456.0 64.0 text 0
478.0 41.0 528.0 40.0 530.0 59.0 480.0 60.0 text 0
467.0 24.0 507.0 20.0 506.0 39.0 466.0 43.0 text 0
240.0 254.0 263.0 251.0 265.0 269.0 241.0 271.0 text 0
441.0 8.0 498.0 5.0 502.0 20.0 445.0 23.0 text 0
250.0 226.0 287.0 223.0 287.0 236.0 250.0 240.0 text 0
247.0 240.0 305.0 236.0 307.0 248.0 250.0 251.0 text 0
260.0 255.0 315.0 248.0 316.0 261.0 261.0 269.0 text 0
291.0 206.0 305.0 206.0 305.0 221.0 291.0 221.0 text 0
670.0 178.0 686.0 176.0 686.0 189.0 670.0 190.0 text 0
1073.0 111.0 1095.0 111.0 1096.0 125.0 1075.0 125.0 text 0
1112.0 108.0 1128.0 108.0 1127.0 121.0 1111.0 121.0 text 0
