153.0 185.0 230.0 149.0 236.0 214.0 160.0 250.0 text 0
250.0 169.0 282.0 153.0 287.0 193.0 255.0 209.0 text 0
280.0 149.0 323.0 130.0 331.0 173.0 287.0 191.0 text 0
326.0 121.0 406.0 88.0 413.0 139.0 333.0 173.0 text 0
407.0 73.0 528.0 23.0 533.0 85.0 412.0 135.0 text 0
267.0 205.0 544.0 90.0 546.0 108.0 268.0 223.0 text 0
110.0 213.0 156.0 191.0 166.0 243.0 120.0 264.0 text 0
355.0 312.0 458.0 298.0 455.0 324.0 352.0 339.0 text 0
351.0 348.0 453.0 343.0 449.0 400.0 347.0 405.0 text 0
347.0 435.0 437.0 441.0 434.0 458.0 344.0 452.0 text 0
