278.0 318.0 291.0 312.0 298.0 335.0 285.0 341.0 text 0
300.0 334.0 338.0 432.0 323.0 438.0 284.0 340.0 text 0
318.0 311.0 358.0 421.0 338.0 429.0 298.0 319.0 text 0
340.0 311.0 380.0 422.0 366.0 428.0 326.0 317.0 text 0
465.0 229.0 498.0 323.0 484.0 322.0 450.0 229.0 text 0
223.0 661.0 260.0 637.0 270.0 659.0 233.0 683.0 text 0
215.0 329.0 247.0 414.0 218.0 425.0 186.0 340.0 text 0
250.0 407.0 286.0 499.0 257.0 514.0 221.0 422.0 text 0
182.0 388.0 211.0 466.0 197.0 474.0 168.0 395.0 text 0
356.0 291.0 400.0 410.0 383.0 415.0 340.0 296.0 text 0
545.0 224.0 587.0 349.0 573.0 359.0 531.0 234.0 text 0
299.0 334.0 338.0 433.0 323.0 439.0 284.0 340.0 text 0
268.0 634.0 296.0 616.0 305.0 633.0 277.0 651.0 text 0
304.0 612.0 328.0 596.0 335.0 611.0 311.0 627.0 text 0
611.0 45.0 664.0 25.0 670.0 37.0 617.0 57.0 text 0
616.0 60.0 660.0 42.0 664.0 54.0 620.0 71.0 text 0
619.0 70.0 685.0 45.0 690.0 58.0 624.0 84.0 text 0
625.0 83.0 659.0 71.0 664.0 84.0 630.0 95.0 text 0
446.0 655.0 462.0 646.0 490.0 719.0 477.0 718.0 text 0
