760.0 134.0 785.0 127.0 786.0 144.0 761.0 152.0 text 0
658.0 195.0 681.0 194.0 681.0 215.0 658.0 216.0 text 0
967.0 423.0 1025.0 418.0 1030.0 446.0 972.0 451.0 text 0
387.0 213.0 416.0 210.0 417.0 229.0 388.0 231.0 text 0
951.0 459.0 991.0 463.0 993.0 488.0 953.0 484.0 text 0
915.0 106.0 1016.0 80.0 1027.0 116.0 926.0 143.0 text 0
995.0 463.0 1015.0 463.0 1016.0 489.0 996.0 489.0 text 0
500.0 223.0 542.0 211.0 551.0 241.0 508.0 253.0 text 0
970.0 371.0 1047.0 364.0 1050.0 383.0 972.0 390.0 text 0
167.0 300.0 215.0 295.0 217.0 318.0 170.0 323.0 text 0
502.0 246.0 548.0 240.0 557.0 274.0 511.0 280.0 text 0
682.0 197.0 709.0 195.0 709.0 215.0 682.0 217.0 text 0
709.0 192.0 744.0 190.0 744.0 208.0 709.0 210.0 text 0
1225.0 378.0 1262.0 380.0 1263.0 395.0 1226.0 393.0 text 0
1235.0 447.0 1275.0 452.0 1278.0 467.0 1238.0 461.0 text 0
713.0 368.0 745.0 361.0 746.0 372.0 715.0 379.0 text 0
673.0 302.0 698.0 298.0 702.0 329.0 677.0 334.0 text 0
927.0 151.0 1023.0 129.0 1027.0 142.0 931.0 164.0 text 0
1195.0 273.0 1236.0 270.0 1239.0 291.0 1198.0 294.0 text 0
1236.0 272.0 1275.0 265.0 1277.0 284.0 1238.0 292.0 text 0
939.0 416.0 963.0 422.0 967.0 447.0 943.0 448.0 text 0
