265.0 100.0 341.0 94.0 342.0 114.0 266.0 120.0 text 0
1087.0 336.0 1128.0 336.0 1130.0 353.0 1088.0 353.0 text 0
848.0 610.0 892.0 621.0 883.0 648.0 840.0 636.0 text 0
680.0 455.0 711.0 455.0 712.0 475.0 681.0 475.0 text 0
201.0 203.0 277.0 210.0 277.0 234.0 201.0 226.0 text 0
716.0 455.0 752.0 454.0 753.0 470.0 717.0 471.0 text 0
2.0 208.0 158.0 199.0 161.0 231.0 5.0 240.0 text 0
853.0 345.0 887.0 344.0 888.0 361.0 855.0 363.0 text 0
685.0 604.0 713.0 625.0 698.0 660.0 670.0 639.0 text 0
737.0 536.0 805.0 539.0 803.0 565.0 736.0 563.0 text 0
1046.0 336.0 1083.0 335.0 1085.0 353.0 1047.0 354.0 text 0
226.0 608.0 262.0 584.0 268.0 609.0 232.0 633.0 text 0
935.0 341.0 968.0 341.0 970.0 359.0 936.0 359.0 text 0
267.0 186.0 346.0 180.0 346.0 191.0 267.0 198.0 text 0
688.0 390.0 716.0 390.0 717.0 403.0 690.0 403.0 text 0
880.0 604.0 902.0 607.0 901.0 619.0 879.0 616.0 text 0
881.0 592.0 901.0 596.0 903.0 608.0 882.0 605.0 text 0
972.0 467.0 1011.0 466.0 1012.0 475.0 974.0 476.0 text 0
1080.0 460.0 1119.0 459.0 1120.0 468.0 1081.0 469.0 text 0
759.0 472.0 799.0 472.0 799.0 481.0 759.0 481.0 text 0
1040.0 625.0 1061.0 625.0 1064.0 644.0 1042.0 644.0 text 0
940.0 699.0 951.0 698.0 953.0 718.0 942.0 719.0 text 0
950.0 697.0 1022.0 694.0 1025.0 719.0 955.0 719.0 text 0
803.0 354.0 816.0 354.0 816.0 365.0 803.0 365.0 text 0
