605.0 423.0 652.0 411.0 652.0 436.0 605.0 448.0 text 0
346.0 66.0 376.0 65.0 381.0 119.0 351.0 120.0 text 0
616.0 259.0 681.0 251.0 681.0 285.0 616.0 293.0 text 0
685.0 251.0 736.0 244.0 735.0 274.0 683.0 281.0 text 0
616.0 516.0 680.0 495.0 680.0 524.0 616.0 545.0 text 0
373.0 75.0 447.0 70.0 450.0 161.0 376.0 166.0 text 0
632.0 321.0 661.0 319.0 660.0 343.0 631.0 345.0 text 0
1016.0 29.0 1097.0 31.0 1098.0 61.0 1017.0 59.0 text 0
570.0 29.0 671.0 30.0 675.0 70.0 573.0 69.0 text 0
816.0 87.0 928.0 83.0 931.0 113.0 818.0 117.0 text 0
1027.0 82.0 1090.0 83.0 1091.0 108.0 1028.0 107.0 text 0
383.0 53.0 447.0 53.0 447.0 69.0 383.0 69.0 text 0
372.0 168.0 439.0 165.0 439.0 180.0 372.0 188.0 text 0
633.0 300.0 673.0 296.0 673.0 307.0 633.0 313.0 text 0
619.0 476.0 670.0 461.0 670.0 481.0 619.0 498.0 text 0
