430.0 163.0 570.0 151.0 575.0 179.0 435.0 190.0 text 0
705.0 201.0 755.0 195.0 756.0 211.0 706.0 218.0 text 0
711.0 356.0 720.0 356.0 722.0 374.0 713.0 374.0 text 0
721.0 355.0 770.0 354.0 771.0 371.0 722.0 373.0 text 0
1146.0 66.0 1171.0 60.0 1173.0 74.0 1148.0 80.0 text 0
0.0 299.0 171.0 274.0 178.0 309.0 1.0 343.0 text 0
179.0 271.0 238.0 263.0 244.0 297.0 184.0 307.0 text 0
509.0 223.0 530.0 220.0 532.0 240.0 511.0 241.0 text 0
2.0 451.0 260.0 402.0 267.0 424.0 3.0 475.0 text 0
768.0 360.0 782.0 359.0 782.0 369.0 769.0 369.0 text 0
