412.0 253.0 467.0 244.0 476.0 271.0 421.0 280.0 text 0
472.0 243.0 525.0 235.0 528.0 260.0 476.0 268.0 text 0
465.0 273.0 572.0 246.0 576.0 276.0 468.0 303.0 text 0
233.0 543.0 265.0 528.0 271.0 551.0 240.0 566.0 text 0
266.0 533.0 301.0 511.0 306.0 530.0 271.0 551.0 text 0
295.0 509.0 325.0 496.0 337.0 516.0 307.0 529.0 text 0
248.0 565.0 333.0 520.0 342.0 543.0 257.0 588.0 text 0
670.0 27.0 726.0 44.0 725.0 66.0 668.0 50.0 text 0
932.0 105.0 971.0 100.0 970.0 113.0 931.0 118.0 text 0
1141.0 111.0 1186.0 110.0 1186.0 127.0 1141.0 128.0 text 0
