541.0 58.0 561.0 58.0 566.0 75.0 546.0 75.0 text 0
568.0 23.0 638.0 23.0 653.0 91.0 583.0 91.0 text 0
641.0 31.0 671.0 31.0 678.0 96.0 648.0 96.0 text 0
502.0 34.0 562.0 33.0 565.0 60.0 505.0 61.0 text 0
16.0 101.0 227.0 89.0 233.0 153.0 22.0 165.0 text 0
518.0 58.0 545.0 56.0 547.0 76.0 521.0 78.0 text 0
487.0 0.0 540.0 5.0 547.0 39.0 495.0 34.0 text 0
671.0 53.0 712.0 54.0 712.0 78.0 671.0 76.0 text 0
241.0 480.0 333.0 440.0 340.0 456.0 247.0 496.0 text 0
53.0 260.0 143.0 248.0 147.0 264.0 57.0 276.0 text 0
901.0 34.0 964.0 17.0 967.0 36.0 904.0 53.0 text 0
448.0 486.0 527.0 486.0 544.0 654.0 490.0 654.0 text 0
161.0 575.0 345.0 479.0 366.0 523.0 184.0 622.0 text 0
493.0 238.0 554.0 225.0 554.0 236.0 497.0 250.0 text 0
457.0 216.0 505.0 199.0 509.0 217.0 459.0 226.0 text 0
680.0 1.0 775.0 8.0 775.0 51.0 683.0 33.0 text 0
691.0 191.0 736.0 182.0 740.0 201.0 704.0 225.0 text 0
1.0 2.0 206.0 0.0 223.0 89.0 1.0 93.0 text 0
