42.0 370.0 230.0 315.0 282.0 523.0 95.0 578.0 text 0
51.0 598.0 155.0 565.0 167.0 614.0 63.0 646.0 text 0
153.0 569.0 278.0 530.0 287.0 573.0 162.0 611.0 text 0
152.0 663.0 186.0 651.0 195.0 679.0 161.0 690.0 text 0
186.0 649.0 242.0 633.0 247.0 660.0 191.0 676.0 text 0
830.0 99.0 906.0 69.0 915.0 105.0 838.0 135.0 text 0
867.0 125.0 915.0 106.0 918.0 116.0 871.0 135.0 text 0
738.0 68.0 782.0 62.0 787.0 84.0 742.0 91.0 text 0
716.0 123.0 773.0 116.0 777.0 135.0 721.0 142.0 text 0
0.0 380.0 49.0 356.0 75.0 476.0 17.0 491.0 text 0
