243.0 153.0 302.0 144.0 307.0 168.0 248.0 176.0 text 0
252.0 175.0 302.0 165.0 307.0 189.0 257.0 199.0 text 0
1032.0 344.0 1091.0 336.0 1097.0 354.0 1038.0 361.0 text 0
1021.0 355.0 1113.0 345.0 1117.0 378.0 1025.0 388.0 text 0
1026.0 386.0 1113.0 378.0 1117.0 394.0 1030.0 403.0 text 0
1025.0 404.0 1118.0 394.0 1121.0 413.0 1027.0 423.0 text 0
155.0 0.0 498.0 65.0 501.0 121.0 150.0 57.0 text 0
1150.0 227.0 1185.0 214.0 1200.0 307.0 1163.0 315.0 text 0
1040.0 425.0 1120.0 414.0 1146.0 547.0 1058.0 555.0 text 0
730.0 291.0 758.0 293.0 760.0 312.0 732.0 310.0 text 0
772.0 185.0 803.0 183.0 803.0 202.0 777.0 204.0 text 0
798.0 118.0 833.0 120.0 839.0 149.0 803.0 147.0 text 0
79.0 302.0 206.0 283.0 208.0 298.0 81.0 318.0 text 0
