440.0 678.0 520.0 665.0 522.0 685.0 442.0 698.0 text 0
57.0 287.0 111.0 292.0 111.0 313.0 57.0 308.0 text 0
721.0 88.0 1128.0 2.0 1258.0 45.0 731.0 150.0 text 0
23.0 213.0 48.0 214.0 47.0 234.0 22.0 233.0 text 0
56.0 216.0 74.0 217.0 73.0 237.0 55.0 235.0 text 0
121.0 262.0 177.0 250.0 177.0 286.0 118.0 295.0 text 0
112.0 304.0 124.0 302.0 120.0 406.0 105.0 405.0 text 0
125.0 303.0 135.0 301.0 131.0 400.0 119.0 400.0 text 0
136.0 299.0 156.0 297.0 156.0 352.0 133.0 352.0 text 0
132.0 358.0 154.0 358.0 153.0 407.0 131.0 406.0 text 0
159.0 296.0 183.0 294.0 178.0 377.0 155.0 376.0 text 0
