458.0 454.0 537.0 459.0 536.0 484.0 457.0 479.0 text 0
496.0 21.0 620.0 48.0 613.0 83.0 490.0 56.0 text 0
557.0 169.0 590.0 180.0 585.0 203.0 552.0 191.0 text 0
453.0 298.0 496.0 304.0 490.0 326.0 447.0 320.0 text 0
498.0 300.0 566.0 308.0 558.0 333.0 491.0 325.0 text 0
476.0 161.0 558.0 173.0 550.0 196.0 467.0 185.0 text 0
438.0 588.0 508.0 596.0 503.0 625.0 433.0 616.0 text 0
220.0 85.0 295.0 133.0 282.0 170.0 207.0 123.0 text 0
916.0 240.0 986.0 226.0 990.0 264.0 920.0 277.0 text 0
812.0 284.0 865.0 294.0 863.0 313.0 810.0 303.0 text 0
703.0 271.0 787.0 283.0 785.0 305.0 701.0 293.0 text 0
