402.0 353.0 426.0 349.0 426.0 366.0 402.0 370.0 text 0
396.0 299.0 418.0 295.0 421.0 313.0 398.0 316.0 text 0
310.0 374.0 347.0 368.0 350.0 383.0 312.0 389.0 text 0
315.0 431.0 390.0 413.0 392.0 425.0 317.0 444.0 text 0
392.0 248.0 412.0 246.0 415.0 263.0 395.0 264.0 text 0
300.0 311.0 357.0 303.0 365.0 323.0 307.0 331.0 text 0
296.0 258.0 330.0 253.0 335.0 273.0 301.0 278.0 text 0
412.0 408.0 428.0 404.0 430.0 418.0 413.0 421.0 text 0
421.0 246.0 441.0 244.0 443.0 259.0 423.0 261.0 text 0
428.0 295.0 453.0 293.0 453.0 309.0 428.0 311.0 text 0
433.0 348.0 455.0 345.0 455.0 360.0 433.0 363.0 text 0
435.0 399.0 456.0 395.0 457.0 411.0 436.0 415.0 text 0
