730.0 246.0 763.0 246.0 766.0 265.0 732.0 265.0 text 0
668.0 163.0 735.0 159.0 733.0 176.0 667.0 180.0 text 0
683.0 61.0 736.0 58.0 736.0 74.0 683.0 78.0 text 0
887.0 38.0 917.0 36.0 917.0 64.0 887.0 65.0 text 0
673.0 210.0 732.0 209.0 735.0 261.0 676.0 263.0 text 0
365.0 58.0 612.0 39.0 617.0 78.0 370.0 96.0 text 0
730.0 209.0 768.0 209.0 767.0 246.0 728.0 246.0 text 0
172.0 100.0 206.0 100.0 220.0 233.0 186.0 233.0 text 0
670.0 180.0 713.0 178.0 713.0 195.0 670.0 198.0 text 0
961.0 203.0 1017.0 191.0 1021.0 213.0 965.0 224.0 text 0
905.0 100.0 927.0 100.0 927.0 119.0 905.0 119.0 text 0
1228.0 25.0 1260.0 26.0 1261.0 37.0 1230.0 36.0 text 0
1175.0 52.0 1204.0 52.0 1204.0 65.0 1175.0 65.0 text 0
418.0 438.0 546.0 422.0 548.0 458.0 421.0 475.0 text 0
607.0 414.0 650.0 410.0 650.0 440.0 607.0 444.0 text 0
226.0 316.0 258.0 458.0 228.0 461.0 196.0 318.0 text 0
