279.0 42.0 313.0 42.0 314.0 54.0 280.0 54.0 text 0
493.0 306.0 585.0 295.0 586.0 310.0 495.0 321.0 text 0
542.0 640.0 595.0 628.0 597.0 648.0 545.0 660.0 text 0
511.0 218.0 556.0 211.0 557.0 230.0 512.0 236.0 text 0
557.0 161.0 577.0 153.0 586.0 173.0 566.0 181.0 text 0
550.0 615.0 581.0 608.0 585.0 628.0 553.0 635.0 text 0
286.0 94.0 416.0 87.0 416.0 100.0 287.0 108.0 text 0
316.0 43.0 413.0 39.0 414.0 50.0 317.0 54.0 text 0
318.0 54.0 395.0 51.0 395.0 62.0 318.0 64.0 text 0
320.0 64.0 412.0 62.0 412.0 74.0 320.0 75.0 text 0
320.0 77.0 358.0 76.0 360.0 86.0 322.0 88.0 text 0
