1085.0 246.0 1182.0 242.0 1180.0 292.0 1082.0 296.0 text 0
1078.0 297.0 1177.0 291.0 1181.0 344.0 1082.0 351.0 text 0
721.0 167.0 812.0 142.0 813.0 167.0 722.0 193.0 text 0
818.0 141.0 962.0 102.0 963.0 130.0 819.0 168.0 text 0
971.0 96.0 1048.0 75.0 1052.0 105.0 976.0 126.0 text 0
683.0 183.0 720.0 172.0 722.0 193.0 686.0 204.0 text 0
1081.0 122.0 1172.0 120.0 1176.0 176.0 1085.0 178.0 text 0
63.0 276.0 253.0 275.0 252.0 314.0 62.0 315.0 text 0
1073.0 183.0 1182.0 178.0 1187.0 240.0 1078.0 244.0 text 0
1174.0 102.0 1226.0 90.0 1228.0 115.0 1176.0 127.0 text 0
1187.0 237.0 1235.0 236.0 1234.0 264.0 1186.0 265.0 text 0
1193.0 376.0 1242.0 382.0 1243.0 410.0 1194.0 404.0 text 0
374.0 222.0 414.0 230.0 414.0 247.0 374.0 240.0 text 0
612.0 229.0 642.0 228.0 642.0 243.0 612.0 244.0 text 0
613.0 201.0 639.0 200.0 639.0 219.0 613.0 219.0 text 0
613.0 253.0 642.0 251.0 641.0 275.0 612.0 277.0 text 0
320.0 243.0 344.0 242.0 346.0 254.0 321.0 255.0 text 0
