399.0 166.0 450.0 155.0 451.0 175.0 400.0 186.0 text 0
640.0 54.0 708.0 38.0 713.0 73.0 646.0 88.0 text 0
821.0 31.0 893.0 15.0 897.0 37.0 825.0 53.0 text 0
825.0 137.0 855.0 301.0 829.0 304.0 799.0 141.0 text 0
575.0 183.0 623.0 423.0 607.0 426.0 558.0 186.0 text 0
902.0 110.0 922.0 108.0 931.0 155.0 911.0 156.0 text 0
910.0 164.0 932.0 163.0 940.0 214.0 918.0 215.0 text 0
713.0 40.0 813.0 22.0 821.0 58.0 721.0 76.0 text 0
908.0 424.0 1002.0 424.0 1018.0 492.0 923.0 492.0 text 0
935.0 496.0 1008.0 505.0 1028.0 573.0 955.0 564.0 text 0
991.0 153.0 1057.0 143.0 1060.0 161.0 995.0 171.0 text 0
1231.0 20.0 1279.0 7.0 1279.0 36.0 1232.0 48.0 text 0
1231.0 45.0 1278.0 35.0 1279.0 66.0 1233.0 76.0 text 0
57.0 54.0 136.0 80.0 135.0 116.0 56.0 91.0 text 0
