297.0 118.0 336.0 125.0 329.0 144.0 290.0 137.0 text 0
532.0 15.0 563.0 25.0 559.0 41.0 528.0 31.0 text 0
627.0 128.0 731.0 104.0 733.0 166.0 629.0 191.0 text 0
953.0 152.0 1276.0 143.0 1277.0 311.0 955.0 320.0 text 0
995.0 321.0 1276.0 328.0 1276.0 412.0 995.0 404.0 text 0
80.0 38.0 115.0 42.0 113.0 52.0 79.0 48.0 text 0
113.0 41.0 128.0 43.0 128.0 54.0 113.0 52.0 text 0
128.0 41.0 178.0 46.0 176.0 57.0 126.0 52.0 text 0
178.0 47.0 187.0 48.0 185.0 60.0 176.0 58.0 text 0
186.0 46.0 242.0 54.0 240.0 65.0 183.0 57.0 text 0
85.0 52.0 136.0 54.0 133.0 64.0 82.0 62.0 text 0
537.0 151.0 608.0 140.0 610.0 200.0 539.0 211.0 text 0
602.0 138.0 630.0 133.0 632.0 193.0 605.0 198.0 text 0
137.0 53.0 162.0 55.0 159.0 67.0 133.0 65.0 text 0
162.0 54.0 216.0 62.0 211.0 74.0 158.0 66.0 text 0
86.0 62.0 183.0 72.0 181.0 84.0 83.0 74.0 text 0
82.0 74.0 172.0 81.0 171.0 90.0 81.0 83.0 text 0
82.0 84.0 177.0 92.0 176.0 100.0 81.0 92.0 text 0
80.0 93.0 162.0 99.0 161.0 107.0 79.0 101.0 text 0
81.0 102.0 171.0 109.0 171.0 118.0 81.0 111.0 text 0
85.0 112.0 171.0 117.0 168.0 126.0 81.0 121.0 text 0
1075.0 167.0 1260.0 144.0 1260.0 189.0 1075.0 212.0 text 0
222.0 129.0 279.0 135.0 280.0 151.0 223.0 145.0 text 0
289.0 200.0 326.0 202.0 328.0 214.0 291.0 212.0 text 0
215.0 197.0 259.0 200.0 257.0 212.0 213.0 209.0 text 0
55.0 282.0 80.0 281.0 81.0 290.0 56.0 291.0 text 0
357.0 198.0 380.0 201.0 379.0 222.0 356.0 219.0 text 0
986.0 515.0 1279.0 587.0 1261.0 625.0 968.0 553.0 text 0
0.0 36.0 14.0 36.0 13.0 77.0 0.0 77.0 text 0
