77.0 423.0 317.0 367.0 323.0 422.0 83.0 477.0 text 0
320.0 214.0 445.0 202.0 449.0 231.0 325.0 243.0 text 0
1019.0 133.0 1080.0 104.0 1081.0 120.0 1020.0 148.0 text 0
7.0 10.0 176.0 56.0 170.0 103.0 1.0 56.0 text 0
238.0 65.0 295.0 82.0 289.0 117.0 232.0 101.0 text 0
107.0 167.0 299.0 172.0 301.0 225.0 109.0 221.0 text 0
996.0 110.0 1093.0 67.0 1099.0 97.0 1001.0 140.0 text 0
3.0 320.0 152.0 312.0 154.0 364.0 5.0 372.0 text 0
221.0 313.0 294.0 300.0 294.0 341.0 221.0 354.0 text 0
226.0 497.0 328.0 457.0 339.0 534.0 237.0 574.0 text 0
179.0 665.0 332.0 604.0 340.0 640.0 187.0 701.0 text 0
0.0 580.0 126.0 513.0 137.0 604.0 11.0 671.0 text 0
875.0 100.0 920.0 96.0 918.0 116.0 874.0 120.0 text 0
664.0 120.0 713.0 116.0 717.0 146.0 668.0 150.0 text 0
825.0 197.0 867.0 184.0 870.0 203.0 827.0 216.0 text 0
431.0 308.0 465.0 306.0 465.0 324.0 431.0 326.0 text 0
