1048.0 156.0 1106.0 144.0 1107.0 156.0 1049.0 168.0 text 0
618.0 205.0 643.0 202.0 642.0 225.0 617.0 228.0 text 0
1065.0 195.0 1107.0 187.0 1107.0 212.0 1065.0 220.0 text 0
1112.0 184.0 1195.0 170.0 1195.0 196.0 1112.0 211.0 text 0
1003.0 232.0 1085.0 221.0 1087.0 243.0 1006.0 254.0 text 0
1089.0 217.0 1113.0 213.0 1111.0 236.0 1087.0 241.0 text 0
1117.0 213.0 1187.0 202.0 1187.0 227.0 1117.0 238.0 text 0
1035.0 202.0 1061.0 196.0 1062.0 216.0 1036.0 222.0 text 0
1041.0 268.0 1122.0 257.0 1123.0 274.0 1042.0 285.0 text 0
1211.0 534.0 1263.0 542.0 1263.0 562.0 1211.0 554.0 text 0
989.0 205.0 1033.0 200.0 1036.0 225.0 991.0 231.0 text 0
1126.0 262.0 1209.0 252.0 1210.0 265.0 1127.0 275.0 text 0
667.0 190.0 708.0 183.0 710.0 201.0 669.0 207.0 text 0
811.0 171.0 828.0 166.0 831.0 185.0 815.0 190.0 text 0
663.0 177.0 732.0 163.0 734.0 177.0 665.0 191.0 text 0
493.0 231.0 533.0 221.0 535.0 239.0 495.0 249.0 text 0
1017.0 285.0 1197.0 271.0 1199.0 283.0 1020.0 297.0 text 0
1021.0 311.0 1203.0 300.0 1204.0 310.0 1022.0 320.0 text 0
1012.0 324.0 1092.0 320.0 1094.0 330.0 1014.0 333.0 text 0
1190.0 316.0 1222.0 314.0 1223.0 323.0 1192.0 325.0 text 0
1080.0 350.0 1142.0 351.0 1141.0 360.0 1080.0 360.0 text 0
1150.0 350.0 1215.0 350.0 1215.0 358.0 1150.0 359.0 text 0
1218.0 553.0 1255.0 559.0 1254.0 570.0 1216.0 565.0 text 0
1028.0 364.0 1056.0 364.0 1056.0 370.0 1028.0 370.0 text 0
1031.0 376.0 1073.0 375.0 1072.0 382.0 1031.0 381.0 text 0
1031.0 385.0 1089.0 388.0 1089.0 392.0 1031.0 391.0 text 0
1098.0 363.0 1128.0 362.0 1129.0 370.0 1100.0 372.0 text 0
1101.0 376.0 1129.0 375.0 1129.0 383.0 1103.0 383.0 text 0
1107.0 386.0 1126.0 387.0 1127.0 393.0 1108.0 392.0 text 0
1166.0 363.0 1200.0 362.0 1201.0 370.0 1167.0 371.0 text 0
1171.0 375.0 1200.0 375.0 1200.0 382.0 1172.0 383.0 text 0
1175.0 388.0 1199.0 386.0 1200.0 393.0 1176.0 395.0 text 0
