427.0 293.0 469.0 293.0 468.0 315.0 425.0 314.0 text 0
480.0 291.0 651.0 289.0 650.0 311.0 479.0 313.0 text 0
655.0 287.0 698.0 287.0 696.0 309.0 652.0 309.0 text 0
701.0 285.0 759.0 285.0 759.0 308.0 701.0 308.0 text 0
1044.0 531.0 1074.0 536.0 1076.0 585.0 1046.0 579.0 text 0
1077.0 535.0 1114.0 539.0 1117.0 595.0 1079.0 585.0 text 0
1119.0 539.0 1160.0 543.0 1158.0 601.0 1120.0 593.0 text 0
1164.0 542.0 1252.0 545.0 1253.0 624.0 1166.0 602.0 text 0
1032.0 177.0 1185.0 73.0 1191.0 143.0 1038.0 223.0 text 0
1190.0 73.0 1270.0 19.0 1278.0 91.0 1194.0 133.0 text 0
