1125.0 190.0 1219.0 154.0 1238.0 205.0 1143.0 241.0 text 0
55.0 375.0 90.0 374.0 90.0 391.0 55.0 392.0 text 0
60.0 413.0 98.0 412.0 98.0 436.0 60.0 437.0 text 0
731.0 286.0 784.0 281.0 784.0 290.0 731.0 295.0 text 0
720.0 296.0 786.0 289.0 787.0 299.0 721.0 305.0 text 0
559.0 304.0 670.0 294.0 670.0 303.0 559.0 314.0 text 0
559.0 313.0 617.0 309.0 617.0 317.0 559.0 322.0 text 0
559.0 321.0 615.0 317.0 616.0 327.0 560.0 330.0 text 0
127.0 382.0 189.0 386.0 188.0 395.0 126.0 391.0 text 0
126.0 391.0 168.0 394.0 167.0 404.0 125.0 402.0 text 0
