635.0 181.0 693.0 176.0 693.0 186.0 635.0 191.0 text 0
1169.0 76.0 1231.0 56.0 1232.0 81.0 1170.0 101.0 text 0
1062.0 97.0 1078.0 94.0 1079.0 127.0 1063.0 131.0 text 0
1078.0 84.0 1159.0 57.0 1160.0 101.0 1079.0 127.0 text 0
1170.0 52.0 1221.0 33.0 1223.0 57.0 1172.0 76.0 text 0
1002.0 120.0 1061.0 98.0 1065.0 131.0 1006.0 152.0 text 0
778.0 155.0 899.0 150.0 900.0 176.0 779.0 182.0 text 0
637.0 214.0 709.0 212.0 708.0 223.0 636.0 225.0 text 0
634.0 194.0 684.0 190.0 685.0 200.0 635.0 203.0 text 0
636.0 202.0 703.0 199.0 702.0 208.0 635.0 211.0 text 0
1192.0 193.0 1247.0 189.0 1247.0 206.0 1192.0 210.0 text 0
1192.0 179.0 1244.0 175.0 1245.0 190.0 1192.0 194.0 text 0
