156.0 293.0 285.0 250.0 311.0 328.0 182.0 372.0 text 0
202.0 305.0 239.0 294.0 239.0 311.0 202.0 322.0 text 0
236.0 291.0 253.0 271.0 260.0 286.0 242.0 306.0 text 0
106.0 214.0 135.0 207.0 136.0 223.0 107.0 230.0 text 0
108.0 230.0 138.0 222.0 138.0 240.0 108.0 247.0 text 0
232.0 205.0 258.0 188.0 258.0 214.0 232.0 231.0 text 0
256.0 188.0 278.0 188.0 275.0 212.0 252.0 212.0 text 0
286.0 186.0 308.0 198.0 292.0 218.0 270.0 206.0 text 0
55.0 560.0 95.0 570.0 85.0 595.0 45.0 585.0 text 0
2.0 354.0 109.0 335.0 109.0 356.0 2.0 375.0 text 0
573.0 407.0 603.0 406.0 602.0 425.0 572.0 426.0 text 0
508.0 437.0 527.0 438.0 525.0 452.0 506.0 451.0 text 0
