753.0 78.0 799.0 64.0 802.0 96.0 757.0 111.0 text 0
802.0 63.0 842.0 48.0 842.0 80.0 802.0 94.0 text 0
727.0 124.0 757.0 117.0 757.0 145.0 727.0 152.0 text 0
756.0 118.0 771.0 113.0 771.0 138.0 756.0 144.0 text 0
769.0 108.0 833.0 93.0 836.0 123.0 771.0 138.0 text 0
838.0 87.0 891.0 75.0 892.0 110.0 839.0 122.0 text 0
742.0 151.0 802.0 140.0 806.0 172.0 746.0 183.0 text 0
805.0 136.0 860.0 127.0 861.0 160.0 806.0 168.0 text 0
703.0 216.0 742.0 213.0 741.0 231.0 702.0 234.0 text 0
740.0 212.0 775.0 208.0 775.0 225.0 740.0 228.0 text 0
776.0 209.0 799.0 207.0 798.0 225.0 775.0 226.0 text 0
798.0 205.0 863.0 201.0 863.0 223.0 798.0 227.0 text 0
864.0 199.0 932.0 194.0 932.0 217.0 864.0 222.0 text 0
748.0 231.0 788.0 231.0 788.0 251.0 748.0 251.0 text 0
790.0 230.0 820.0 231.0 820.0 249.0 790.0 248.0 text 0
822.0 229.0 852.0 228.0 850.0 248.0 820.0 249.0 text 0
