489.0 180.0 521.0 171.0 524.0 183.0 492.0 192.0 text 0
249.0 290.0 274.0 284.0 276.0 297.0 251.0 302.0 text 0
292.0 280.0 300.0 278.0 301.0 288.0 293.0 290.0 text 0
260.0 302.0 275.0 297.0 278.0 307.0 263.0 312.0 text 0
353.0 284.0 364.0 282.0 365.0 287.0 353.0 290.0 text 0
365.0 280.0 386.0 275.0 389.0 282.0 367.0 287.0 text 0
356.0 290.0 384.0 283.0 385.0 290.0 357.0 298.0 text 0
359.0 326.0 410.0 314.0 410.0 324.0 359.0 337.0 text 0
1105.0 369.0 1138.0 359.0 1139.0 369.0 1105.0 379.0 text 0
1138.0 360.0 1148.0 356.0 1151.0 365.0 1141.0 369.0 text 0
490.0 199.0 511.0 193.0 512.0 200.0 491.0 207.0 text 0
514.0 193.0 523.0 190.0 524.0 197.0 514.0 199.0 text 0
524.0 189.0 539.0 186.0 539.0 193.0 524.0 196.0 text 0
492.0 206.0 508.0 202.0 509.0 208.0 493.0 212.0 text 0
510.0 202.0 537.0 194.0 537.0 200.0 510.0 209.0 text 0
494.0 213.0 506.0 210.0 507.0 217.0 495.0 220.0 text 0
509.0 210.0 531.0 204.0 531.0 211.0 509.0 216.0 text 0
777.0 107.0 809.0 99.0 809.0 106.0 777.0 115.0 text 0
775.0 127.0 797.0 122.0 795.0 130.0 774.0 135.0 text 0
795.0 122.0 820.0 115.0 820.0 122.0 795.0 129.0 text 0
777.0 136.0 814.0 125.0 814.0 131.0 777.0 143.0 text 0
778.0 142.0 805.0 135.0 805.0 143.0 778.0 150.0 text 0
1061.0 78.0 1094.0 71.0 1094.0 81.0 1061.0 87.0 text 0
1064.0 88.0 1091.0 81.0 1091.0 92.0 1065.0 99.0 text 0
