333.0 377.0 469.0 342.0 475.0 369.0 327.0 408.0 text 0
289.0 0.0 439.0 0.0 439.0 29.0 288.0 23.0 text 0
184.0 374.0 289.0 347.0 296.0 386.0 184.0 412.0 text 0
297.0 352.0 328.0 343.0 342.0 371.0 296.0 387.0 text 0
185.0 411.0 318.0 378.0 319.0 412.0 186.0 447.0 text 0
437.0 4.0 511.0 10.0 509.0 30.0 438.0 28.0 text 0
189.0 444.0 259.0 427.0 257.0 458.0 191.0 482.0 text 0
265.0 427.0 451.0 375.0 462.0 402.0 264.0 457.0 text 0
187.0 481.0 241.0 462.0 246.0 484.0 196.0 502.0 text 0
243.0 463.0 287.0 451.0 292.0 470.0 244.0 487.0 text 0
287.0 450.0 357.0 429.0 364.0 454.0 289.0 477.0 text 0
