279.0 511.0 289.0 513.0 289.0 535.0 279.0 542.0 text 0
281.0 512.0 339.0 486.0 346.0 508.0 290.0 533.0 text 0
470.0 226.0 535.0 262.0 530.0 298.0 466.0 266.0 text 0
1105.0 213.0 1180.0 194.0 1193.0 223.0 1120.0 238.0 text 0
254.0 393.0 324.0 362.0 334.0 426.0 277.0 460.0 text 0
435.0 225.0 462.0 233.0 464.0 250.0 437.0 250.0 text 0
277.0 463.0 327.0 449.0 329.0 460.0 279.0 478.0 text 0
15.0 200.0 70.0 193.0 69.0 228.0 15.0 235.0 text 0
272.0 552.0 287.0 543.0 289.0 560.0 277.0 570.0 text 0
284.0 539.0 313.0 523.0 315.0 550.0 286.0 564.0 text 0
311.0 527.0 332.0 518.0 336.0 536.0 313.0 550.0 text 0
266.0 631.0 289.0 615.0 292.0 638.0 274.0 651.0 text 0
284.0 614.0 314.0 597.0 317.0 616.0 292.0 640.0 text 0
400.0 417.0 437.0 414.0 441.0 427.0 403.0 431.0 text 0
298.0 562.0 327.0 547.0 330.0 561.0 301.0 576.0 text 0
