346.0 133.0 400.0 130.0 401.0 148.0 345.0 153.0 text 0
301.0 127.0 349.0 123.0 351.0 154.0 303.0 158.0 text 0
869.0 67.0 920.0 61.0 923.0 85.0 872.0 91.0 text 0
886.0 144.0 934.0 141.0 932.0 157.0 884.0 160.0 text 0
634.0 106.0 812.0 86.0 816.0 104.0 634.0 121.0 text 0
418.0 117.0 469.0 112.0 471.0 143.0 420.0 148.0 text 0
634.0 124.0 781.0 107.0 783.0 123.0 635.0 135.0 text 0
634.0 138.0 844.0 117.0 843.0 141.0 636.0 155.0 text 0
468.0 124.0 518.0 117.0 525.0 138.0 468.0 143.0 text 0
301.0 181.0 532.0 162.0 530.0 182.0 301.0 201.0 text 0
296.0 157.0 396.0 147.0 400.0 165.0 300.0 174.0 text 0
420.0 151.0 526.0 136.0 527.0 154.0 421.0 163.0 text 0
617.0 251.0 657.0 250.0 656.0 282.0 616.0 285.0 text 0
695.0 246.0 738.0 243.0 738.0 276.0 698.0 278.0 text 0
739.0 241.0 760.0 241.0 763.0 260.0 742.0 262.0 text 0
