1070.0 303.0 1157.0 298.0 1165.0 334.0 1076.0 332.0 text 0
1030.0 307.0 1065.0 304.0 1070.0 334.0 1035.0 329.0 text 0
764.0 249.0 819.0 239.0 828.0 267.0 767.0 275.0 text 0
886.0 2.0 1236.0 5.0 1260.0 137.0 908.0 215.0 text 0
818.0 242.0 879.0 229.0 889.0 263.0 825.0 271.0 text 0
975.0 215.0 1262.0 157.0 1272.0 211.0 982.0 252.0 text 0
892.0 230.0 974.0 215.0 980.0 249.0 889.0 263.0 text 0
690.0 183.0 880.0 106.0 920.0 217.0 708.0 257.0 text 0
1165.0 312.0 1175.0 309.0 1182.0 335.0 1165.0 329.0 text 0
1062.0 330.0 1141.0 334.0 1155.0 364.0 1065.0 357.0 text 0
1152.0 333.0 1195.0 332.0 1200.0 364.0 1150.0 362.0 text 0
728.0 257.0 761.0 247.0 768.0 274.0 733.0 278.0 text 0
710.0 259.0 729.0 254.0 733.0 277.0 715.0 280.0 text 0
1197.0 331.0 1279.0 334.0 1278.0 366.0 1197.0 364.0 text 0
1197.0 368.0 1278.0 372.0 1278.0 393.0 1194.0 390.0 text 0
