226.0 436.0 258.0 418.0 267.0 463.0 235.0 481.0 text 0
1.0 218.0 94.0 201.0 123.0 278.0 4.0 319.0 text 0
190.0 286.0 222.0 277.0 226.0 296.0 194.0 305.0 text 0
223.0 279.0 248.0 272.0 251.0 287.0 226.0 294.0 text 0
209.0 247.0 390.0 203.0 398.0 228.0 217.0 273.0 text 0
546.0 382.0 564.0 368.0 574.0 471.0 556.0 484.0 text 0
547.0 164.0 642.0 144.0 646.0 163.0 552.0 184.0 text 0
533.0 265.0 554.0 260.0 564.0 369.0 546.0 377.0 text 0
222.0 423.0 282.0 399.0 286.0 408.0 226.0 432.0 text 0
215.0 406.0 277.0 385.0 282.0 400.0 219.0 421.0 text 0
544.0 242.0 557.0 240.0 556.0 267.0 543.0 270.0 text 0
530.0 387.0 543.0 384.0 553.0 494.0 539.0 497.0 text 0
779.0 667.0 812.0 676.0 809.0 688.0 776.0 679.0 text 0
655.0 210.0 668.0 206.0 671.0 218.0 658.0 222.0 text 0
366.0 437.0 401.0 430.0 404.0 448.0 370.0 456.0 text 0
195.0 305.0 255.0 286.0 258.0 298.0 198.0 317.0 text 0
0.0 625.0 103.0 565.0 127.0 634.0 6.0 694.0 text 0
260.0 586.0 316.0 549.0 324.0 580.0 268.0 617.0 text 0
13.0 694.0 131.0 627.0 140.0 680.0 66.0 719.0 text 0
