1147.0 146.0 1191.0 143.0 1192.0 166.0 1148.0 169.0 text 0
374.0 201.0 421.0 201.0 417.0 214.0 371.0 215.0 text 0
1108.0 183.0 1220.0 175.0 1225.0 199.0 1114.0 208.0 text 0
1161.0 75.0 1193.0 78.0 1193.0 104.0 1161.0 100.0 text 0
1195.0 83.0 1217.0 86.0 1217.0 103.0 1195.0 100.0 text 0
1189.0 139.0 1242.0 135.0 1246.0 160.0 1193.0 165.0 text 0
344.0 0.0 554.0 8.0 553.0 47.0 343.0 39.0 text 0
292.0 204.0 352.0 203.0 351.0 217.0 292.0 218.0 text 0
351.0 201.0 372.0 201.0 372.0 216.0 350.0 216.0 text 0
333.0 216.0 411.0 213.0 410.0 227.0 333.0 230.0 text 0
1233.0 171.0 1278.0 171.0 1278.0 197.0 1233.0 197.0 text 0
1240.0 133.0 1275.0 130.0 1275.0 156.0 1240.0 159.0 text 0
