327.0 533.0 419.0 504.0 423.0 528.0 331.0 557.0 text 0
1019.0 200.0 1094.0 191.0 1097.0 215.0 1022.0 224.0 text 0
375.0 548.0 456.0 521.0 458.0 546.0 378.0 573.0 text 0
460.0 518.0 548.0 492.0 547.0 515.0 459.0 541.0 text 0
351.0 556.0 370.0 550.0 371.0 572.0 353.0 578.0 text 0
419.0 504.0 479.0 488.0 483.0 511.0 423.0 527.0 text 0
276.0 579.0 346.0 557.0 347.0 582.0 277.0 604.0 text 0
287.0 543.0 323.0 532.0 325.0 557.0 289.0 568.0 text 0
549.0 492.0 609.0 472.0 611.0 493.0 550.0 513.0 text 0
1012.0 176.0 1102.0 164.0 1104.0 180.0 1014.0 193.0 text 0
1245.0 234.0 1275.0 229.0 1277.0 241.0 1247.0 246.0 text 0
792.0 220.0 830.0 216.0 832.0 239.0 795.0 243.0 text 0
172.0 302.0 352.0 289.0 356.0 326.0 176.0 339.0 text 0
