906.0 302.0 1067.0 304.0 1075.0 377.0 913.0 375.0 text 0
1113.0 302.0 1193.0 296.0 1196.0 372.0 1116.0 377.0 text 0
919.0 393.0 986.0 397.0 988.0 425.0 921.0 421.0 text 0
993.0 397.0 1141.0 403.0 1143.0 433.0 996.0 427.0 text 0
1155.0 406.0 1247.0 411.0 1248.0 438.0 1156.0 434.0 text 0
570.0 86.0 608.0 78.0 609.0 100.0 571.0 107.0 text 0
577.0 133.0 611.0 126.0 613.0 147.0 579.0 154.0 text 0
576.0 183.0 615.0 176.0 619.0 196.0 580.0 203.0 text 0
596.0 277.0 628.0 273.0 628.0 293.0 596.0 297.0 text 0
586.0 228.0 622.0 222.0 625.0 243.0 588.0 250.0 text 0
609.0 87.0 641.0 81.0 641.0 92.0 609.0 98.0 text 0
613.0 137.0 638.0 132.0 637.0 141.0 612.0 146.0 text 0
617.0 177.0 641.0 172.0 641.0 183.0 617.0 188.0 text 0
617.0 185.0 661.0 177.0 662.0 188.0 618.0 196.0 text 0
622.0 222.0 661.0 215.0 661.0 226.0 622.0 233.0 text 0
623.0 234.0 666.0 225.0 666.0 234.0 623.0 243.0 text 0
628.0 282.0 670.0 277.0 670.0 290.0 628.0 294.0 text 0
