18.0 20.0 170.0 91.0 157.0 147.0 5.0 76.0 text 0
59.0 393.0 143.0 397.0 140.0 423.0 56.0 418.0 text 0
3.0 340.0 188.0 346.0 185.0 376.0 0.0 370.0 text 0
46.0 427.0 148.0 432.0 142.0 461.0 40.0 456.0 text 0
55.0 473.0 91.0 473.0 86.0 501.0 49.0 501.0 text 0
101.0 477.0 128.0 477.0 122.0 497.0 96.0 497.0 text 0
52.0 504.0 121.0 506.0 116.0 533.0 47.0 531.0 text 0
307.0 352.0 350.0 357.0 342.0 406.0 299.0 401.0 text 0
917.0 194.0 1126.0 3.0 1146.0 44.0 937.0 235.0 text 0
552.0 321.0 615.0 322.0 616.0 334.0 553.0 333.0 text 0
548.0 331.0 630.0 333.0 628.0 346.0 546.0 344.0 text 0
