745.0 242.0 808.0 240.0 810.0 271.0 747.0 273.0 text 0
813.0 243.0 909.0 233.0 911.0 261.0 816.0 271.0 text 0
913.0 234.0 1009.0 227.0 1009.0 256.0 913.0 263.0 text 0
990.0 195.0 1029.0 192.0 1030.0 203.0 991.0 207.0 text 0
1069.0 189.0 1140.0 183.0 1141.0 195.0 1070.0 201.0 text 0
816.0 356.0 952.0 352.0 956.0 412.0 820.0 416.0 text 0
838.0 416.0 889.0 412.0 887.0 440.0 836.0 444.0 text 0
892.0 412.0 940.0 412.0 940.0 441.0 892.0 441.0 text 0
837.0 441.0 878.0 438.0 878.0 461.0 837.0 463.0 text 0
877.0 438.0 913.0 438.0 913.0 461.0 877.0 461.0 text 0
227.0 450.0 273.0 440.0 277.0 462.0 230.0 472.0 text 0
235.0 474.0 263.0 464.0 267.0 482.0 238.0 492.0 text 0
264.0 463.0 276.0 460.0 279.0 474.0 267.0 478.0 text 0
532.0 411.0 557.0 415.0 556.0 431.0 531.0 427.0 text 0
535.0 427.0 557.0 432.0 556.0 445.0 534.0 441.0 text 0
542.0 528.0 562.0 526.0 562.0 533.0 542.0 535.0 text 0
570.0 525.0 590.0 525.0 590.0 534.0 570.0 534.0 text 0
497.0 485.0 510.0 490.0 508.0 500.0 495.0 496.0 text 0
536.0 466.0 552.0 470.0 550.0 478.0 535.0 475.0 text 0
726.0 412.0 747.0 414.0 746.0 431.0 726.0 430.0 text 0
316.0 300.0 345.0 297.0 347.0 312.0 318.0 315.0 text 0
377.0 291.0 401.0 287.0 403.0 299.0 379.0 304.0 text 0
700.0 367.0 722.0 365.0 722.0 373.0 700.0 375.0 text 0
707.0 373.0 724.0 374.0 723.0 395.0 706.0 395.0 text 0
1124.0 503.0 1158.0 503.0 1158.0 515.0 1124.0 515.0 text 0
1159.0 504.0 1226.0 503.0 1225.0 515.0 1158.0 515.0 text 0
1115.0 517.0 1194.0 516.0 1194.0 527.0 1115.0 528.0 text 0
1194.0 515.0 1226.0 515.0 1226.0 529.0 1194.0 529.0 text 0
867.0 522.0 912.0 522.0 912.0 527.0 868.0 528.0 text 0
