72.0 22.0 294.0 32.0 290.0 84.0 68.0 74.0 text 0
316.0 38.0 600.0 54.0 594.0 100.0 310.0 84.0 text 0
608.0 60.0 668.0 62.0 664.0 100.0 604.0 98.0 text 0
825.0 77.0 875.0 78.0 874.0 111.0 824.0 110.0 text 0
678.0 68.0 725.0 69.0 725.0 107.0 678.0 106.0 text 0
1.0 15.0 44.0 19.0 45.0 80.0 0.0 81.0 text 0
945.0 202.0 1016.0 307.0 970.0 357.0 899.0 252.0 text 0
949.0 69.0 989.0 126.0 966.0 156.0 926.0 100.0 text 0
1016.0 155.0 1065.0 206.0 1035.0 241.0 985.0 191.0 text 0
183.0 421.0 277.0 526.0 207.0 587.0 113.0 482.0 text 0
