401.0 124.0 600.0 157.0 602.0 192.0 403.0 158.0 text 0
627.0 171.0 719.0 185.0 719.0 210.0 627.0 195.0 text 0
741.0 182.0 832.0 178.0 832.0 206.0 741.0 210.0 text 0
859.0 172.0 1133.0 167.0 1136.0 198.0 861.0 203.0 text 0
728.0 240.0 813.0 241.0 812.0 267.0 727.0 266.0 text 0
452.0 220.0 709.0 225.0 708.0 263.0 451.0 257.0 text 0
387.0 307.0 601.0 297.0 602.0 332.0 388.0 342.0 text 0
628.0 296.0 807.0 297.0 809.0 331.0 630.0 330.0 text 0
422.0 276.0 459.0 278.0 457.0 294.0 420.0 292.0 text 0
417.0 295.0 468.0 300.0 465.0 316.0 413.0 312.0 text 0
418.0 341.0 462.0 345.0 460.0 360.0 416.0 355.0 text 0
412.0 361.0 467.0 371.0 465.0 388.0 410.0 378.0 text 0
826.0 297.0 867.0 293.0 868.0 314.0 827.0 318.0 text 0
835.0 248.0 856.0 250.0 856.0 273.0 838.0 273.0 text 0
