241.0 105.0 326.0 118.0 321.0 142.0 237.0 128.0 text 0
323.0 120.0 353.0 125.0 349.0 146.0 319.0 141.0 text 0
438.0 135.0 527.0 150.0 525.0 172.0 436.0 157.0 text 0
193.0 140.0 302.0 155.0 299.0 178.0 190.0 163.0 text 0
299.0 152.0 439.0 175.0 435.0 198.0 295.0 175.0 text 0
80.0 127.0 123.0 137.0 118.0 164.0 75.0 154.0 text 0
352.0 553.0 392.0 553.0 389.0 574.0 349.0 574.0 text 0
697.0 357.0 745.0 358.0 742.0 372.0 695.0 371.0 text 0
378.0 353.0 413.0 355.0 411.0 362.0 376.0 360.0 text 0
404.0 469.0 419.0 469.0 419.0 476.0 404.0 477.0 text 0
348.0 466.0 385.0 467.0 384.0 474.0 347.0 473.0 text 0
358.0 335.0 439.0 343.0 436.0 355.0 356.0 347.0 text 0
