232.0 295.0 248.0 294.0 247.0 310.0 231.0 311.0 text 0
1062.0 87.0 1173.0 2.0 1195.0 58.0 1083.0 144.0 text 0
163.0 272.0 218.0 267.0 219.0 283.0 165.0 287.0 text 0
217.0 272.0 237.0 268.0 240.0 286.0 220.0 290.0 text 0
232.0 265.0 335.0 263.0 336.0 281.0 233.0 283.0 text 0
113.0 297.0 195.0 294.0 195.0 314.0 113.0 317.0 text 0
193.0 294.0 231.0 293.0 231.0 310.0 193.0 311.0 text 0
117.0 274.0 165.0 271.0 165.0 290.0 117.0 293.0 text 0
248.0 291.0 269.0 291.0 268.0 307.0 247.0 307.0 text 0
363.0 288.0 388.0 285.0 389.0 303.0 365.0 306.0 text 0
166.0 342.0 229.0 340.0 228.0 358.0 165.0 361.0 text 0
228.0 343.0 272.0 342.0 273.0 358.0 229.0 360.0 text 0
83.0 391.0 141.0 383.0 146.0 396.0 88.0 404.0 text 0
144.0 382.0 189.0 380.0 191.0 394.0 146.0 396.0 text 0
302.0 528.0 318.0 523.0 319.0 540.0 303.0 546.0 text 0
