838.0 257.0 922.0 235.0 927.0 272.0 842.0 294.0 text 0
921.0 227.0 1015.0 206.0 1016.0 247.0 922.0 268.0 text 0
850.0 291.0 890.0 282.0 888.0 296.0 848.0 305.0 text 0
887.0 282.0 961.0 262.0 962.0 280.0 888.0 300.0 text 0
960.0 263.0 1012.0 251.0 1013.0 267.0 961.0 280.0 text 0
549.0 393.0 602.0 403.0 598.0 425.0 545.0 415.0 text 0
333.0 297.0 387.0 297.0 383.0 313.0 330.0 313.0 text 0
347.0 313.0 381.0 313.0 378.0 318.0 343.0 318.0 text 0
199.0 364.0 235.0 370.0 229.0 394.0 193.0 388.0 text 0
191.0 394.0 229.0 397.0 225.0 417.0 187.0 414.0 text 0
10.0 15.0 80.0 19.0 71.0 50.0 1.0 46.0 text 0
669.0 436.0 682.0 436.0 680.0 447.0 668.0 446.0 text 0
419.0 389.0 464.0 392.0 462.0 409.0 417.0 406.0 text 0
417.0 406.0 464.0 413.0 459.0 440.0 412.0 433.0 text 0
