903.0 240.0 1002.0 237.0 1005.0 266.0 906.0 268.0 text 0
1049.0 638.0 1085.0 632.0 1088.0 687.0 1052.0 694.0 text 0
822.0 295.0 998.0 274.0 1029.0 570.0 853.0 591.0 text 0
315.0 293.0 439.0 290.0 438.0 307.0 313.0 311.0 text 0
351.0 623.0 407.0 620.0 406.0 651.0 350.0 654.0 text 0
345.0 316.0 385.0 315.0 386.0 326.0 346.0 327.0 text 0
386.0 314.0 401.0 313.0 400.0 324.0 385.0 325.0 text 0
378.0 321.0 427.0 321.0 427.0 334.0 378.0 334.0 text 0
406.0 486.0 431.0 485.0 430.0 501.0 405.0 502.0 text 0
319.0 494.0 375.0 488.0 376.0 498.0 320.0 504.0 text 0
780.0 372.0 1112.0 360.0 1116.0 387.0 783.0 400.0 text 0
799.0 414.0 1066.0 398.0 1070.0 440.0 803.0 455.0 text 0
