1116.0 212.0 1129.0 213.0 1130.0 221.0 1117.0 220.0 text 0
868.0 339.0 930.0 341.0 933.0 356.0 871.0 354.0 text 0
988.0 229.0 1037.0 227.0 1036.0 236.0 987.0 238.0 text 0
1000.0 238.0 1024.0 235.0 1023.0 245.0 999.0 248.0 text 0
1190.0 227.0 1216.0 228.0 1216.0 245.0 1190.0 244.0 text 0
1012.0 207.0 1026.0 207.0 1027.0 222.0 1012.0 222.0 text 0
1219.0 156.0 1256.0 153.0 1256.0 173.0 1219.0 176.0 text 0
966.0 208.0 1011.0 206.0 1011.0 221.0 966.0 222.0 text 0
207.0 1.0 302.0 1.0 316.0 8.0 287.0 72.0 text 0
1105.0 202.0 1129.0 202.0 1130.0 212.0 1106.0 212.0 text 0
585.0 277.0 630.0 290.0 632.0 313.0 587.0 300.0 text 0
407.0 339.0 423.0 339.0 423.0 352.0 407.0 352.0 text 0
485.0 341.0 500.0 341.0 499.0 351.0 484.0 351.0 text 0
439.0 362.0 453.0 365.0 449.0 415.0 435.0 412.0 text 0
735.0 346.0 761.0 343.0 765.0 352.0 738.0 356.0 text 0
990.0 339.0 1015.0 334.0 1014.0 350.0 989.0 354.0 text 0
811.0 417.0 833.0 416.0 835.0 422.0 813.0 422.0 text 0
910.0 365.0 935.0 364.0 923.0 376.0 899.0 377.0 text 0
