586.0 148.0 606.0 147.0 607.0 176.0 587.0 177.0 text 0
187.0 623.0 224.0 623.0 223.0 652.0 186.0 652.0 text 0
5.0 208.0 216.0 202.0 219.0 279.0 8.0 285.0 text 0
13.0 342.0 113.0 337.0 113.0 366.0 13.0 371.0 text 0
116.0 337.0 261.0 334.0 264.0 365.0 119.0 368.0 text 0
12.0 391.0 74.0 391.0 74.0 423.0 12.0 423.0 text 0
80.0 388.0 141.0 384.0 141.0 416.0 80.0 420.0 text 0
141.0 389.0 236.0 382.0 240.0 410.0 145.0 417.0 text 0
12.0 449.0 46.0 446.0 44.0 475.0 10.0 478.0 text 0
53.0 440.0 203.0 437.0 204.0 477.0 54.0 480.0 text 0
204.0 451.0 281.0 448.0 281.0 468.0 204.0 471.0 text 0
1.0 505.0 163.0 498.0 166.0 529.0 4.0 536.0 text 0
189.0 490.0 240.0 488.0 238.0 523.0 187.0 525.0 text 0
249.0 497.0 325.0 491.0 324.0 523.0 248.0 529.0 text 0
6.0 599.0 99.0 589.0 97.0 620.0 4.0 630.0 text 0
98.0 590.0 158.0 587.0 157.0 619.0 97.0 622.0 text 0
159.0 588.0 304.0 586.0 303.0 617.0 158.0 619.0 text 0
51.0 632.0 92.0 632.0 91.0 659.0 50.0 659.0 text 0
7.0 106.0 298.0 96.0 300.0 171.0 9.0 181.0 text 0
95.0 630.0 126.0 629.0 126.0 655.0 95.0 656.0 text 0
127.0 627.0 181.0 624.0 181.0 653.0 127.0 656.0 text 0
10.0 24.0 238.0 16.0 243.0 73.0 15.0 81.0 text 0
608.0 147.0 677.0 145.0 679.0 172.0 610.0 174.0 text 0
678.0 140.0 728.0 142.0 728.0 171.0 678.0 169.0 text 0
722.0 141.0 763.0 138.0 765.0 168.0 724.0 171.0 text 0
765.0 139.0 805.0 138.0 802.0 167.0 762.0 168.0 text 0
800.0 138.0 847.0 134.0 848.0 163.0 801.0 167.0 text 0
843.0 136.0 874.0 136.0 874.0 162.0 843.0 162.0 text 0
874.0 132.0 926.0 130.0 924.0 160.0 872.0 162.0 text 0
926.0 129.0 990.0 128.0 987.0 160.0 923.0 161.0 text 0
987.0 131.0 1021.0 131.0 1021.0 160.0 987.0 160.0 text 0
1018.0 131.0 1082.0 129.0 1081.0 157.0 1017.0 159.0 text 0
594.0 125.0 655.0 122.0 653.0 148.0 592.0 151.0 text 0
651.0 122.0 691.0 120.0 691.0 145.0 651.0 147.0 text 0
734.0 117.0 749.0 117.0 748.0 139.0 733.0 139.0 text 0
745.0 118.0 797.0 116.0 799.0 138.0 747.0 140.0 text 0
61.0 175.0 296.0 158.0 302.0 191.0 67.0 208.0 text 0
0.0 630.0 41.0 630.0 42.0 659.0 1.0 659.0 text 0
65.0 694.0 276.0 685.0 275.0 704.0 64.0 713.0 text 0
180.0 290.0 323.0 289.0 326.0 309.0 184.0 310.0 text 0
386.0 135.0 445.0 131.0 446.0 176.0 387.0 180.0 text 0
289.0 548.0 318.0 550.0 317.0 571.0 288.0 569.0 text 0
