389.0 7.0 490.0 4.0 492.0 24.0 391.0 27.0 text 0
492.0 3.0 549.0 3.0 553.0 27.0 496.0 27.0 text 0
614.0 7.0 713.0 2.0 715.0 21.0 616.0 26.0 text 0
391.0 35.0 454.0 35.0 453.0 71.0 390.0 71.0 text 0
454.0 29.0 530.0 26.0 535.0 61.0 459.0 64.0 text 0
532.0 29.0 588.0 27.0 591.0 59.0 535.0 61.0 text 0
593.0 26.0 652.0 25.0 653.0 56.0 594.0 57.0 text 0
654.0 25.0 716.0 24.0 716.0 56.0 654.0 57.0 text 0
713.0 31.0 754.0 28.0 756.0 52.0 715.0 55.0 text 0
758.0 25.0 828.0 21.0 828.0 52.0 758.0 56.0 text 0
826.0 19.0 921.0 16.0 922.0 50.0 827.0 53.0 text 0
915.0 26.0 960.0 23.0 965.0 46.0 920.0 49.0 text 0
960.0 15.0 1063.0 15.0 1065.0 47.0 962.0 47.0 text 0
1059.0 19.0 1098.0 15.0 1102.0 42.0 1063.0 46.0 text 0
904.0 300.0 1057.0 283.0 1060.0 310.0 907.0 327.0 text 0
934.0 198.0 999.0 195.0 999.0 293.0 934.0 296.0 text 0
