36.0 102.0 131.0 131.0 124.0 177.0 29.0 148.0 text 0
540.0 117.0 560.0 120.0 558.0 136.0 538.0 133.0 text 0
825.0 109.0 922.0 84.0 923.0 120.0 826.0 145.0 text 0
932.0 77.0 952.0 73.0 954.0 108.0 934.0 112.0 text 0
972.0 60.0 1075.0 25.0 1074.0 65.0 971.0 100.0 text 0
703.0 287.0 738.0 293.0 736.0 324.0 701.0 318.0 text 0
1065.0 189.0 1112.0 191.0 1110.0 205.0 1063.0 203.0 text 0
1112.0 192.0 1124.0 192.0 1123.0 206.0 1111.0 206.0 text 0
1125.0 191.0 1149.0 192.0 1149.0 207.0 1125.0 206.0 text 0
819.0 31.0 842.0 19.0 841.0 42.0 818.0 54.0 text 0
