261.0 170.0 338.0 171.0 340.0 206.0 263.0 205.0 text 0
276.0 214.0 309.0 213.0 310.0 236.0 277.0 237.0 text 0
306.0 210.0 321.0 211.0 320.0 225.0 305.0 224.0 text 0
307.0 226.0 327.0 226.0 326.0 236.0 306.0 236.0 text 0
774.0 355.0 814.0 386.0 813.0 446.0 773.0 415.0 text 0
880.0 506.0 981.0 630.0 979.0 707.0 878.0 583.0 text 0
334.0 23.0 412.0 64.0 410.0 93.0 332.0 52.0 text 0
730.0 126.0 759.0 126.0 760.0 139.0 731.0 139.0 text 0
54.0 240.0 88.0 236.0 92.0 261.0 58.0 265.0 text 0
150.0 227.0 177.0 224.0 181.0 248.0 154.0 251.0 text 0
