260.0 223.0 285.0 218.0 288.0 235.0 263.0 240.0 text 0
285.0 217.0 338.0 211.0 337.0 228.0 284.0 234.0 text 0
282.0 258.0 341.0 260.0 341.0 279.0 282.0 277.0 text 0
342.0 258.0 369.0 258.0 368.0 279.0 341.0 279.0 text 0
219.0 325.0 257.0 322.0 259.0 341.0 221.0 344.0 text 0
422.0 143.0 457.0 141.0 459.0 189.0 424.0 190.0 text 0
513.0 300.0 561.0 296.0 562.0 308.0 514.0 312.0 text 0
1133.0 67.0 1226.0 0.0 1237.0 41.0 1144.0 108.0 text 0
1201.0 210.0 1247.0 205.0 1255.0 280.0 1209.0 285.0 text 0
1248.0 210.0 1272.0 200.0 1279.0 253.0 1254.0 262.0 text 0
1257.0 262.0 1277.0 256.0 1278.0 279.0 1258.0 285.0 text 0
1215.0 280.0 1276.0 282.0 1276.0 338.0 1215.0 335.0 text 0
1068.0 238.0 1088.0 237.0 1092.0 282.0 1073.0 283.0 text 0
512.0 260.0 564.0 256.0 563.0 272.0 511.0 275.0 text 0
1197.0 382.0 1265.0 407.0 1264.0 434.0 1196.0 409.0 text 0
1204.0 403.0 1269.0 435.0 1267.0 464.0 1202.0 432.0 text 0
