744.0 58.0 906.0 1.0 911.0 50.0 749.0 107.0 text 0
687.0 85.0 740.0 64.0 743.0 110.0 690.0 131.0 text 0
687.0 128.0 764.0 100.0 764.0 121.0 687.0 149.0 text 0
762.0 97.0 906.0 50.0 909.0 74.0 765.0 121.0 text 0
211.0 210.0 363.0 226.0 352.0 274.0 200.0 258.0 text 0
994.0 488.0 1031.0 490.0 1030.0 507.0 993.0 505.0 text 0
1031.0 491.0 1100.0 498.0 1098.0 515.0 1029.0 508.0 text 0
1132.0 498.0 1183.0 499.0 1182.0 523.0 1131.0 522.0 text 0
1179.0 498.0 1268.0 506.0 1270.0 530.0 1181.0 522.0 text 0
807.0 301.0 896.0 309.0 896.0 336.0 807.0 328.0 text 0
898.0 313.0 939.0 315.0 938.0 343.0 897.0 341.0 text 0
704.0 399.0 758.0 399.0 758.0 430.0 704.0 430.0 text 0
1052.0 317.0 1150.0 309.0 1150.0 327.0 1052.0 335.0 text 0
360.0 410.0 403.0 406.0 401.0 426.0 358.0 430.0 text 0
