600.0 168.0 639.0 166.0 639.0 185.0 600.0 187.0 text 0
747.0 133.0 769.0 130.0 778.0 184.0 756.0 187.0 text 0
507.0 111.0 613.0 119.0 615.0 155.0 509.0 147.0 text 0
614.0 125.0 673.0 129.0 676.0 161.0 618.0 157.0 text 0
506.0 161.0 524.0 161.0 525.0 180.0 507.0 180.0 text 0
409.0 98.0 508.0 104.0 508.0 145.0 410.0 139.0 text 0
523.0 164.0 553.0 164.0 557.0 182.0 526.0 181.0 text 0
307.0 95.0 356.0 101.0 355.0 124.0 306.0 119.0 text 0
557.0 164.0 598.0 165.0 599.0 184.0 558.0 182.0 text 0
786.0 134.0 813.0 135.0 813.0 151.0 785.0 150.0 text 0
813.0 136.0 849.0 137.0 849.0 152.0 813.0 150.0 text 0
849.0 138.0 869.0 139.0 869.0 153.0 849.0 152.0 text 0
791.0 154.0 849.0 157.0 850.0 170.0 792.0 168.0 text 0
851.0 156.0 869.0 156.0 869.0 170.0 851.0 170.0 text 0
812.0 174.0 857.0 174.0 857.0 189.0 812.0 189.0 text 0
709.0 261.0 756.0 261.0 760.0 323.0 713.0 323.0 text 0
665.0 336.0 719.0 337.0 719.0 346.0 666.0 345.0 text 0
588.0 299.0 630.0 299.0 630.0 336.0 590.0 341.0 text 0
668.0 350.0 764.0 351.0 776.0 500.0 673.0 481.0 text 0
124.0 481.0 358.0 425.0 360.0 432.0 129.0 494.0 text 0
