920.0 358.0 966.0 360.0 964.0 378.0 917.0 377.0 text 0
827.0 350.0 922.0 360.0 918.0 377.0 824.0 367.0 text 0
1021.0 3.0 1071.0 18.0 1066.0 70.0 1016.0 54.0 text 0
1035.0 58.0 1060.0 65.0 1058.0 84.0 1034.0 77.0 text 0
795.0 97.0 918.0 110.0 911.0 165.0 787.0 153.0 text 0
921.0 112.0 1047.0 127.0 1041.0 178.0 914.0 163.0 text 0
783.0 216.0 1000.0 238.0 993.0 294.0 776.0 272.0 text 0
773.0 316.0 794.0 322.0 791.0 341.0 770.0 335.0 text 0
791.0 320.0 848.0 331.0 846.0 350.0 788.0 338.0 text 0
844.0 325.0 913.0 335.0 911.0 355.0 842.0 345.0 text 0
913.0 333.0 953.0 337.0 950.0 357.0 910.0 353.0 text 0
948.0 334.0 968.0 337.0 966.0 357.0 946.0 354.0 text 0
962.0 336.0 1010.0 334.0 1010.0 355.0 962.0 357.0 text 0
783.0 340.0 831.0 350.0 827.0 370.0 780.0 360.0 text 0
768.0 340.0 785.0 343.0 782.0 358.0 765.0 355.0 text 0
961.0 361.0 988.0 361.0 988.0 378.0 961.0 378.0 text 0
985.0 358.0 1013.0 356.0 1013.0 373.0 985.0 375.0 text 0
802.0 422.0 892.0 432.0 888.0 462.0 798.0 452.0 text 0
890.0 428.0 953.0 431.0 950.0 463.0 886.0 461.0 text 0
86.0 46.0 130.0 51.0 128.0 74.0 85.0 70.0 text 0
490.0 56.0 552.0 63.0 550.0 91.0 487.0 84.0 text 0
348.0 134.0 413.0 140.0 413.0 166.0 348.0 161.0 text 0
340.0 258.0 384.0 260.0 384.0 288.0 340.0 287.0 text 0
381.0 260.0 403.0 261.0 403.0 278.0 381.0 277.0 text 0
362.0 85.0 400.0 88.0 400.0 107.0 362.0 104.0 text 0
42.0 15.0 81.0 23.0 77.0 38.0 38.0 31.0 text 0
381.0 278.0 404.0 280.0 404.0 290.0 381.0 288.0 text 0
492.0 84.0 546.0 90.0 545.0 96.0 491.0 91.0 text 0
804.0 1.0 908.0 0.0 902.0 45.0 804.0 39.0 text 0
