328.0 614.0 371.0 638.0 355.0 655.0 312.0 632.0 text 0
457.0 638.0 492.0 652.0 473.0 670.0 439.0 655.0 text 0
602.0 372.0 635.0 342.0 650.0 406.0 617.0 436.0 text 0
637.0 352.0 672.0 317.0 683.0 372.0 649.0 406.0 text 0
282.0 102.0 331.0 98.0 337.0 124.0 288.0 128.0 text 0
405.0 335.0 502.0 361.0 513.0 398.0 416.0 372.0 text 0
456.0 317.0 519.0 333.0 522.0 355.0 459.0 340.0 text 0
418.0 382.0 540.0 422.0 553.0 464.0 431.0 424.0 text 0
874.0 280.0 918.0 286.0 905.0 298.0 867.0 291.0 text 0
382.0 302.0 456.0 319.0 460.0 339.0 385.0 322.0 text 0
459.0 433.0 532.0 458.0 532.0 472.0 460.0 446.0 text 0
871.0 269.0 922.0 274.0 915.0 284.0 864.0 279.0 text 0
546.0 307.0 593.0 311.0 590.0 320.0 543.0 315.0 text 0
895.0 260.0 927.0 263.0 921.0 273.0 890.0 269.0 text 0
850.0 291.0 906.0 299.0 901.0 308.0 846.0 299.0 text 0
333.0 95.0 391.0 97.0 396.0 124.0 338.0 122.0 text 0
169.0 597.0 230.0 636.0 217.0 653.0 157.0 614.0 text 0
560.0 667.0 587.0 677.0 579.0 687.0 552.0 677.0 text 0
265.0 652.0 303.0 674.0 281.0 689.0 254.0 670.0 text 0
523.0 679.0 609.0 714.0 561.0 710.0 499.0 687.0 text 0
391.0 637.0 427.0 655.0 408.0 676.0 372.0 659.0 text 0
684.0 653.0 715.0 600.0 737.0 608.0 707.0 661.0 text 0
413.0 616.0 447.0 632.0 427.0 657.0 393.0 640.0 text 0
286.0 532.0 315.0 544.0 297.0 558.0 269.0 545.0 text 0
614.0 636.0 673.0 654.0 666.0 662.0 607.0 643.0 text 0
620.0 554.0 677.0 570.0 668.0 582.0 611.0 565.0 text 0
497.0 513.0 575.0 540.0 568.0 556.0 489.0 529.0 text 0
262.0 546.0 303.0 566.0 289.0 576.0 248.0 555.0 text 0
501.0 585.0 543.0 601.0 536.0 609.0 495.0 593.0 text 0
596.0 575.0 650.0 590.0 639.0 599.0 585.0 584.0 text 0
637.0 530.0 699.0 550.0 690.0 560.0 628.0 540.0 text 0
630.0 668.0 661.0 677.0 649.0 688.0 619.0 679.0 text 0
586.0 599.0 635.0 614.0 627.0 627.0 577.0 612.0 text 0
217.0 660.0 293.0 712.0 271.0 712.0 207.0 669.0 text 0
545.0 550.0 581.0 564.0 569.0 578.0 532.0 563.0 text 0
576.0 541.0 594.0 548.0 582.0 564.0 564.0 557.0 text 0
521.0 505.0 606.0 534.0 594.0 542.0 509.0 512.0 text 0
537.0 493.0 603.0 514.0 593.0 524.0 527.0 503.0 text 0
541.0 353.0 588.0 361.0 578.0 371.0 531.0 363.0 text 0
626.0 466.0 675.0 408.0 690.0 411.0 641.0 469.0 text 0
645.0 468.0 675.0 436.0 691.0 438.0 661.0 470.0 text 0
682.0 482.0 731.0 424.0 742.0 429.0 693.0 487.0 text 0
244.0 383.0 294.0 398.0 288.0 407.0 242.0 390.0 text 0
226.0 391.0 282.0 409.0 276.0 417.0 220.0 399.0 text 0
317.0 504.0 356.0 521.0 346.0 534.0 307.0 517.0 text 0
303.0 520.0 327.0 532.0 320.0 540.0 297.0 527.0 text 0
739.0 336.0 768.0 299.0 779.0 302.0 750.0 338.0 text 0
752.0 340.0 780.0 302.0 792.0 304.0 762.0 339.0 text 0
810.0 327.0 902.0 345.0 898.0 349.0 806.0 330.0 text 0
548.0 640.0 583.0 652.0 575.0 660.0 540.0 648.0 text 0
