0.0 195.0 83.0 211.0 81.0 242.0 0.0 229.0 text 0
125.0 224.0 181.0 231.0 181.0 257.0 125.0 249.0 text 0
181.0 235.0 224.0 240.0 222.0 263.0 179.0 258.0 text 0
222.0 243.0 265.0 248.0 264.0 268.0 221.0 263.0 text 0
277.0 276.0 401.0 266.0 399.0 288.0 275.0 298.0 text 0
512.0 257.0 570.0 253.0 570.0 277.0 511.0 280.0 text 0
577.0 254.0 610.0 250.0 610.0 274.0 578.0 278.0 text 0
579.0 502.0 649.0 496.0 649.0 513.0 579.0 520.0 text 0
647.0 505.0 665.0 500.0 666.0 510.0 648.0 515.0 text 0
664.0 494.0 728.0 490.0 728.0 508.0 664.0 511.0 text 0
1078.0 468.0 1176.0 456.0 1179.0 477.0 1080.0 489.0 text 0
450.0 509.0 585.0 499.0 584.0 517.0 449.0 527.0 text 0
