98.0 164.0 150.0 175.0 145.0 197.0 94.0 186.0 text 0
659.0 173.0 715.0 202.0 712.0 238.0 655.0 216.0 text 0
530.0 141.0 558.0 152.0 554.0 168.0 525.0 157.0 text 0
236.0 173.0 327.0 188.0 326.0 207.0 235.0 192.0 text 0
328.0 190.0 396.0 205.0 390.0 222.0 322.0 206.0 text 0
465.0 62.0 530.0 86.0 516.0 154.0 452.0 130.0 text 0
344.0 214.0 375.0 222.0 373.0 237.0 342.0 230.0 text 0
224.0 190.0 343.0 212.0 341.0 233.0 222.0 211.0 text 0
377.0 220.0 405.0 226.0 401.0 242.0 373.0 235.0 text 0
70.0 130.0 185.0 154.0 180.0 180.0 64.0 155.0 text 0
4.0 115.0 65.0 130.0 61.0 154.0 0.0 140.0 text 0
152.0 176.0 196.0 185.0 194.0 206.0 150.0 197.0 text 0
103.0 190.0 160.0 202.0 154.0 217.0 97.0 205.0 text 0
58.0 183.0 100.0 190.0 96.0 207.0 55.0 201.0 text 0
78.0 461.0 155.0 434.0 164.0 448.0 87.0 474.0 text 0
714.0 220.0 736.0 232.0 735.0 248.0 714.0 238.0 text 0
184.0 445.0 252.0 418.0 255.0 427.0 190.0 455.0 text 0
279.0 407.0 319.0 404.0 317.0 412.0 282.0 412.0 text 0
362.0 297.0 387.0 298.0 384.0 303.0 362.0 303.0 text 0
966.0 558.0 1079.0 562.0 1076.0 593.0 963.0 589.0 text 0
359.0 2.0 455.0 45.0 445.0 128.0 349.0 84.0 text 0
723.0 205.0 745.0 214.0 742.0 231.0 721.0 222.0 text 0
6.0 148.0 95.0 165.0 89.0 188.0 0.0 171.0 text 0
270.0 218.0 328.0 228.0 326.0 243.0 269.0 233.0 text 0
328.0 229.0 370.0 235.0 368.0 250.0 326.0 243.0 text 0
228.0 480.0 290.0 471.0 287.0 487.0 226.0 496.0 text 0
289.0 470.0 325.0 463.0 324.0 479.0 288.0 486.0 text 0
322.0 465.0 342.0 463.0 343.0 475.0 323.0 477.0 text 0
63.0 511.0 118.0 501.0 118.0 519.0 63.0 529.0 text 0
6.0 523.0 62.0 513.0 60.0 531.0 5.0 541.0 text 0
13.0 173.0 58.0 181.0 54.0 200.0 10.0 192.0 text 0
961.0 512.0 1089.0 531.0 1083.0 576.0 955.0 557.0 text 0
151.0 1.0 315.0 0.0 309.0 64.0 151.0 2.0 text 0
