616.0 151.0 707.0 163.0 705.0 177.0 614.0 165.0 text 0
775.0 167.0 851.0 176.0 846.0 192.0 771.0 183.0 text 0
828.0 46.0 980.0 76.0 973.0 134.0 822.0 104.0 text 0
1137.0 113.0 1244.0 134.0 1244.0 177.0 1137.0 156.0 text 0
235.0 90.0 334.0 103.0 335.0 124.0 236.0 111.0 text 0
340.0 104.0 424.0 114.0 423.0 133.0 338.0 123.0 text 0
425.0 115.0 536.0 128.0 536.0 145.0 425.0 132.0 text 0
533.0 127.0 570.0 133.0 571.0 150.0 534.0 144.0 text 0
571.0 133.0 600.0 135.0 600.0 153.0 571.0 151.0 text 0
692.0 148.0 750.0 156.0 747.0 167.0 690.0 160.0 text 0
630.0 141.0 695.0 147.0 693.0 161.0 627.0 154.0 text 0
708.0 163.0 760.0 170.0 760.0 183.0 708.0 176.0 text 0
640.0 168.0 742.0 182.0 741.0 191.0 638.0 177.0 text 0
842.0 162.0 887.0 167.0 886.0 182.0 841.0 176.0 text 0
783.0 156.0 838.0 163.0 837.0 175.0 782.0 168.0 text 0
852.0 177.0 896.0 183.0 895.0 197.0 851.0 192.0 text 0
803.0 186.0 867.0 194.0 866.0 203.0 802.0 195.0 text 0
46.0 74.0 101.0 77.0 101.0 97.0 46.0 94.0 text 0
100.0 80.0 145.0 83.0 144.0 103.0 98.0 100.0 text 0
3.0 67.0 40.0 72.0 37.0 92.0 1.0 87.0 text 0
161.0 191.0 217.0 194.0 214.0 219.0 158.0 215.0 text 0
79.0 140.0 181.0 138.0 183.0 155.0 80.0 157.0 text 0
104.0 157.0 160.0 155.0 162.0 173.0 106.0 174.0 text 0
508.0 1.0 809.0 45.0 807.0 100.0 506.0 55.0 text 0
212.0 1.0 485.0 0.0 485.0 49.0 211.0 10.0 text 0
359.0 149.0 502.0 165.0 577.0 191.0 262.0 162.0 text 0
528.0 153.0 588.0 151.0 598.0 174.0 527.0 179.0 text 0
304.0 124.0 544.0 151.0 495.0 163.0 368.0 148.0 text 0
