43.0 206.0 86.0 198.0 84.0 215.0 41.0 223.0 text 0
0.0 255.0 41.0 248.0 41.0 262.0 0.0 268.0 text 0
230.0 228.0 360.0 210.0 363.0 235.0 233.0 254.0 text 0
253.0 253.0 338.0 242.0 342.0 262.0 256.0 273.0 text 0
270.0 336.0 336.0 331.0 337.0 348.0 271.0 354.0 text 0
256.0 208.0 327.0 197.0 327.0 215.0 256.0 226.0 text 0
243.0 360.0 371.0 344.0 374.0 371.0 246.0 386.0 text 0
383.0 17.0 447.0 42.0 448.0 70.0 384.0 45.0 text 0
273.0 387.0 345.0 380.0 345.0 405.0 273.0 413.0 text 0
247.0 488.0 395.0 485.0 397.0 507.0 250.0 511.0 text 0
302.0 510.0 350.0 510.0 351.0 527.0 303.0 527.0 text 0
298.0 562.0 357.0 562.0 357.0 577.0 298.0 577.0 text 0
280.0 580.0 377.0 583.0 376.0 597.0 278.0 594.0 text 0
300.0 601.0 371.0 602.0 368.0 618.0 297.0 617.0 text 0
283.0 622.0 390.0 623.0 390.0 640.0 283.0 638.0 text 0
2.0 145.0 41.0 138.0 41.0 158.0 2.0 165.0 text 0
1.0 214.0 42.0 206.0 42.0 225.0 1.0 233.0 text 0
44.0 135.0 100.0 125.0 97.0 146.0 42.0 156.0 text 0
82.0 216.0 114.0 211.0 112.0 228.0 80.0 234.0 text 0
2.0 166.0 72.0 155.0 70.0 177.0 0.0 188.0 text 0
0.0 274.0 40.0 268.0 40.0 283.0 0.0 288.0 text 0
41.0 265.0 88.0 257.0 90.0 275.0 42.0 283.0 text 0
277.0 456.0 362.0 455.0 363.0 468.0 278.0 470.0 text 0
292.0 474.0 342.0 475.0 344.0 487.0 294.0 486.0 text 0
247.0 325.0 353.0 312.0 356.0 323.0 251.0 336.0 text 0
241.0 195.0 335.0 180.0 338.0 192.0 244.0 207.0 text 0
10.0 430.0 72.0 426.0 73.0 442.0 11.0 445.0 text 0
73.0 423.0 115.0 422.0 115.0 440.0 73.0 441.0 text 0
120.0 420.0 163.0 418.0 162.0 437.0 118.0 438.0 text 0
33.0 474.0 92.0 468.0 94.0 491.0 35.0 496.0 text 0
96.0 468.0 150.0 468.0 151.0 490.0 97.0 490.0 text 0
540.0 0.0 753.0 123.0 755.0 164.0 535.0 70.0 text 0
0.0 235.0 75.0 220.0 77.0 235.0 1.0 251.0 text 0
91.0 391.0 122.0 403.0 121.0 414.0 89.0 401.0 text 0
118.0 405.0 152.0 387.0 161.0 399.0 127.0 417.0 text 0
6.0 401.0 58.0 401.0 57.0 412.0 5.0 412.0 text 0
1126.0 127.0 1170.0 103.0 1180.0 146.0 1134.0 167.0 text 0
1097.0 148.0 1127.0 130.0 1134.0 165.0 1104.0 180.0 text 0
1075.0 159.0 1096.0 150.0 1104.0 179.0 1083.0 187.0 text 0
2.0 112.0 62.0 106.0 104.0 116.0 1.0 135.0 text 0
