588.0 317.0 604.0 315.0 618.0 383.0 603.0 385.0 text 0
544.0 327.0 565.0 322.0 578.0 388.0 557.0 393.0 text 0
1007.0 34.0 1104.0 17.0 1106.0 49.0 1010.0 65.0 text 0
88.0 567.0 173.0 550.0 173.0 567.0 88.0 584.0 text 0
176.0 549.0 243.0 535.0 244.0 551.0 176.0 564.0 text 0
716.0 93.0 802.0 78.0 803.0 94.0 717.0 109.0 text 0
300.0 525.0 343.0 516.0 346.0 534.0 303.0 544.0 text 0
370.0 133.0 501.0 111.0 509.0 149.0 378.0 170.0 text 0
303.0 546.0 317.0 542.0 318.0 554.0 304.0 558.0 text 0
317.0 542.0 354.0 533.0 356.0 545.0 320.0 554.0 text 0
275.0 532.0 298.0 525.0 303.0 557.0 280.0 564.0 text 0
374.0 511.0 382.0 509.0 383.0 523.0 375.0 524.0 text 0
393.0 504.0 453.0 490.0 455.0 504.0 394.0 518.0 text 0
33.0 14.0 63.0 18.0 73.0 65.0 44.0 61.0 text 0
3.0 71.0 34.0 74.0 38.0 98.0 6.0 95.0 text 0
510.0 57.0 559.0 51.0 561.0 68.0 513.0 74.0 text 0
1154.0 357.0 1192.0 354.0 1196.0 370.0 1158.0 374.0 text 0
1140.0 374.0 1211.0 367.0 1214.0 386.0 1144.0 393.0 text 0
419.0 703.0 426.0 700.0 428.0 715.0 421.0 717.0 text 0
435.0 698.0 493.0 682.0 495.0 694.0 438.0 710.0 text 0
128.0 120.0 149.0 117.0 151.0 132.0 130.0 135.0 text 0
193.0 111.0 208.0 109.0 210.0 123.0 195.0 125.0 text 0
34.0 80.0 52.0 80.0 55.0 100.0 37.0 99.0 text 0
63.0 24.0 80.0 27.0 86.0 52.0 69.0 49.0 text 0
1004.0 208.0 1083.0 193.0 1085.0 218.0 1005.0 233.0 text 0
1028.0 230.0 1066.0 224.0 1069.0 247.0 1031.0 254.0 text 0
1089.0 262.0 1174.0 248.0 1177.0 262.0 1092.0 277.0 text 0
1095.0 275.0 1175.0 262.0 1176.0 277.0 1096.0 290.0 text 0
766.0 279.0 785.0 276.0 793.0 315.0 774.0 319.0 text 0
771.0 319.0 793.0 314.0 807.0 377.0 785.0 382.0 text 0
750.0 328.0 770.0 324.0 782.0 382.0 762.0 386.0 text 0
798.0 316.0 819.0 312.0 831.0 379.0 810.0 383.0 text 0
648.0 313.0 653.0 343.0 637.0 348.0 632.0 319.0 text 0
822.0 313.0 842.0 308.0 856.0 374.0 835.0 378.0 text 0
743.0 284.0 765.0 281.0 770.0 320.0 748.0 323.0 text 0
443.0 414.0 460.0 411.0 470.0 454.0 453.0 458.0 text 0
639.0 356.0 654.0 350.0 665.0 405.0 649.0 410.0 text 0
403.0 359.0 423.0 354.0 428.0 373.0 408.0 378.0 text 0
470.0 412.0 489.0 409.0 499.0 452.0 480.0 455.0 text 0
378.0 362.0 398.0 359.0 402.0 379.0 383.0 382.0 text 0
604.0 494.0 681.0 487.0 687.0 518.0 610.0 526.0 text 0
629.0 528.0 694.0 521.0 697.0 555.0 632.0 562.0 text 0
516.0 554.0 529.0 551.0 533.0 578.0 520.0 580.0 text 0
497.0 582.0 512.0 579.0 522.0 620.0 507.0 622.0 text 0
494.0 553.0 506.0 552.0 512.0 577.0 501.0 578.0 text 0
519.0 580.0 535.0 578.0 547.0 621.0 531.0 624.0 text 0
479.0 593.0 492.0 590.0 499.0 624.0 487.0 626.0 text 0
474.0 566.0 487.0 565.0 492.0 590.0 479.0 591.0 text 0
467.0 530.0 482.0 529.0 489.0 564.0 475.0 565.0 text 0
308.0 312.0 330.0 309.0 345.0 369.0 322.0 372.0 text 0
278.0 318.0 300.0 313.0 316.0 371.0 294.0 376.0 text 0
323.0 370.0 342.0 366.0 358.0 432.0 339.0 436.0 text 0
793.0 643.0 810.0 641.0 819.0 683.0 802.0 685.0 text 0
295.0 374.0 313.0 370.0 328.0 436.0 309.0 440.0 text 0
631.0 693.0 674.0 693.0 677.0 712.0 635.0 712.0 text 0
857.0 630.0 872.0 628.0 879.0 669.0 864.0 671.0 text 0
850.0 604.0 867.0 600.0 873.0 628.0 857.0 632.0 text 0
789.0 618.0 808.0 614.0 813.0 639.0 794.0 644.0 text 0
1208.0 522.0 1269.0 514.0 1273.0 530.0 1211.0 539.0 text 0
1210.0 503.0 1256.0 497.0 1258.0 516.0 1212.0 522.0 text 0
1230.0 569.0 1257.0 566.0 1259.0 581.0 1232.0 583.0 text 0
1213.0 559.0 1273.0 553.0 1274.0 568.0 1214.0 574.0 text 0
753.0 514.0 770.0 508.0 780.0 546.0 763.0 551.0 text 0
444.0 538.0 458.0 535.0 468.0 571.0 453.0 574.0 text 0
424.0 542.0 438.0 541.0 447.0 578.0 433.0 579.0 text 0
1197.0 176.0 1205.0 174.0 1212.0 215.0 1204.0 217.0 text 0
1183.0 178.0 1193.0 177.0 1202.0 217.0 1194.0 218.0 text 0
1099.0 291.0 1174.0 277.0 1177.0 291.0 1102.0 305.0 text 0
985.0 226.0 997.0 291.0 990.0 292.0 978.0 227.0 text 0
1016.0 308.0 1095.0 293.0 1097.0 306.0 1018.0 321.0 text 0
993.0 221.0 1006.0 290.0 1001.0 291.0 988.0 222.0 text 0
965.0 221.0 977.0 290.0 965.0 295.0 953.0 221.0 text 0
929.0 222.0 942.0 221.0 954.0 297.0 941.0 298.0 text 0
920.0 224.0 936.0 310.0 924.0 314.0 908.0 228.0 text 0
898.0 228.0 916.0 318.0 903.0 320.0 885.0 231.0 text 0
691.0 281.0 705.0 341.0 694.0 343.0 680.0 282.0 text 0
664.0 285.0 677.0 349.0 665.0 352.0 653.0 288.0 text 0
567.0 322.0 585.0 318.0 599.0 386.0 581.0 390.0 text 0
606.0 314.0 624.0 310.0 634.0 376.0 616.0 380.0 text 0
535.0 322.0 551.0 397.0 541.0 397.0 525.0 322.0 text 0
520.0 366.0 536.0 434.0 528.0 435.0 512.0 368.0 text 0
453.0 329.0 476.0 327.0 485.0 381.0 462.0 382.0 text 0
424.0 332.0 450.0 330.0 461.0 385.0 435.0 388.0 text 0
332.0 305.0 361.0 302.0 388.0 431.0 360.0 435.0 text 0
280.0 368.0 300.0 456.0 284.0 460.0 264.0 371.0 text 0
169.0 390.0 187.0 462.0 177.0 465.0 159.0 392.0 text 0
155.0 394.0 168.0 463.0 159.0 465.0 146.0 396.0 text 0
137.0 403.0 151.0 464.0 142.0 465.0 128.0 405.0 text 0
125.0 406.0 137.0 467.0 125.0 469.0 114.0 408.0 text 0
107.0 579.0 225.0 555.0 225.0 563.0 107.0 587.0 text 0
97.0 592.0 233.0 563.0 236.0 575.0 99.0 604.0 text 0
380.0 531.0 454.0 514.0 455.0 523.0 382.0 540.0 text 0
508.0 478.0 543.0 470.0 543.0 479.0 507.0 487.0 text 0
521.0 491.0 553.0 485.0 555.0 495.0 523.0 501.0 text 0
627.0 445.0 670.0 435.0 672.0 445.0 629.0 455.0 text 0
1266.0 347.0 1277.0 346.0 1279.0 381.0 1267.0 383.0 text 0
1142.0 396.0 1219.0 388.0 1222.0 428.0 1145.0 436.0 text 0
1022.0 350.0 1096.0 334.0 1100.0 345.0 1025.0 361.0 text 0
1000.0 373.0 1127.0 343.0 1126.0 353.0 999.0 383.0 text 0
1012.0 380.0 1107.0 358.0 1110.0 367.0 1015.0 389.0 text 0
1069.0 386.0 1080.0 467.0 1070.0 469.0 1059.0 388.0 text 0
1050.0 394.0 1061.0 474.0 1055.0 475.0 1043.0 395.0 text 0
1035.0 398.0 1047.0 477.0 1040.0 478.0 1028.0 399.0 text 0
1003.0 401.0 1018.0 398.0 1025.0 450.0 1010.0 453.0 text 0
1011.0 453.0 1026.0 450.0 1032.0 486.0 1017.0 488.0 text 0
988.0 405.0 1000.0 402.0 1009.0 452.0 997.0 454.0 text 0
996.0 456.0 1011.0 456.0 1016.0 494.0 1002.0 495.0 text 0
971.0 410.0 984.0 408.0 995.0 459.0 982.0 461.0 text 0
983.0 462.0 993.0 460.0 1000.0 494.0 989.0 497.0 text 0
795.0 427.0 807.0 477.0 797.0 480.0 786.0 430.0 text 0
802.0 508.0 809.0 507.0 815.0 537.0 807.0 538.0 text 0
767.0 444.0 782.0 442.0 790.0 498.0 775.0 500.0 text 0
777.0 499.0 790.0 498.0 798.0 547.0 785.0 548.0 text 0
742.0 449.0 753.0 448.0 760.0 489.0 750.0 490.0 text 0
730.0 527.0 750.0 523.0 756.0 561.0 737.0 564.0 text 0
719.0 471.0 741.0 469.0 750.0 513.0 728.0 515.0 text 0
628.0 568.0 688.0 554.0 691.0 577.0 631.0 592.0 text 0
466.0 572.0 479.0 634.0 467.0 637.0 454.0 575.0 text 0
444.0 577.0 460.0 641.0 450.0 643.0 434.0 579.0 text 0
390.0 601.0 403.0 596.0 410.0 619.0 396.0 625.0 text 0
353.0 553.0 367.0 551.0 381.0 605.0 367.0 607.0 text 0
369.0 616.0 382.0 613.0 395.0 665.0 382.0 668.0 text 0
340.0 612.0 359.0 606.0 363.0 630.0 344.0 636.0 text 0
305.0 567.0 324.0 564.0 335.0 618.0 316.0 620.0 text 0
320.0 630.0 337.0 628.0 348.0 681.0 331.0 683.0 text 0
283.0 574.0 298.0 570.0 310.0 623.0 295.0 628.0 text 0
300.0 636.0 314.0 633.0 326.0 688.0 312.0 690.0 text 0
270.0 636.0 287.0 631.0 298.0 690.0 281.0 695.0 text 0
251.0 647.0 266.0 642.0 279.0 693.0 263.0 698.0 text 0
230.0 652.0 247.0 646.0 257.0 699.0 240.0 704.0 text 0
254.0 575.0 273.0 572.0 284.0 623.0 265.0 626.0 text 0
235.0 582.0 253.0 577.0 264.0 626.0 246.0 631.0 text 0
216.0 588.0 233.0 584.0 243.0 630.0 226.0 635.0 text 0
211.0 591.0 240.0 705.0 217.0 710.0 189.0 596.0 text 0
189.0 596.0 217.0 714.0 195.0 717.0 167.0 600.0 text 0
545.0 668.0 581.0 660.0 584.0 670.0 548.0 678.0 text 0
559.0 682.0 587.0 675.0 588.0 686.0 560.0 693.0 text 0
534.0 672.0 543.0 670.0 545.0 681.0 537.0 683.0 text 0
548.0 686.0 556.0 685.0 559.0 696.0 550.0 697.0 text 0
819.0 616.0 831.0 613.0 841.0 663.0 829.0 666.0 text 0
756.0 618.0 770.0 614.0 783.0 676.0 769.0 680.0 text 0
737.0 622.0 750.0 620.0 762.0 682.0 749.0 684.0 text 0
660.0 633.0 699.0 623.0 703.0 633.0 664.0 643.0 text 0
1036.0 523.0 1101.0 505.0 1105.0 516.0 1041.0 535.0 text 0
1019.0 549.0 1138.0 511.0 1144.0 521.0 1025.0 559.0 text 0
1032.0 556.0 1124.0 527.0 1130.0 541.0 1038.0 570.0 text 0
1015.0 613.0 1029.0 609.0 1035.0 654.0 1021.0 658.0 text 0
998.0 619.0 1008.0 616.0 1015.0 660.0 1006.0 663.0 text 0
765.0 682.0 783.0 677.0 791.0 713.0 772.0 718.0 text 0
747.0 690.0 766.0 686.0 772.0 717.0 753.0 719.0 text 0
805.0 687.0 819.0 684.0 824.0 716.0 810.0 719.0 text 0
1225.0 654.0 1240.0 652.0 1249.0 708.0 1234.0 710.0 text 0
1207.0 660.0 1223.0 656.0 1233.0 711.0 1217.0 715.0 text 0
96.0 420.0 110.0 416.0 124.0 474.0 111.0 476.0 text 0
80.0 426.0 92.0 422.0 104.0 476.0 91.0 480.0 text 0
495.0 481.0 505.0 478.0 509.0 490.0 499.0 493.0 text 0
509.0 492.0 518.0 490.0 523.0 507.0 513.0 509.0 text 0
