1116.0 145.0 1145.0 142.0 1149.0 164.0 1120.0 167.0 text 0
1178.0 186.0 1228.0 181.0 1228.0 197.0 1178.0 202.0 text 0
380.0 144.0 462.0 133.0 464.0 152.0 382.0 163.0 text 0
238.0 84.0 307.0 98.0 307.0 117.0 238.0 103.0 text 0
235.0 1.0 297.0 16.0 303.0 75.0 238.0 58.0 text 0
387.0 118.0 447.0 112.0 450.0 132.0 390.0 138.0 text 0
360.0 97.0 466.0 82.0 468.0 105.0 362.0 121.0 text 0
1121.0 192.0 1178.0 186.0 1179.0 200.0 1122.0 206.0 text 0
1187.0 136.0 1219.0 133.0 1223.0 153.0 1192.0 156.0 text 0
554.0 129.0 582.0 135.0 584.0 171.0 556.0 166.0 text 0
582.0 139.0 596.0 141.0 597.0 174.0 583.0 172.0 text 0
595.0 146.0 619.0 151.0 622.0 181.0 599.0 176.0 text 0
562.0 106.0 577.0 110.0 579.0 133.0 564.0 129.0 text 0
578.0 115.0 618.0 131.0 618.0 149.0 578.0 133.0 text 0
96.0 1.0 235.0 1.0 236.0 51.0 97.0 14.0 text 0
