381.0 30.0 450.0 56.0 450.0 100.0 381.0 73.0 text 0
103.0 420.0 190.0 424.0 185.0 444.0 98.0 440.0 text 0
119.0 442.0 134.0 443.0 131.0 458.0 116.0 457.0 text 0
133.0 442.0 186.0 445.0 184.0 461.0 131.0 459.0 text 0
87.0 458.0 113.0 460.0 102.0 500.0 76.0 498.0 text 0
95.0 442.0 121.0 443.0 116.0 458.0 91.0 457.0 text 0
108.0 481.0 135.0 482.0 129.0 501.0 103.0 500.0 text 0
159.0 463.0 182.0 464.0 173.0 504.0 150.0 503.0 text 0
137.0 476.0 155.0 479.0 149.0 503.0 132.0 500.0 text 0
480.0 125.0 515.0 134.0 514.0 156.0 478.0 147.0 text 0
524.0 130.0 558.0 142.0 556.0 166.0 522.0 154.0 text 0
556.0 154.0 578.0 152.0 578.0 164.0 556.0 166.0 text 0
554.0 166.0 573.0 164.0 573.0 174.0 554.0 176.0 text 0
552.0 177.0 580.0 175.0 582.0 188.0 554.0 191.0 text 0
326.0 3.0 378.0 24.0 386.0 75.0 333.0 54.0 text 0
405.0 91.0 449.0 104.0 450.0 123.0 406.0 111.0 text 0
501.0 153.0 515.0 155.0 515.0 165.0 501.0 163.0 text 0
340.0 361.0 358.0 360.0 358.0 367.0 342.0 373.0 text 0
302.0 337.0 322.0 335.0 323.0 342.0 307.0 349.0 text 0
326.0 400.0 345.0 391.0 348.0 398.0 334.0 408.0 text 0
335.0 332.0 353.0 331.0 356.0 338.0 340.0 345.0 text 0
304.0 368.0 326.0 363.0 327.0 370.0 307.0 378.0 text 0
266.0 343.0 288.0 337.0 292.0 345.0 270.0 354.0 text 0
268.0 370.0 288.0 368.0 290.0 375.0 272.0 382.0 text 0
294.0 401.0 312.0 396.0 316.0 405.0 300.0 411.0 text 0
353.0 393.0 377.0 389.0 379.0 397.0 362.0 405.0 text 0
265.0 401.0 286.0 398.0 288.0 407.0 269.0 415.0 text 0
276.0 461.0 294.0 461.0 295.0 468.0 278.0 475.0 text 0
315.0 424.0 333.0 423.0 336.0 432.0 318.0 439.0 text 0
281.0 430.0 298.0 426.0 298.0 435.0 284.0 443.0 text 0
266.0 0.0 331.0 0.0 337.0 50.0 269.0 24.0 text 0
191.0 0.0 264.0 0.0 264.0 29.0 189.0 1.0 text 0
