577.0 49.0 605.0 53.0 605.0 66.0 577.0 63.0 text 0
992.0 106.0 1052.0 116.0 1035.0 138.0 975.0 128.0 text 0
795.0 67.0 875.0 81.0 850.0 113.0 770.0 100.0 text 0
877.0 82.0 937.0 94.0 913.0 123.0 853.0 111.0 text 0
940.0 96.0 995.0 108.0 973.0 132.0 917.0 120.0 text 0
548.0 110.0 658.0 115.0 660.0 150.0 550.0 144.0 text 0
556.0 71.0 651.0 78.0 650.0 115.0 555.0 107.0 text 0
611.0 55.0 640.0 60.0 639.0 71.0 612.0 67.0 text 0
239.0 165.0 335.0 163.0 333.0 206.0 237.0 208.0 text 0
179.0 173.0 239.0 173.0 238.0 216.0 179.0 217.0 text 0
89.0 169.0 179.0 170.0 178.0 230.0 89.0 229.0 text 0
710.0 113.0 760.0 117.0 760.0 131.0 710.0 127.0 text 0
912.0 1.0 944.0 1.0 942.0 27.0 910.0 19.0 text 0
101.0 231.0 143.0 233.0 141.0 253.0 97.0 245.0 text 0
