208.0 296.0 232.0 293.0 232.0 308.0 208.0 312.0 text 0
81.0 342.0 120.0 334.0 122.0 352.0 83.0 360.0 text 0
173.0 147.0 255.0 144.0 257.0 172.0 175.0 175.0 text 0
43.0 327.0 112.0 314.0 115.0 332.0 46.0 345.0 text 0
114.0 314.0 156.0 306.0 156.0 322.0 114.0 330.0 text 0
103.0 166.0 152.0 161.0 153.0 176.0 104.0 182.0 text 0
157.0 305.0 206.0 297.0 206.0 314.0 157.0 322.0 text 0
41.0 175.0 96.0 171.0 98.0 186.0 43.0 191.0 text 0
123.0 331.0 162.0 324.0 163.0 343.0 124.0 350.0 text 0
162.0 325.0 207.0 317.0 210.0 333.0 164.0 341.0 text 0
40.0 371.0 94.0 358.0 96.0 376.0 42.0 388.0 text 0
94.0 360.0 122.0 354.0 125.0 370.0 97.0 375.0 text 0
123.0 352.0 166.0 344.0 170.0 362.0 126.0 370.0 text 0
167.0 344.0 204.0 336.0 206.0 353.0 170.0 361.0 text 0
206.0 336.0 248.0 328.0 250.0 345.0 207.0 353.0 text 0
396.0 263.0 450.0 253.0 455.0 270.0 394.0 279.0 text 0
422.0 280.0 457.0 272.0 459.0 284.0 423.0 289.0 text 0
720.0 132.0 791.0 126.0 792.0 209.0 734.0 217.0 text 0
