999.0 193.0 1194.0 187.0 1195.0 221.0 1000.0 227.0 text 0
793.0 239.0 854.0 239.0 854.0 259.0 794.0 259.0 text 0
794.0 274.0 820.0 273.0 820.0 283.0 793.0 283.0 text 0
824.0 273.0 852.0 275.0 852.0 283.0 824.0 282.0 text 0
199.0 60.0 255.0 76.0 254.0 86.0 198.0 71.0 text 0
911.0 272.0 954.0 272.0 954.0 285.0 912.0 286.0 text 0
228.0 197.0 277.0 204.0 275.0 213.0 227.0 206.0 text 0
788.0 290.0 799.0 292.0 800.0 300.0 787.0 300.0 text 0
798.0 291.0 840.0 293.0 841.0 301.0 801.0 300.0 text 0
839.0 291.0 855.0 293.0 855.0 299.0 842.0 299.0 text 0
911.0 285.0 953.0 284.0 954.0 294.0 912.0 294.0 text 0
918.0 295.0 946.0 295.0 945.0 304.0 919.0 303.0 text 0
