855.0 161.0 877.0 160.0 877.0 170.0 855.0 171.0 text 0
1081.0 128.0 1141.0 128.0 1141.0 142.0 1081.0 142.0 text 0
545.0 85.0 576.0 85.0 576.0 105.0 545.0 106.0 text 0
582.0 85.0 648.0 84.0 647.0 104.0 582.0 104.0 text 0
269.0 169.0 319.0 168.0 318.0 187.0 268.0 188.0 text 0
512.0 87.0 539.0 87.0 538.0 105.0 511.0 106.0 text 0
1056.0 131.0 1079.0 130.0 1077.0 144.0 1055.0 145.0 text 0
449.0 88.0 506.0 86.0 507.0 107.0 449.0 108.0 text 0
842.0 163.0 855.0 163.0 855.0 172.0 842.0 172.0 text 0
877.0 160.0 897.0 159.0 897.0 168.0 877.0 169.0 text 0
566.0 224.0 579.0 224.0 580.0 233.0 566.0 233.0 text 0
574.0 334.0 584.0 334.0 584.0 343.0 575.0 344.0 text 0
490.0 149.0 511.0 153.0 510.0 162.0 489.0 159.0 text 0
443.0 263.0 463.0 263.0 463.0 272.0 443.0 272.0 text 0
497.0 263.0 513.0 263.0 513.0 270.0 497.0 270.0 text 0
526.0 263.0 542.0 262.0 544.0 269.0 527.0 270.0 text 0
412.0 164.0 423.0 164.0 423.0 181.0 412.0 180.0 text 0
577.0 441.0 587.0 441.0 586.0 449.0 577.0 449.0 text 0
