433.0 156.0 793.0 113.0 802.0 175.0 439.0 220.0 text 0
1194.0 220.0 1216.0 217.0 1218.0 228.0 1195.0 231.0 text 0
1216.0 216.0 1235.0 213.0 1236.0 225.0 1217.0 227.0 text 0
1241.0 214.0 1254.0 211.0 1256.0 223.0 1243.0 225.0 text 0
1198.0 235.0 1224.0 230.0 1226.0 242.0 1199.0 246.0 text 0
1227.0 230.0 1257.0 226.0 1257.0 237.0 1227.0 242.0 text 0
1193.0 250.0 1232.0 244.0 1232.0 255.0 1192.0 261.0 text 0
1231.0 243.0 1260.0 239.0 1262.0 253.0 1233.0 256.0 text 0
1259.0 212.0 1279.0 210.0 1279.0 219.0 1260.0 222.0 text 0
1261.0 229.0 1279.0 226.0 1278.0 234.0 1261.0 236.0 text 0
1263.0 242.0 1278.0 239.0 1278.0 247.0 1265.0 251.0 text 0
