123.0 445.0 177.0 433.0 180.0 454.0 126.0 466.0 text 0
302.0 361.0 330.0 355.0 334.0 379.0 306.0 385.0 text 0
566.0 458.0 606.0 447.0 615.0 471.0 575.0 482.0 text 0
621.0 444.0 633.0 462.0 624.0 467.0 612.0 450.0 text 0
625.0 439.0 658.0 420.0 669.0 440.0 636.0 459.0 text 0
933.0 465.0 1025.0 437.0 1030.0 455.0 939.0 483.0 text 0
1086.0 444.0 1182.0 411.0 1198.0 432.0 1102.0 465.0 text 0
722.0 527.0 867.0 483.0 876.0 510.0 731.0 554.0 text 0
491.0 570.0 532.0 560.0 534.0 578.0 494.0 588.0 text 0
488.0 623.0 531.0 613.0 533.0 629.0 489.0 639.0 text 0
180.0 140.0 234.0 134.0 241.0 168.0 186.0 174.0 text 0
301.0 129.0 356.0 119.0 356.0 137.0 301.0 147.0 text 0
720.0 88.0 766.0 75.0 766.0 96.0 720.0 108.0 text 0
1226.0 153.0 1273.0 142.0 1267.0 178.0 1220.0 189.0 text 0
1221.0 126.0 1250.0 119.0 1253.0 140.0 1224.0 147.0 text 0
1141.0 158.0 1205.0 146.0 1203.0 189.0 1139.0 201.0 text 0
810.0 204.0 841.0 201.0 848.0 224.0 817.0 227.0 text 0
818.0 237.0 881.0 221.0 890.0 264.0 827.0 280.0 text 0
1080.0 187.0 1130.0 178.0 1135.0 223.0 1085.0 232.0 text 0
1136.0 130.0 1161.0 127.0 1170.0 154.0 1145.0 157.0 text 0
1081.0 157.0 1108.0 152.0 1113.0 174.0 1086.0 179.0 text 0
634.0 328.0 708.0 307.0 709.0 321.0 635.0 341.0 text 0
467.0 335.0 490.0 330.0 496.0 354.0 473.0 359.0 text 0
394.0 359.0 419.0 352.0 420.0 370.0 395.0 377.0 text 0
228.0 393.0 254.0 389.0 257.0 413.0 231.0 417.0 text 0
49.0 468.0 99.0 455.0 101.0 473.0 51.0 487.0 text 0
60.0 492.0 122.0 476.0 127.0 515.0 65.0 530.0 text 0
750.0 577.0 891.0 538.0 897.0 558.0 756.0 597.0 text 0
321.0 576.0 372.0 565.0 370.0 614.0 318.0 625.0 text 0
201.0 702.0 274.0 674.0 277.0 691.0 204.0 719.0 text 0
1153.0 582.0 1193.0 567.0 1216.0 605.0 1175.0 620.0 text 0
1064.0 626.0 1102.0 606.0 1118.0 642.0 1080.0 662.0 text 0
1121.0 581.0 1142.0 574.0 1155.0 589.0 1134.0 596.0 text 0
1150.0 680.0 1241.0 657.0 1236.0 678.0 1145.0 701.0 text 0
574.0 485.0 645.0 464.0 649.0 477.0 578.0 498.0 text 0
738.0 181.0 761.0 173.0 765.0 180.0 742.0 188.0 text 0
356.0 257.0 381.0 253.0 386.0 270.0 361.0 274.0 text 0
99.0 311.0 121.0 307.0 125.0 323.0 103.0 327.0 text 0
685.0 434.0 712.0 425.0 715.0 438.0 688.0 447.0 text 0
518.0 485.0 541.0 480.0 541.0 491.0 518.0 496.0 text 0
446.0 505.0 466.0 501.0 466.0 512.0 446.0 516.0 text 0
357.0 525.0 379.0 521.0 382.0 538.0 360.0 542.0 text 0
276.0 546.0 305.0 539.0 301.0 555.0 272.0 563.0 text 0
191.0 569.0 217.0 562.0 218.0 574.0 192.0 581.0 text 0
115.0 585.0 141.0 579.0 140.0 595.0 114.0 601.0 text 0
114.0 706.0 155.0 682.0 170.0 694.0 129.0 718.0 text 0
1008.0 551.0 1025.0 545.0 1026.0 557.0 1009.0 564.0 text 0
1147.0 502.0 1170.0 494.0 1173.0 502.0 1150.0 510.0 text 0
