457.0 507.0 533.0 507.0 534.0 550.0 458.0 549.0 text 0
490.0 14.0 558.0 4.0 558.0 32.0 490.0 41.0 text 0
435.0 428.0 547.0 423.0 548.0 462.0 435.0 468.0 text 0
451.0 397.0 526.0 393.0 523.0 423.0 448.0 427.0 text 0
625.0 32.0 688.0 26.0 689.0 54.0 626.0 61.0 text 0
693.0 22.0 855.0 4.0 857.0 33.0 696.0 52.0 text 0
438.0 553.0 554.0 552.0 555.0 606.0 439.0 607.0 text 0
0.0 162.0 22.0 164.0 24.0 203.0 3.0 201.0 text 0
18.0 163.0 39.0 157.0 54.0 217.0 33.0 223.0 text 0
565.0 2.0 636.0 0.0 634.0 20.0 567.0 30.0 text 0
646.0 0.0 764.0 0.0 759.0 4.0 647.0 19.0 text 0
864.0 0.0 951.0 0.0 951.0 19.0 867.0 29.0 text 0
