365.0 359.0 445.0 355.0 446.0 372.0 366.0 377.0 text 0
0.0 554.0 117.0 534.0 119.0 558.0 0.0 588.0 text 0
2.0 632.0 119.0 599.0 126.0 622.0 2.0 661.0 text 0
0.0 591.0 119.0 567.0 120.0 591.0 0.0 624.0 text 0
15.0 684.0 109.0 656.0 112.0 677.0 59.0 696.0 text 0
366.0 396.0 409.0 391.0 408.0 407.0 365.0 411.0 text 0
411.0 393.0 453.0 388.0 453.0 401.0 411.0 407.0 text 0
368.0 418.0 419.0 411.0 419.0 426.0 368.0 432.0 text 0
367.0 441.0 406.0 435.0 407.0 448.0 368.0 454.0 text 0
366.0 465.0 406.0 455.0 406.0 468.0 366.0 478.0 text 0
407.0 453.0 435.0 447.0 435.0 463.0 407.0 469.0 text 0
466.0 385.0 492.0 383.0 489.0 399.0 463.0 401.0 text 0
489.0 387.0 524.0 381.0 524.0 394.0 489.0 399.0 text 0
465.0 405.0 498.0 399.0 500.0 415.0 468.0 421.0 text 0
495.0 399.0 534.0 393.0 537.0 409.0 498.0 416.0 text 0
463.0 422.0 482.0 418.0 483.0 434.0 464.0 439.0 text 0
482.0 422.0 512.0 416.0 515.0 429.0 485.0 435.0 text 0
689.0 341.0 822.0 329.0 823.0 365.0 690.0 378.0 text 0
637.0 155.0 683.0 170.0 682.0 191.0 637.0 180.0 text 0
1080.0 87.0 1141.0 77.0 1146.0 97.0 1084.0 107.0 text 0
42.0 716.0 108.0 688.0 111.0 707.0 90.0 718.0 text 0
