595.0 20.0 641.0 9.0 640.0 40.0 598.0 49.0 text 0
599.0 58.0 639.0 47.0 636.0 74.0 596.0 85.0 text 0
591.0 98.0 630.0 87.0 630.0 117.0 590.0 128.0 text 0
585.0 170.0 622.0 156.0 622.0 182.0 585.0 196.0 text 0
586.0 206.0 622.0 194.0 620.0 219.0 584.0 231.0 text 0
140.0 120.0 169.0 120.0 156.0 238.0 117.0 239.0 text 0
154.0 65.0 173.0 62.0 170.0 119.0 151.0 121.0 text 0
132.0 319.0 301.0 260.0 317.0 290.0 148.0 350.0 text 0
310.0 260.0 404.0 224.0 418.0 251.0 324.0 288.0 text 0
631.0 239.0 712.0 311.0 698.0 318.0 617.0 245.0 text 0
451.0 327.0 485.0 327.0 486.0 342.0 452.0 342.0 text 0
486.0 331.0 532.0 330.0 532.0 341.0 486.0 342.0 text 0
532.0 329.0 556.0 329.0 555.0 342.0 531.0 342.0 text 0
558.0 330.0 576.0 329.0 575.0 340.0 557.0 342.0 text 0
576.0 329.0 611.0 328.0 610.0 342.0 575.0 343.0 text 0
254.0 351.0 310.0 351.0 309.0 366.0 253.0 366.0 text 0
313.0 350.0 331.0 351.0 332.0 366.0 314.0 365.0 text 0
333.0 350.0 385.0 348.0 384.0 365.0 332.0 367.0 text 0
383.0 347.0 445.0 347.0 445.0 367.0 383.0 367.0 text 0
446.0 351.0 499.0 350.0 498.0 366.0 445.0 368.0 text 0
499.0 347.0 564.0 348.0 562.0 368.0 498.0 367.0 text 0
566.0 350.0 582.0 349.0 581.0 363.0 565.0 365.0 text 0
583.0 350.0 633.0 349.0 632.0 362.0 582.0 364.0 text 0
635.0 348.0 726.0 348.0 724.0 364.0 633.0 364.0 text 0
359.0 370.0 407.0 369.0 407.0 386.0 359.0 387.0 text 0
408.0 371.0 485.0 369.0 483.0 388.0 406.0 389.0 text 0
484.0 371.0 560.0 371.0 560.0 389.0 484.0 389.0 text 0
559.0 370.0 579.0 372.0 579.0 389.0 559.0 387.0 text 0
575.0 369.0 622.0 370.0 624.0 387.0 577.0 386.0 text 0
622.0 369.0 639.0 369.0 638.0 388.0 621.0 387.0 text 0
330.0 396.0 387.0 394.0 387.0 409.0 330.0 410.0 text 0
388.0 394.0 408.0 393.0 407.0 409.0 387.0 409.0 text 0
406.0 393.0 438.0 392.0 440.0 410.0 409.0 411.0 text 0
441.0 393.0 464.0 394.0 466.0 411.0 443.0 410.0 text 0
469.0 395.0 495.0 394.0 493.0 409.0 468.0 410.0 text 0
495.0 393.0 524.0 393.0 525.0 410.0 496.0 410.0 text 0
528.0 392.0 558.0 392.0 555.0 409.0 525.0 409.0 text 0
220.0 478.0 271.0 479.0 270.0 497.0 219.0 496.0 text 0
580.0 478.0 610.0 477.0 610.0 490.0 580.0 491.0 text 0
611.0 475.0 645.0 476.0 643.0 493.0 610.0 492.0 text 0
744.0 468.0 959.0 468.0 963.0 528.0 742.0 524.0 text 0
181.0 120.0 201.0 121.0 201.0 128.0 181.0 127.0 text 0
175.0 169.0 196.0 169.0 195.0 182.0 175.0 182.0 text 0
164.0 39.0 181.0 39.0 181.0 60.0 163.0 60.0 text 0
886.0 46.0 905.0 46.0 904.0 53.0 886.0 53.0 text 0
600.0 0.0 644.0 0.0 644.0 3.0 599.0 13.0 text 0
