479.0 194.0 508.0 194.0 511.0 216.0 482.0 216.0 text 0
371.0 196.0 418.0 196.0 417.0 220.0 370.0 221.0 text 0
358.0 29.0 375.0 31.0 376.0 56.0 358.0 54.0 text 0
376.0 33.0 456.0 34.0 456.0 57.0 376.0 56.0 text 0
471.0 35.0 497.0 36.0 498.0 56.0 472.0 55.0 text 0
296.0 30.0 357.0 29.0 358.0 56.0 298.0 58.0 text 0
222.0 58.0 325.0 60.0 326.0 87.0 223.0 85.0 text 0
253.0 28.0 292.0 30.0 292.0 57.0 253.0 55.0 text 0
327.0 59.0 349.0 59.0 346.0 84.0 324.0 85.0 text 0
344.0 59.0 363.0 59.0 365.0 84.0 346.0 84.0 text 0
363.0 58.0 381.0 58.0 380.0 83.0 363.0 83.0 text 0
383.0 57.0 458.0 59.0 456.0 86.0 381.0 84.0 text 0
473.0 59.0 503.0 59.0 503.0 84.0 473.0 83.0 text 0
235.0 84.0 276.0 85.0 276.0 113.0 234.0 112.0 text 0
283.0 87.0 365.0 86.0 366.0 112.0 283.0 113.0 text 0
365.0 87.0 381.0 86.0 381.0 109.0 366.0 110.0 text 0
379.0 86.0 456.0 86.0 461.0 114.0 385.0 114.0 text 0
479.0 85.0 504.0 84.0 501.0 110.0 476.0 111.0 text 0
234.0 115.0 280.0 114.0 278.0 137.0 232.0 138.0 text 0
280.0 114.0 366.0 116.0 366.0 140.0 280.0 139.0 text 0
361.0 114.0 382.0 112.0 383.0 136.0 363.0 137.0 text 0
382.0 114.0 459.0 114.0 460.0 138.0 383.0 138.0 text 0
477.0 114.0 503.0 112.0 502.0 136.0 476.0 138.0 text 0
307.0 144.0 409.0 140.0 406.0 166.0 304.0 169.0 text 0
408.0 140.0 463.0 137.0 462.0 161.0 408.0 164.0 text 0
480.0 140.0 502.0 140.0 503.0 165.0 481.0 165.0 text 0
286.0 171.0 358.0 170.0 358.0 193.0 286.0 194.0 text 0
354.0 171.0 374.0 171.0 375.0 194.0 355.0 194.0 text 0
376.0 168.0 416.0 166.0 413.0 193.0 373.0 194.0 text 0
419.0 166.0 461.0 165.0 461.0 192.0 419.0 194.0 text 0
475.0 168.0 506.0 169.0 508.0 190.0 476.0 189.0 text 0
417.0 195.0 467.0 194.0 466.0 221.0 416.0 223.0 text 0
736.0 19.0 766.0 18.0 767.0 38.0 737.0 38.0 text 0
738.0 41.0 766.0 41.0 766.0 62.0 738.0 61.0 text 0
739.0 65.0 771.0 65.0 772.0 84.0 741.0 83.0 text 0
743.0 91.0 764.0 90.0 764.0 109.0 742.0 109.0 text 0
746.0 112.0 765.0 112.0 766.0 132.0 747.0 133.0 text 0
747.0 138.0 766.0 136.0 765.0 155.0 746.0 157.0 text 0
747.0 169.0 795.0 167.0 795.0 185.0 748.0 187.0 text 0
796.0 167.0 814.0 166.0 813.0 184.0 794.0 185.0 text 0
814.0 164.0 832.0 164.0 832.0 183.0 814.0 183.0 text 0
832.0 166.0 874.0 165.0 876.0 182.0 833.0 182.0 text 0
750.0 189.0 797.0 188.0 796.0 205.0 748.0 206.0 text 0
797.0 186.0 848.0 183.0 847.0 201.0 796.0 204.0 text 0
849.0 186.0 863.0 184.0 864.0 201.0 850.0 203.0 text 0
865.0 184.0 898.0 182.0 898.0 200.0 865.0 201.0 text 0
900.0 184.0 912.0 183.0 912.0 197.0 901.0 198.0 text 0
771.0 19.0 810.0 19.0 810.0 39.0 771.0 39.0 text 0
811.0 20.0 864.0 19.0 864.0 39.0 812.0 40.0 text 0
775.0 42.0 811.0 42.0 810.0 62.0 774.0 62.0 text 0
812.0 42.0 866.0 43.0 867.0 62.0 812.0 61.0 text 0
776.0 91.0 840.0 91.0 842.0 108.0 778.0 108.0 text 0
780.0 114.0 850.0 112.0 852.0 130.0 781.0 132.0 text 0
853.0 111.0 861.0 112.0 861.0 129.0 853.0 128.0 text 0
864.0 112.0 918.0 112.0 919.0 131.0 866.0 130.0 text 0
781.0 136.0 853.0 135.0 854.0 154.0 782.0 156.0 text 0
856.0 135.0 863.0 135.0 865.0 153.0 858.0 154.0 text 0
864.0 135.0 921.0 136.0 922.0 155.0 865.0 154.0 text 0
251.0 4.0 292.0 6.0 292.0 26.0 252.0 24.0 text 0
299.0 5.0 356.0 5.0 356.0 26.0 299.0 26.0 text 0
361.0 6.0 373.0 6.0 373.0 26.0 361.0 26.0 text 0
375.0 5.0 450.0 6.0 452.0 30.0 377.0 29.0 text 0
