1140.0 465.0 1173.0 466.0 1174.0 513.0 1142.0 503.0 text 0
862.0 293.0 884.0 293.0 887.0 308.0 862.0 310.0 text 0
1220.0 183.0 1235.0 180.0 1243.0 205.0 1222.0 209.0 text 0
1040.0 311.0 1074.0 308.0 1082.0 351.0 1043.0 349.0 text 0
1053.0 345.0 1127.0 334.0 1138.0 427.0 1060.0 424.0 text 0
1155.0 199.0 1216.0 184.0 1218.0 209.0 1157.0 223.0 text 0
1128.0 332.0 1178.0 333.0 1180.0 371.0 1131.0 369.0 text 0
1146.0 146.0 1201.0 132.0 1204.0 187.0 1151.0 199.0 text 0
1135.0 375.0 1183.0 377.0 1183.0 421.0 1134.0 416.0 text 0
1089.0 424.0 1140.0 428.0 1138.0 457.0 1091.0 451.0 text 0
1135.0 417.0 1171.0 422.0 1171.0 460.0 1141.0 456.0 text 0
1144.0 554.0 1187.0 565.0 1184.0 605.0 1147.0 590.0 text 0
1143.0 510.0 1182.0 514.0 1179.0 555.0 1146.0 549.0 text 0
1151.0 600.0 1196.0 617.0 1199.0 659.0 1153.0 636.0 text 0
847.0 297.0 864.0 296.0 865.0 310.0 848.0 312.0 text 0
887.0 294.0 909.0 288.0 912.0 306.0 885.0 306.0 text 0
913.0 289.0 957.0 283.0 960.0 301.0 911.0 304.0 text 0
740.0 279.0 757.0 276.0 757.0 295.0 740.0 300.0 text 0
826.0 327.0 847.0 326.0 849.0 352.0 829.0 351.0 text 0
836.0 351.0 849.0 348.0 851.0 396.0 832.0 394.0 text 0
947.0 467.0 967.0 476.0 964.0 488.0 943.0 482.0 text 0
927.0 462.0 950.0 469.0 947.0 482.0 926.0 479.0 text 0
346.0 462.0 374.0 464.0 372.0 476.0 343.0 476.0 text 0
843.0 272.0 874.0 267.0 875.0 277.0 845.0 285.0 text 0
347.0 442.0 370.0 443.0 369.0 460.0 348.0 460.0 text 0
366.0 264.0 511.0 264.0 511.0 295.0 366.0 295.0 text 0
