756.0 105.0 993.0 99.0 988.0 169.0 747.0 175.0 text 0
979.0 307.0 1063.0 313.0 1062.0 346.0 972.0 337.0 text 0
935.0 279.0 1019.0 286.0 1015.0 312.0 931.0 307.0 text 0
888.0 302.0 960.0 307.0 962.0 332.0 894.0 326.0 text 0
962.0 305.0 979.0 307.0 977.0 334.0 960.0 333.0 text 0
498.0 130.0 685.0 120.0 687.0 182.0 498.0 184.0 text 0
918.0 363.0 1030.0 377.0 1023.0 405.0 913.0 389.0 text 0
906.0 408.0 1043.0 423.0 1037.0 465.0 900.0 440.0 text 0
902.0 464.0 1040.0 486.0 1041.0 532.0 898.0 500.0 text 0
896.0 575.0 1037.0 612.0 1040.0 640.0 896.0 595.0 text 0
916.0 614.0 1010.0 644.0 1009.0 652.0 914.0 623.0 text 0
