793.0 221.0 847.0 248.0 846.0 273.0 787.0 252.0 text 0
675.0 207.0 700.0 216.0 706.0 235.0 675.0 235.0 text 0
622.0 136.0 714.0 175.0 709.0 219.0 616.0 187.0 text 0
628.0 194.0 653.0 201.0 650.0 224.0 626.0 217.0 text 0
651.0 200.0 676.0 206.0 676.0 235.0 649.0 225.0 text 0
62.0 116.0 335.0 120.0 326.0 192.0 49.0 177.0 text 0
490.0 156.0 600.0 159.0 602.0 196.0 479.0 189.0 text 0
716.0 200.0 773.0 218.0 768.0 243.0 709.0 228.0 text 0
451.0 579.0 482.0 588.0 479.0 602.0 450.0 600.0 text 0
449.0 595.0 491.0 601.0 489.0 621.0 443.0 615.0 text 0
888.0 611.0 951.0 618.0 958.0 668.0 903.0 658.0 text 0
428.0 140.0 492.0 146.0 476.0 200.0 423.0 191.0 text 0
38.0 223.0 69.0 235.0 71.0 251.0 37.0 247.0 text 0
909.0 186.0 934.0 178.0 940.0 212.0 906.0 225.0 text 0
